2 0.14791666666666667 0.7591666666666667 0.29583333333333334 0.4025
2 0.9776041666666667 0.8908333333333334 0.04479166666666667 0.21833333333333332
2 0.6043229166666666 0.6380833333333333 0.3330208333333334 0.2628333333333334
2 0.47229166666666667 0.5398333333333333 0.04104166666666664 0.04466666666666669
5 0.46067708333333335 0.5099166666666668 0.043229166666666666 0.08083333333333333
2 0.29583333333333334 0.605 0.14166666666666666 0.145
6 0.48774361559139784 0.38594758064516127 0.0067708333333333336 0.030040322580645172
6 0.41848958333333336 0.3805 0.005729166666666666 0.02566666666666663
2 0.41338541666666667 0.5349166666666666 0.018437500000000048 0.03649999999999996
2 0.4234375 0.5329166666666667 0.014583333333333334 0.029166666666666667
2 0.50078125 0.5279166666666667 0.025520833333333333 0.029166666666666667
2 0.4265104166666667 0.5291666666666667 0.01864583333333337 0.03
2 0.437818287037037 0.5283333333333333 0.0078125 0.02666666666666667
2 0.43463541666666666 0.5276666666666667 0.009895833333333333 0.02666666666666667
6 0.6666666666666666 0.4320833333333333 0.009375 0.04416666666666667
6 0.5940104166666667 0.46416666666666667 0.0067708333333333336 0.028333333333333332
6 0.32057291666666665 0.4537962962962963 0.0067708333333333336 0.02759259259259257
2 0.5225818452380951 0.5289880952380952 0.032663690476190395 0.027976190476190464
2 0.5311458333333333 0.514 0.02354166666666669 0.014333333333333372
2 0.3958333333333333 0.5395833333333333 0.036458333333333336 0.04083333333333333
0 0.36328125 0.5210833333333333 0.007604166666666678 0.020833333333333332
0 0.27359374999999997 0.5253333333333334 0.013854166666666678 0.020666666666666722
2 0.115625 0.5458333333333333 0.21770833333333334 0.07
6 0.23125 0.42125 0.009375 0.0425
2 0.75046875 0.54375 0.10531250000000002 0.07083333333333333
6 0.17244791666666667 0.44883333333333336 0.00927083333333331 0.028999999999999963
0 0.28875000000000006 0.52725 0.011875000000000035 0.012166666666666685
2 0.8161458333333333 0.5520833333333334 0.027083333333333334 0.0475
6 0.1453125 0.4345833333333333 0.014583333333333334 0.0375
0 0.37135416666666665 0.5316666666666666 0.007291666666666667 0.03666666666666667
0 0.5168750000000001 0.5259166666666668 0.010833333333333368 0.022166666666666685
6 0.6190104166666667 0.36625 0.011979166666666667 0.034166666666666665
