2 0.14631076388888886 0.7545833333333334 0.2926215277777777 0.39916666666666667
2 0.9782291666666667 0.8908333333333334 0.04354166666666662 0.21833333333333332
2 0.6983854166666668 0.6598333333333333 0.3959375 0.3103333333333334
2 0.48265625 0.5439166666666667 0.04760416666666671 0.059166666666666666
5 0.46067708333333335 0.5058333333333334 0.043229166666666666 0.085
2 0.2911458333333333 0.60375 0.14479166666666668 0.14916666666666667
6 0.48802083333333335 0.37958333333333333 0.00625 0.025833333333333333
6 0.4186053240740741 0.3778240740740741 0.005497685185185119 0.02546296296296295
2 0.41380208333333335 0.5295833333333333 0.018229166666666668 0.035833333333333335
2 0.4234375 0.5290833333333332 0.014583333333333334 0.029166666666666667
2 0.5026041666666666 0.5258333333333334 0.023958333333333335 0.035
2 0.4263541666666667 0.5263333333333332 0.019583333333333404 0.03033333333333322
2 0.43984375 0.5233333333333333 0.008854166666666666 0.025
2 0.43515625 0.52375 0.009895833333333333 0.0275
0 0.59140625 0.51875 0.0109375 0.0375
0 0.5635416666666667 0.5341666666666667 0.015625 0.056666666666666664
6 0.6671875 0.4266666666666667 0.009375 0.045
6 0.5940104166666667 0.45983333333333337 0.0067708333333333336 0.028333333333333332
6 0.32057291666666665 0.45018518518518513 0.0067708333333333336 0.02666666666666667
2 0.5307291666666667 0.5316666666666666 0.03854166666666667 0.041666666666666664
2 0.5322916666666667 0.51 0.027083333333333334 0.016666666666666666
2 0.39557291666666666 0.5354166666666667 0.0359375 0.03916666666666667
0 0.35739583333333336 0.5254166666666665 0.007291666666666667 0.04116666666666655
0 0.2839583333333334 0.52 0.01416666666666669 0.02
2 0.11421875000000001 0.5413333333333333 0.21489583333333334 0.07
6 0.23125 0.4173333333333333 0.009375 0.041666666666666664
0 0.5690104166666666 0.5254166666666666 0.0036458333333333334 0.03916666666666667
0 0.55859375 0.5270833333333333 0.0046875 0.034166666666666665
6 0.17213541666666668 0.4454166666666667 0.008854166666666666 0.0275
0 0.30364583333333334 0.5204166666666666 0.010416666666666666 0.014166666666666666
2 0.8243055555555556 0.5306944444444445 0.011458333333333333 0.0125
6 0.14536458333333332 0.4289166666666667 0.014270833333333321 0.032166666666666684
0 0.3759895833333334 0.5229166666666667 0.006562500000000012 0.0275
6 0.6190104166666667 0.36125 0.011979166666666667 0.034166666666666665
