5 0.42473958333333334 0.5333333333333333 0.06927083333333334 0.09166666666666666
2 0.86640625 0.5283333333333333 0.1203125 0.08166666666666667
2 0.7401041666666667 0.6329166666666667 0.21770833333333334 0.1975
2 0.5013020833333333 0.5242500000000001 0.02802083333333331 0.037833333333333406
2 0.45890625 0.5306666666666666 0.017812500000000023 0.046333333333333254
2 0.633125 0.5679166666666666 0.09187500000000005 0.11783333333333332
5 0.48130208333333335 0.49950000000000006 0.06197916666666667 0.06233333333333339
0 0.1765625 0.5266666666666666 0.010416666666666666 0.018333333333333333
2 0.5266145833333334 0.5134166666666667 0.016354166666666715 0.02283333333333341
2 0.5150520833333333 0.5101666666666667 0.004270833333333357 0.02066666666666663
2 0.5391666666666667 0.5248333333333333 0.03312499999999995 0.05133333333333326
2 0.5682291666666667 0.52875 0.04208333333333343 0.06183333333333337
2 0.6086979166666666 0.5036666666666667 0.015729166666666572 0.011666666666666667
2 0.5720312500000001 0.5444166666666668 0.02677083333333326 0.059166666666666666
2 0.5946875000000001 0.552 0.03916666666666669 0.08433333333333327
2 0.9778645833333334 0.4995833333333333 0.044270833333333336 0.06416666666666666
2 0.3950000000000001 0.5090833333333333 0.013124999999999965 0.010833333333333334
2 0.3667708333333334 0.5361666666666668 0.05145833333333337 0.06433333333333327
2 0.3378645833333333 0.5480833333333334 0.05302083333333331 0.07383333333333325
2 0.29213541666666665 0.56175 0.0811458333333333 0.0971666666666666
2 0.21088541666666666 0.59325 0.14468749999999997 0.13050000000000003
