2 0.14817708333333332 0.7654166666666666 0.29635416666666664 0.4125
2 0.9776041666666667 0.8898333333333333 0.04479166666666667 0.2203333333333334
2 0.6461979166666666 0.6507499999999999 0.37072916666666667 0.2854999999999999
2 0.4760416666666666 0.5419166666666666 0.043124999999999976 0.048833333333333256
5 0.46067708333333335 0.5096875 0.043229166666666666 0.08479166666666667
2 0.2916666666666667 0.605 0.14583333333333334 0.145
6 0.48802083333333335 0.38375 0.00625 0.025833333333333333
6 0.41848958333333336 0.38158333333333333 0.005729166666666666 0.02649999999999996
2 0.4133333333333333 0.5345833333333333 0.019270833333333334 0.035833333333333335
2 0.4234375 0.5329166666666667 0.014583333333333334 0.029166666666666667
2 0.5018229166666667 0.5275 0.025520833333333333 0.028333333333333332
2 0.42630208333333336 0.5291666666666667 0.018229166666666668 0.03
2 0.4388020833333333 0.52875 0.0078125 0.025833333333333333
2 0.43463541666666666 0.5283333333333333 0.009895833333333333 0.02666666666666667
6 0.6666666666666666 0.4320833333333333 0.009375 0.04416666666666667
6 0.5940104166666667 0.46416666666666667 0.0067708333333333336 0.028333333333333332
6 0.32057291666666665 0.45416666666666666 0.0067708333333333336 0.028333333333333332
2 0.528125 0.5354166666666667 0.04375 0.04083333333333333
2 0.5322916666666667 0.5148958333333333 0.026041666666666668 0.016458333333333332
2 0.3958333333333333 0.5395833333333333 0.036458333333333336 0.04083333333333333
0 0.36200520833333333 0.5204166666666666 0.009322916666666655 0.019333333333333372
0 0.27817708333333335 0.52425 0.015104166666666667 0.02
2 0.115625 0.5458333333333333 0.21770833333333334 0.07
6 0.23125 0.42125 0.009375 0.0425
2 0.75234375 0.5445833333333333 0.10052083333333334 0.0675
0 0.5598958333333334 0.5208333333333334 0.007291666666666667 0.018333333333333333
6 0.172421875 0.44954166666666673 0.009322916666666655 0.02758333333333326
0 0.29226562500000003 0.52625 0.010989583333333346 0.014166666666666666
2 0.8161458333333333 0.5520833333333334 0.027083333333333334 0.0475
6 0.14583333333333334 0.4345833333333333 0.013541666666666667 0.035833333333333335
0 0.371875 0.5304166666666666 0.007291666666666667 0.0375
0 0.5197916666666667 0.53625 0.008333333333333333 0.035833333333333335
6 0.6190104166666667 0.36625 0.011979166666666667 0.034166666666666665
