2 0.15229166666666666 0.718 0.3045833333333333 0.3446666666666668
2 0.9497916666666666 0.8580833333333334 0.10041666666666664 0.2838333333333333
2 0.6907291666666667 0.6430833333333332 0.3689583333333334 0.28616666666666657
2 0.4861458333333334 0.5451666666666667 0.05291666666666668 0.06900000000000006
5 0.4627604166666667 0.5016666666666667 0.0453125 0.08333333333333333
2 0.30234375 0.5945833333333334 0.13489583333333333 0.1425
6 0.4890625 0.3770833333333333 0.00625 0.025833333333333333
6 0.4206101190476191 0.37392857142857144 0.004910714285714353 0.02547619047619046
2 0.4161458333333333 0.5241666666666667 0.01875 0.035
2 0.425 0.5235416666666667 0.015625 0.029583333333333333
2 0.5035416666666667 0.5218750000000001 0.0234375 0.03475000000000004
2 0.4267129629629629 0.5207870370370371 0.0201157407407407 0.029500000000000075
2 0.4393229166666667 0.51875 0.008854166666666666 0.025833333333333333
2 0.4354166666666667 0.5191666666666667 0.009375 0.02666666666666667
0 0.5596354166666667 0.52625 0.013020833333333334 0.06416666666666666
0 0.5333333333333333 0.5283333333333333 0.01875 0.055
6 0.6645833333333333 0.4225 0.009375 0.04
6 0.59375 0.4558333333333333 0.007291666666666667 0.02666666666666667
6 0.3230729166666667 0.44587499999999997 0.0067708333333333336 0.02608333333333339
2 0.53203125 0.5270833333333333 0.03802083333333333 0.0425
2 0.5325520833333334 0.5058333333333334 0.0265625 0.015
2 0.39739583333333334 0.53 0.035416666666666666 0.04
0 0.355546875 0.5203333333333332 0.008489583333333309 0.040499999999999925
0 0.29518229166666665 0.5139583333333334 0.011510416666666618 0.018916666666666703
2 0.12166666666666667 0.5311666666666667 0.19437500000000002 0.06399999999999996
6 0.23773437499999997 0.41375 0.008177083333333328 0.04083333333333333
0 0.5671875 0.5204166666666666 0.007291666666666667 0.03916666666666667
6 0.17786458333333333 0.44099999999999995 0.008854166666666666 0.0275
0 0.3133463541666667 0.5158333333333334 0.01171875 0.014166666666666666
0 0.5946354166666669 0.5066666666666667 0.007187500000000095 0.020666666666666722
6 0.15432291666666667 0.425 0.011666666666666655 0.03166666666666667
0 0.380078125 0.515625 0.00703125 0.024583333333333332
6 0.6182291666666667 0.36 0.011979166666666667 0.034166666666666665
