5 0.46848958333333335 0.5195833333333333 0.03802083333333333 0.0525
2 0.09765625 0.5433333333333333 0.1453125 0.11833333333333333
2 0.6263020833333334 0.5616666666666666 0.09947916666666666 0.125
2 0.2981770833333333 0.5634999999999999 0.1046875 0.1026666666666667
2 0.34817708333333336 0.5466666666666666 0.05572916666666667 0.07833333333333334
0 0.8298611111111112 0.5677777777777778 0.028125 0.14277777777777773
0 0.79765625 0.57125 0.03697916666666667 0.1475
2 0.37994791666666666 0.54125 0.04114583333333333 0.049166666666666664
2 0.5557291666666667 0.5266666666666666 0.029166666666666667 0.03833333333333333
2 0.5788541666666666 0.5424166666666667 0.030416666666666713 0.08350000000000003
2 0.5078124999999999 0.5149166666666667 0.017083333333333308 0.020833333333333332
2 0.48557291666666663 0.5165000000000001 0.009687499999999953 0.02433333333333337
2 0.5489583333333333 0.5225000000000001 0.021875 0.03433333333333337
5 0.4370833333333334 0.495 0.03250000000000005 0.021666666666666667
0 0.3986458333333333 0.5218333333333334 0.009791666666666643 0.02966666666666659
2 0.49015624999999996 0.5095833333333334 0.01906249999999995 0.02183333333333337
2 0.51390625 0.5079999999999999 0.010312499999999976 0.015
2 0.5260416666666667 0.5139166666666666 0.01416666666666669 0.024833333333333294
2 0.5398958333333332 0.5146666666666666 0.017083333333333308 0.028333333333333332
2 0.728125 0.5041666666666667 0.015625 0.018333333333333333
2 0.44468749999999996 0.5185 0.010416666666666666 0.03066666666666663
2 0.42994791666666665 0.5229166666666666 0.02364583333333338 0.03483333333333329
2 0.4198784722222222 0.5281944444444445 0.02934027777777774 0.03638888888888895
