2 0.9041666666666667 0.83375 0.19166666666666668 0.3325
5 0.153125 0.7141666666666666 0.30625 0.5716666666666667
2 0.34661458333333334 0.5916666666666667 0.12239583333333333 0.135
2 0.7666666666666667 0.6158333333333333 0.2520833333333333 0.2866666666666667
2 0.6094270833333334 0.5710833333333333 0.1486458333333334 0.1428333333333334
2 0.49890625000000005 0.5435833333333333 0.05031250000000001 0.06383333333333335
5 0.4866666666666667 0.49916666666666665 0.04583333333333333 0.07799999999999993
2 0.38958333333333334 0.5595833333333333 0.06666666666666667 0.0875
6 0.5005208333333333 0.39958333333333335 0.005208333333333333 0.020833333333333332
6 0.44375 0.39716666666666667 0.005000000000000012 0.021333333333333353
2 0.4360416666666667 0.5225833333333334 0.014791666666666713 0.030166666666666706
2 0.4423958333333333 0.5219999999999999 0.012708333333333263 0.02666666666666667
2 0.5161979166666666 0.5190833333333332 0.014270833333333262 0.029166666666666667
2 0.4432291666666667 0.5191666666666667 0.015625 0.02666666666666667
2 0.4544270833333333 0.5179166666666667 0.0078125 0.024166666666666666
2 0.4591145833333333 0.5179166666666667 0.0078125 0.024166666666666666
2 0.4503472222222222 0.5184722222222223 0.005902777777777739 0.025833333333333333
0 0.48385416666666664 0.5095833333333334 0.008333333333333333 0.0275
0 0.46536458333333336 0.5241666666666667 0.011979166666666667 0.04666666666666667
6 0.6340277777777779 0.4418055555555555 0.008680555555555476 0.031388888888888904
6 0.5871354166666667 0.4646666666666667 0.005520833333333286 0.022666666666666703
6 0.3637152777777778 0.45638888888888896 0.005208333333333333 0.022222222222222286
2 0.5389583333333333 0.5238333333333334 0.02854166666666676 0.03600000000000004
2 0.5380208333333333 0.5058333333333334 0.022916666666666665 0.015
2 0.5252604166666667 0.52 0.009895833333333333 0.023333333333333334
2 0.42161458333333335 0.52625 0.028645833333333332 0.030833333333333334
0 0.3822395833333333 0.5085 0.007395833333333357 0.015666666666666627
0 0.3475520833333334 0.5146666666666667 0.010520833333333358 0.01966666666666678
2 0.2803125 0.53375 0.0745833333333333 0.06616666666666665
6 0.31268601190476186 0.4373809523809524 0.005133928571428589 0.029047619047619076
0 0.5648958333333333 0.51825 0.006458333333333262 0.027833333333333408
2 0.6828125 0.51125 0.030208333333333334 0.019166666666666665
0 0.5596354166666667 0.5175 0.005729166666666666 0.03166666666666667
6 0.24739583333333334 0.455 0.007291666666666667 0.023333333333333334
6 0.24505208333333334 0.44583333333333336 0.005729166666666666 0.021666666666666667
6 0.6036458333333333 0.38916666666666666 0.009375 0.02666666666666667
