5 0.4166666666666667 0.5379166666666667 0.07708333333333334 0.1025
2 0.9268229166666667 0.5345833333333333 0.14635416666666667 0.09916666666666667
2 0.83984375 0.7054166666666667 0.3203125 0.31083333333333335
2 0.5013020833333333 0.5267500000000002 0.030104166666666644 0.03950000000000008
2 0.45526041666666667 0.5339999999999999 0.020937500000000022 0.05299999999999992
2 0.6721354166666667 0.5853333333333334 0.13447916666666657 0.14833333333333334
5 0.4864583333333333 0.4995833333333333 0.058333333333333334 0.06416666666666666
2 0.5286979166666668 0.5140833333333333 0.01739583333333338 0.023166666666666627
2 0.5432812499999999 0.527 0.036770833333333405 0.05566666666666663
2 0.5757291666666667 0.5317500000000002 0.04791666666666667 0.06950000000000008
2 0.6160937499999999 0.5040833333333333 0.018437500000000048 0.013166666666666629
2 0.5819270833333334 0.5504166666666667 0.03447916666666669 0.06716666666666668
2 0.6142708333333334 0.5606666666666668 0.05604166666666674 0.1
2 0.38484375000000004 0.5099166666666667 0.010312500000000035 0.010833333333333334
2 0.349375 0.5418333333333334 0.05645833333333332 0.07300000000000002
2 0.311875 0.5554166666666668 0.0702083333333333 0.08516666666666671
2 0.25125000000000003 0.5741666666666667 0.10708333333333335 0.11633333333333336
2 0.1284722222222222 0.6215277777777777 0.21041666666666667 0.17194444444444448
