5 0.07942708333333333 0.7620833333333333 0.15885416666666666 0.47583333333333333
2 0.2713541666666667 0.6204166666666666 0.20833333333333334 0.1975
2 0.8484375 0.72 0.303125 0.4716666666666667
2 0.6359375 0.585 0.225 0.185
2 0.49453125 0.5391666666666667 0.0546875 0.07
5 0.4778645833333333 0.49291666666666667 0.04635416666666667 0.08083333333333333
2 0.3611979166666667 0.5641666666666667 0.08489583333333334 0.10666666666666667
6 0.49661458333333336 0.38208333333333333 0.005729166666666666 0.0225
6 0.43528645833333335 0.3811805555555555 0.005121527777777798 0.022638888888888906
2 0.428125 0.5166666666666667 0.015625 0.03166666666666667
2 0.4361979166666667 0.5141666666666667 0.013020833333333334 0.02666666666666667
2 0.5109375 0.5125 0.021875 0.03166666666666667
2 0.43776041666666665 0.5133333333333333 0.0171875 0.028333333333333332
2 0.44947916666666665 0.5104166666666666 0.008333333333333333 0.024166666666666666
2 0.453125 0.5095833333333334 0.007291666666666667 0.025833333333333333
2 0.4453125 0.5104166666666666 0.008333333333333333 0.025833333333333333
0 0.50625 0.49833333333333335 0.008333333333333333 0.018333333333333333
0 0.48333333333333334 0.4995833333333333 0.009375 0.0125
6 0.6471354166666666 0.42625 0.008854166666666666 0.035833333333333335
6 0.590625 0.45125 0.00625 0.0225
6 0.34817708333333336 0.44375 0.005729166666666666 0.024166666666666666
2 0.53828125 0.5166666666666667 0.030729166666666665 0.03833333333333333
2 0.5361979166666667 0.49833333333333335 0.025520833333333333 0.015
2 0.5236979166666667 0.5120833333333333 0.0109375 0.025833333333333333
2 0.4119791666666667 0.52 0.03229166666666667 0.035
0 0.37161458333333336 0.5025 0.0078125 0.018333333333333333
0 0.32838541666666665 0.50625 0.0109375 0.0175
2 0.21692708333333333 0.5429166666666667 0.1203125 0.0975
6 0.28411458333333334 0.4200694444444444 0.006944444444444464 0.03541666666666662
0 0.56640625 0.5129166666666667 0.008854166666666666 0.035833333333333335
2 0.721875 0.5241666666666667 0.0875 0.056666666666666664
0 0.5572916666666666 0.5133333333333333 0.005208333333333333 0.028333333333333332
2 0.09375 0.6045833333333334 0.165625 0.1325
6 0.208203125 0.4295833333333333 0.008072916666666667 0.02666666666666667
6 0.61015625 0.37041666666666667 0.010416666666666666 0.028333333333333332
