2 0.8885416666666667 0.7808333333333334 0.22291666666666668 0.43833333333333335
2 0.06744791666666666 0.64375 0.13489583333333333 0.22583333333333333
2 0.74296875 0.6433333333333333 0.20989583333333334 0.18166666666666667
2 0.165625 0.5891666666666666 0.14375 0.155
5 0.29192708333333334 0.5929166666666666 0.22447916666666667 0.23583333333333334
2 0.41328125 0.5641666666666667 0.05364583333333333 0.08666666666666667
2 0.6488020833333333 0.5654999999999999 0.11322916666666671 0.15033333333333332
2 0.57734375 0.5520833333333334 0.08072916666666667 0.09583333333333334
2 0.501875 0.5403333333333334 0.043333333333333356 0.056666666666666664
5 0.49765625 0.5001666666666668 0.038854166666666676 0.07
2 0.42239583333333336 0.5445833333333333 0.04479166666666667 0.0575
6 0.5031684027777777 0.4152777777777778 0.004253472222222203 0.018611111111111096
6 0.4542968750000001 0.41458333333333336 0.004427083333333392 0.01916666666666662
2 0.44817708333333334 0.52625 0.005729166666666666 0.024166666666666666
2 0.5192708333333333 0.5195833333333333 0.007291666666666667 0.0275
2 0.4526475694444444 0.5211111111111111 0.010850694444444465 0.024444444444444477
2 0.46041666666666664 0.52 0.00625 0.021666666666666667
2 0.47421875 0.5183333333333333 0.011979166666666667 0.03333333333333333
2 0.46380208333333334 0.5179166666666667 0.0078125 0.0225
2 0.4583333333333333 0.5204166666666666 0.00625 0.020833333333333332
0 0.45234375 0.5233333333333333 0.013020833333333334 0.043333333333333335
0 0.44296875 0.5241666666666667 0.009895833333333333 0.04
6 0.6130208333333333 0.45541666666666647 0.007812499999999881 0.024999999999999904
6 0.5770833333333333 0.47208333333333335 0.004166666666666667 0.0175
6 0.38619791666666664 0.4658333333333333 0.0046875 0.02
2 0.5373697916666667 0.5235416666666667 0.024739583333333332 0.0312500000000001
2 0.53671875 0.50875 0.0203125 0.014166666666666666
2 0.5260091145833333 0.5192708333333333 0.008138020833333334 0.020833333333333332
2 0.43255208333333334 0.5241666666666667 0.019270833333333334 0.025
6 0.29322916666666665 0.460625 0.0036458333333333334 0.015416666666666667
6 0.589453125 0.4089583333333333 0.00703125 0.022083333333333333
