2 0.14852430555555554 0.7478472222222222 0.2970486111111111 0.39513888888888893
2 0.9711979166666667 0.8770833333333333 0.057604166666666616 0.24583333333333332
2 0.7006249999999999 0.6567500000000002 0.3910416666666666 0.30116666666666675
2 0.48494791666666665 0.5454166666666667 0.049479166666666664 0.06383333333333326
5 0.46067708333333335 0.5029166666666667 0.04375 0.0825
2 0.29322916666666665 0.59875 0.14375 0.14416666666666667
6 0.48828125 0.37833333333333335 0.0067708333333333336 0.02666666666666667
6 0.41901041666666666 0.37625 0.005729166666666666 0.025833333333333333
2 0.414296875 0.5276249999999999 0.018281249999999954 0.03508333333333326
2 0.4236979166666667 0.52625 0.015104166666666667 0.029166666666666667
2 0.5032907196969697 0.5246590909090909 0.0234375 0.03568181818181813
2 0.42611979166666664 0.5234583333333334 0.020677083333333356 0.03008333333333335
2 0.43984375 0.5220833333333333 0.008854166666666666 0.025833333333333333
2 0.4354166666666667 0.5220833333333333 0.009375 0.0275
0 0.5765625 0.5275 0.010416666666666666 0.056666666666666664
0 0.5486979166666667 0.5316666666666666 0.016145833333333335 0.05583333333333333
6 0.6667613636363636 0.4248863636363636 0.009375 0.04310606060606053
6 0.5940104166666667 0.4572083333333332 0.0067708333333333336 0.02758333333333326
6 0.32104640151515157 0.4475757575757575 0.0067708333333333336 0.02666666666666667
2 0.5303125000000001 0.5311250000000001 0.033854166666666664 0.04375
2 0.532578125 0.5080833333333333 0.02567708333333331 0.015833333333333335
2 0.3958333333333333 0.53375 0.035416666666666666 0.03916666666666667
0 0.3553645833333333 0.5230416666666666 0.007291666666666667 0.03941666666666663
0 0.28716145833333334 0.51675 0.013697916666666643 0.02
2 0.11635416666666668 0.5360833333333334 0.215 0.07183333333333337
6 0.23265625000000004 0.41470833333333335 0.009375 0.040916666666666685
0 0.56796875 0.5245833333333333 0.0067708333333333336 0.04083333333333333
0 0.5572916666666666 0.5241666666666667 0.00625 0.03333333333333333
6 0.17354166666666668 0.4429166666666667 0.008854166666666666 0.0275
0 0.30703125 0.5195833333333333 0.009895833333333333 0.014166666666666666
0 0.5924479166666666 0.5045833333333334 0.0078125 0.0175
6 0.146875 0.4266666666666667 0.013541666666666667 0.03166666666666667
0 0.3782552083333333 0.5187916666666667 0.005781249999999952 0.024249999999999924
6 0.6190104166666667 0.36125 0.011979166666666667 0.034166666666666665
