5 0.46536458333333336 0.5304166666666666 0.043229166666666666 0.060833333333333336
2 0.8958333333333334 0.74875 0.20833333333333334 0.5025
2 0.04140625 0.6904166666666667 0.0828125 0.1675
2 0.12083333333333333 0.6158333333333333 0.23125 0.19166666666666668
2 0.2752604166666667 0.5808333333333333 0.11197916666666667 0.095
2 0.5921875 0.5495833333333333 0.05520833333333333 0.060833333333333336
2 0.7442708333333333 0.6104166666666667 0.20208333333333334 0.2175
2 0.5144270833333333 0.5255000000000001 0.0203125 0.02533333333333341
2 0.48729166666666673 0.5298333333333333 0.009583333333333381 0.027000000000000076
2 0.57484375 0.5394166666666667 0.034687499999999954 0.05049999999999993
5 0.45046875000000003 0.4993333333333333 0.05281250000000005 0.026000000000000037
0 0.36041666666666666 0.5401666666666667 0.013541666666666667 0.04433333333333327
2 0.4981770833333333 0.5179166666666667 0.0203125 0.024166666666666666
2 0.5328645833333333 0.5214166666666668 0.007812499999999941 0.01883333333333335
2 0.5213020833333333 0.5184166666666666 0.012812499999999952 0.016499999999999963
2 0.5391666666666667 0.5253333333333333 0.021041666666666715 0.0323333333333333
2 0.5546354166666667 0.5265833333333333 0.021354166666666667 0.03816666666666663
2 0.5556250000000001 0.5338333333333335 0.011875000000000096 0.03200000000000008
2 0.5638020833333334 0.5349166666666666 0.015729166666666572 0.04316666666666663
2 0.8337673611111112 0.5041666666666665 0.0734375 0.04111111111111105
2 0.18567708333333333 0.54625 0.030729166666666665 0.035833333333333335
2 0.23385416666666664 0.5393333333333333 0.05124999999999999 0.06333333333333334
2 0.44390625 0.5138333333333334 0.009895833333333333 0.007666666666666704
2 0.4294791666666667 0.5316666666666666 0.028541666666666642 0.04066666666666663
2 0.4251041666666666 0.5362499999999999 0.01729166666666669 0.04149999999999996
2 0.40817708333333336 0.53975 0.0328125 0.048500000000000036
2 0.38744791666666667 0.5489166666666666 0.04385416666666669 0.055166666666666704
