5 0.5158854166666667 0.5804166666666667 0.10677083333333333 0.15416666666666667
5 0.13645833333333332 0.5404166666666667 0.11875 0.08416666666666667
2 0.015104166666666667 0.5720833333333334 0.030208333333333334 0.050833333333333335
2 0.26015625 0.5541666666666667 0.0765625 0.043333333333333335
5 0.58203125 0.5295833333333333 0.0328125 0.029166666666666667
5 0.428125 0.5375 0.035416666666666666 0.051666666666666666
6 0.41901041666666666 0.43083333333333335 0.0046875 0.02666666666666667
6 0.45390625 0.43291666666666667 0.0046875 0.0275
6 0.5065104166666666 0.4275 0.005729166666666666 0.028333333333333332
6 0.5598958333333334 0.41833333333333333 0.005208333333333333 0.03
2 0.29984375 0.5418333333333334 0.023020833333333476 0.01633333333333326
2 0.06045386904761904 0.5498214285714286 0.03802083333333332 0.024166666666666666
2 0.6041666666666666 0.53375 0.020833333333333332 0.0225
6 0.3876041666666667 0.44958333333333333 0.00625 0.020833333333333332
2 0.4515625 0.5391666666666667 0.0125 0.021666666666666667
5 0.6760416666666667 0.5729166666666666 0.146875 0.1775
5 0.4739583333333333 0.5279166666666667 0.027083333333333334 0.050833333333333335
2 0.4576009114583333 0.53171875 0.009407552083333333 0.02666666666666667
2 0.06354166666666666 0.52875 0.020833333333333332 0.015833333333333335
6 0.6455729166666667 0.41625 0.0078125 0.034166666666666665
6 0.6419270833333334 0.4175 0.0078125 0.03333333333333333
6 0.36276041666666664 0.5108333333333334 0.00625 0.009166666666666667
