5 0.5088541666666667 0.5941666666666666 0.14583333333333334 0.21166666666666667
2 0.5669270833333333 0.52875 0.0078125 0.0225
5 0.14192708333333334 0.5333333333333333 0.11614583333333334 0.08333333333333333
2 0.019791666666666666 0.5633333333333334 0.03958333333333333 0.051666666666666666
2 0.2643229166666667 0.5475 0.0765625 0.043333333333333335
2 0.6197916666666666 0.52875 0.04583333333333333 0.024166666666666666
5 0.5825520833333333 0.52 0.0296875 0.025
5 0.434375 0.5270833333333333 0.025 0.0425
6 0.41953125 0.4241666666666667 0.0046875 0.025
6 0.4549479166666667 0.42583333333333334 0.0046875 0.02666666666666667
6 0.50703125 0.42083333333333334 0.005729166666666666 0.028333333333333332
6 0.5591145833333333 0.41208333333333336 0.005729166666666666 0.029166666666666667
2 0.30269097222222224 0.53375 0.024131944444444463 0.015833333333333335
2 0.06744791666666666 0.54025 0.03802083333333333 0.024166666666666666
2 0.6231770833333333 0.5166666666666667 0.022395833333333334 0.013333333333333334
2 0.6070746527777777 0.5263888888888889 0.026649305555555478 0.0225
6 0.3885416666666667 0.44166666666666665 0.00625 0.021666666666666667
2 0.45260416666666664 0.52625 0.010416666666666666 0.010833333333333334
5 0.94609375 0.7629166666666667 0.1078125 0.4675
5 0.4640625 0.49916666666666665 0.004166666666666667 0.01
6 0.6447916666666667 0.40875 0.008333333333333333 0.034166666666666665
6 0.6403645833333333 0.41125 0.0078125 0.0325
6 0.6361979166666667 0.4891666666666667 0.005729166666666666 0.011666666666666667
