2 0.82734375 0.68375 0.3026041666666667 0.2475
2 0.63203125 0.5583333333333333 0.0890625 0.11333333333333333
5 0.50390625 0.556 0.07072916666666676 0.095
5 0.058854166666666666 0.5391666666666667 0.11770833333333333 0.105
2 0.19620535714285714 0.5594642857142857 0.09821428571428571 0.05726190476190472
5 0.3061458333333333 0.5413333333333333 0.12499999999999994 0.07133333333333344
2 0.4171875 0.5454166666666667 0.029166666666666667 0.034166666666666665
5 0.4680803571428571 0.5241071428571429 0.035863095238095256 0.05821428571428574
2 0.5836588541666666 0.5294791666666666 0.032421875 0.03395833333333333
4 0.4440104166666667 0.5266666666666666 0.015104166666666667 0.041666666666666664
2 0.5338541666666666 0.5329166666666667 0.011458333333333333 0.025833333333333333
5 0.48736979166666666 0.5058333333333334 0.009635416666666667 0.01
6 0.6815104166666667 0.38208333333333333 0.011979166666666667 0.049166666666666664
6 0.672265625 0.3865625 0.0109375 0.049791666666666665
6 0.5697916666666667 0.3925 0.007291666666666667 0.03666666666666667
6 0.5050681089743589 0.4050320512820514 0.007572115384615449 0.035448717948718005
6 0.39895833333333336 0.41 0.00625 0.03166666666666667
6 0.43991477272727264 0.41041666666666676 0.007291666666666667 0.033106060606060674
6 0.36575520833333325 0.43354166666666666 0.007725694444444405 0.028194444444444477
6 0.37436755952380957 0.4385714285714285 0.0078125 0.02738095238095236
6 0.6678385416666667 0.489375 0.00703125 0.014583333333333334
6 0.22901041666666666 0.48850000000000005 0.0109375 0.014333333333333372
2 0.44765625 0.5366666666666666 0.009895833333333333 0.02666666666666667
2 0.6802083333333333 0.5316666666666666 0.0125 0.028333333333333332
