5 0.17578125 0.5195833333333333 0.3515625 0.9608333333333333
5 0.5453125 0.5120833333333333 0.028125 0.0475
2 0.8744791666666667 0.54875 0.23125 0.1525
2 0.6309895833333333 0.5416666666666666 0.09322916666666667 0.13
2 0.39036458333333335 0.5470833333333334 0.08802083333333334 0.10083333333333333
5 0.44583333333333336 0.5020833333333333 0.06458333333333334 0.12083333333333333
2 0.9908854166666666 0.5490277777777778 0.018229166666666668 0.0875
2 0.5169270833333334 0.5108333333333334 0.018229166666666668 0.025
2 0.9177083333333333 0.7625 0.16458333333333333 0.33666666666666667
2 0.48541666666666666 0.51 0.013541666666666667 0.023333333333333334
2 0.353422619047619 0.5286904761904763 0.01934523809523808 0.03690476190476195
2 0.5275 0.5055833333333334 0.004791666666666631 0.01050000000000002
2 0.48098958333333336 0.5239999999999999 0.008437500000000023 0.04033333333333331
