5 0.5057291666666667 0.5658333333333333 0.08229166666666667 0.11166666666666666
5 0.09739583333333333 0.5408333333333334 0.13229166666666667 0.09333333333333334
2 0.23463541666666668 0.5575 0.08489583333333334 0.05
5 0.5830729166666667 0.5304166666666666 0.034895833333333334 0.0325
5 0.3848958333333333 0.5416666666666666 0.08229166666666667 0.06
6 0.41015625 0.42375 0.0046875 0.029166666666666667
6 0.44817708333333334 0.42583333333333334 0.0046875 0.028333333333333332
6 0.5052083333333334 0.4195833333333333 0.00625 0.030833333333333334
6 0.5630208333333333 0.40875 0.00625 0.0325
2 0.28463541666666664 0.54125 0.0234375 0.015833333333333335
2 0.024479166666666666 0.5488690476190476 0.01517857142857143 0.024166666666666666
6 0.37739583333333326 0.44475000000000003 0.006458333333333321 0.022833333333333313
2 0.4348958333333333 0.5420833333333334 0.0203125 0.025833333333333333
5 0.6416666666666667 0.5608333333333333 0.08854166666666667 0.13166666666666665
5 0.47109375 0.52625 0.028645833333333332 0.050833333333333335
2 0.4520696271929823 0.5331140350877192 0.010279605263157817 0.02666666666666667
2 0.8471354166666667 0.7025 0.30572916666666666 0.2816666666666667
6 0.6596354166666667 0.4041666666666667 0.009895833333333333 0.041666666666666664
6 0.65390625 0.40625 0.009895833333333333 0.0425
6 0.6484375 0.49416666666666664 0.00625 0.01
6 0.3497395833333333 0.5094444444444444 0.0067708333333333336 0.008888888888888858
