6 0.05859375 0.24916666666666668 0.0296875 0.07833333333333334
2 0.0234375 0.55875 0.046875 0.05583333333333333
4 0.20885416666666667 0.56625 0.22291666666666668 0.21416666666666667
5 0.39453125 0.53625 0.10989583333333333 0.17083333333333334
5 0.5265625 0.54 0.0375 0.055
2 0.915625 0.5729166666666666 0.16875 0.09916666666666667
2 0.8213541666666667 0.5579166666666666 0.12708333333333333 0.06416666666666666
2 0.7041666666666667 0.5420833333333334 0.07083333333333333 0.0725
2 0.6260416666666667 0.55625 0.09270833333333334 0.1225
2 0.45651041666666664 0.5483333333333333 0.015104166666666667 0.051666666666666666
5 0.4671875 0.5233333333333333 0.0375 0.075
2 0.7940104166666667 0.535 0.0734375 0.045
2 0.9791666666666666 0.86375 0.041666666666666664 0.24583333333333332
2 0.50546875 0.5375 0.005729166666666666 0.028333333333333332
2 0.4903645833333333 0.5326666666666666 0.008854166666666666 0.017666666666666705
2 0.4877083333333333 0.54425 0.005208333333333333 0.0225
2 0.9690104166666667 0.5279166666666667 0.06197916666666667 0.019166666666666665
2 0.88515625 0.5325 0.06822916666666666 0.03833333333333333
6 0.7705729166666667 0.4583333333333333 0.015104166666666667 0.02
6 0.7552083333333334 0.4579166666666667 0.010416666666666666 0.020833333333333332
