2 0.9002604166666667 0.8020833333333334 0.19947916666666668 0.3958333333333333
2 0.6098958333333333 0.5475 0.08020833333333334 0.10333333333333333
5 0.511532738095238 0.5429166666666667 0.049404761904761806 0.06416666666666666
2 0.06901041666666667 0.5708333333333333 0.0671875 0.058333333333333334
5 0.44140625 0.5279166666666667 0.06197916666666667 0.0975
2 0.65390625 0.5333333333333333 0.016145833333333335 0.04833333333333333
4 0.3829427083333333 0.5366666666666666 0.06276041666666667 0.0825
2 0.53203125 0.5295833333333333 0.005729166666666666 0.019166666666666665
5 0.4791666666666667 0.5225 0.020833333333333332 0.056666666666666664
6 0.6725520833333334 0.18358333333333335 0.021770833333333427 0.09583333333333334
6 0.50234375 0.23708333333333334 0.018229166666666668 0.08416666666666667
6 0.2666015625 0.27453125 0.016927083333333332 0.07052083333333334
6 0.35342261904761896 0.2666071428571429 0.01651785714285712 0.0782142857142857
6 0.24334490740740744 0.3600462962962963 0.01504629629629631 0.05046296296296295
6 0.27005208333333336 0.375 0.013020833333333334 0.051666666666666666
6 0.9854166666666667 0.4241666666666667 0.029166666666666667 0.041666666666666664
2 0.29270833333333335 0.5716666666666667 0.09166666666666666 0.10166666666666667
2 0.7971354166666667 0.5379166666666667 0.059895833333333336 0.04583333333333333
2 0.7419270833333332 0.5496474358974359 0.108613782051282 0.0509615384615384
2 0.7609375 0.5204166666666666 0.03229166666666667 0.0125
6 0.13302556818181818 0.485871212121212 0.015198863636363639 0.01977272727272729
2 0.8776041666666666 0.53875 0.1125 0.06416666666666666
2 0.705078125 0.525625 0.04791666666666667 0.021666666666666667
2 0.6973958333333333 0.543125 0.0625 0.04041666666666666
2 0.471875 0.53875 0.007291666666666667 0.034166666666666665
2 0.9260416666666667 0.5275 0.058333333333333334 0.05333333333333334
2 0.9393229166666667 0.545 0.022395833333333334 0.028333333333333332
2 0.171875 0.5533333333333333 0.021875 0.03
6 0.6682812499999999 0.4818333333333334 0.00947916666666669 0.012666666666666705
0 0.8486979166666667 0.52 0.008854166666666666 0.023333333333333334
6 0.9671875 0.4275 0.007291666666666667 0.03833333333333333
2 0.853515625 0.5197916666666667 0.01484375 0.020416666666666666
6 0.6588541666666666 0.48125 0.00625 0.0125
