2 0.8802083333333334 0.79125 0.23958333333333334 0.4175
2 0.6078125 0.5504166666666667 0.07708333333333334 0.10416666666666667
5 0.50908203125 0.5415104166666667 0.05032552083333333 0.06635416666666667
2 0.10703125 0.5608333333333333 0.10364583333333334 0.04833333333333333
2 0.0578125 0.6558333333333334 0.115625 0.17
5 0.4491071428571428 0.5267857142857143 0.05401785714285712 0.08523809523809528
4 0.40598958333333335 0.5325 0.0390625 0.06833333333333333
2 0.5306966145833333 0.5298958333333333 0.0080078125 0.021458333333333333
5 0.48046875 0.52125 0.0171875 0.0525
6 0.9255208333333333 0.1875 0.03229166666666667 0.11666666666666667
6 0.8680989583333333 0.223125 0.027864583333333335 0.11541666666666667
6 0.6307291666666667 0.26708333333333334 0.015625 0.07083333333333333
6 0.5026041666666665 0.3006730769230769 0.01362179487179483 0.06493589743589752
6 0.3143229166666667 0.3233333333333333 0.013020833333333334 0.056666666666666664
6 0.38515625 0.31958333333333333 0.013020833333333334 0.060833333333333336
6 0.2829613095238095 0.3825 0.012202380952380961 0.04238095238095236
6 0.3026041666666667 0.3968055555555556 0.010416666666666666 0.0425
6 0.84765625 0.45208333333333334 0.0203125 0.029166666666666667
2 0.36046875 0.5552499999999999 0.05406249999999998 0.06916666666666667
2 0.7625 0.5366666666666666 0.05416666666666667 0.04
2 0.7096354166666666 0.5443333333333333 0.0936458333333333 0.045333333333333316
2 0.73828125 0.5191666666666667 0.033645833333333285 0.011666666666666667
6 0.203125 0.4925 0.0125 0.016666666666666666
2 0.81015625 0.5358333333333334 0.059895833333333336 0.055
2 0.6849826388888888 0.5220833333333333 0.04114583333333333 0.015833333333333335
2 0.6734375 0.5395833333333333 0.053125 0.035833333333333335
2 0.47517361111111106 0.5365277777777779 0.006597222222222202 0.03194444444444448
2 0.8864583333333333 0.525 0.053125 0.05
2 0.8924479166666667 0.54125 0.021354166666666667 0.025833333333333333
2 0.19765625 0.5483333333333333 0.0265625 0.02666666666666667
6 0.6486979166666667 0.48541666666666666 0.0078125 0.0125
