5 0.5078125 0.565 0.08541666666666667 0.11666666666666667
5 0.10520833333333333 0.5395833333333333 0.12916666666666668 0.0925
2 0.24036458333333333 0.5566666666666666 0.0828125 0.04833333333333333
5 0.58203125 0.5283333333333333 0.0359375 0.03
5 0.3953125 0.5391666666666667 0.075 0.058333333333333334
6 0.41171875 0.425 0.0046875 0.028333333333333332
6 0.44921875 0.42625 0.0046875 0.0275
6 0.5057291666666667 0.42083333333333334 0.00625 0.03
6 0.5625 0.41 0.00625 0.03166666666666667
2 0.2872395833333333 0.5404166666666667 0.0234375 0.014166666666666666
2 0.03266369047619047 0.5473214285714285 0.018303571428571426 0.024166666666666666
6 0.37911458333333337 0.4445 0.005729166666666666 0.022333333333333295
2 0.4388020833333333 0.5408333333333334 0.0171875 0.023333333333333334
5 0.6440104166666667 0.5629166666666666 0.09322916666666667 0.12416666666666666
5 0.4713541666666667 0.5254166666666666 0.028125 0.0525
2 0.4527891995614034 0.5329605263157892 0.01018366228070165 0.02666666666666667
2 0.8502604166666666 0.7066666666666667 0.2994791666666667 0.29
6 0.6565104166666667 0.40625 0.009895833333333333 0.041666666666666664
6 0.651171875 0.40958333333333335 0.009635416666666667 0.04
6 0.6466145833333333 0.495 0.005729166666666666 0.011666666666666667
6 0.35130208333333335 0.5079166666666667 0.005729166666666666 0.009166666666666667
