2 0.13255208333333332 0.7570833333333333 0.26510416666666664 0.48583333333333334
5 0.9401041666666666 0.5225 0.11979166666666667 0.13166666666666665
5 0.7096354166666666 0.5095833333333334 0.20677083333333332 0.1475
6 0.39296875 0.17 0.0203125 0.1
6 0.5143229166666666 0.06875 0.03177083333333333 0.1125
6 0.28020833333333334 0.2608333333333333 0.01875 0.06833333333333333
1 0.434375 0.54625 0.016666666666666666 0.03916666666666667
2 0.5158854166666667 0.53625 0.0640625 0.04583333333333333
6 0.5286458333333334 0.45 0.004166666666666667 0.01
6 0.50390625 0.45666666666666667 0.0026041666666666665 0.01
2 0.4890625 0.5054166666666666 0.007291666666666667 0.010833333333333334
5 0.29192708333333334 0.5125 0.016145833333333335 0.03166666666666667
2 0.5286458333333334 0.5023958333333334 0.005729166666666666 0.008125
2 0.3419270833333333 0.55 0.1765625 0.10666666666666667
2 0.8825520833333333 0.5095833333333334 0.11822916666666666 0.07083333333333333
5 0.8153645833333333 0.48041666666666666 0.02890625 0.03916666666666667
2 0.45901041666666664 0.5063333333333333 0.019270833333333334 0.013333333333333334
2 0.4197916666666667 0.5070833333333333 0.007291666666666667 0.014166666666666666
6 0.036406249999999994 0.3368333333333334 0.016354166666666666 0.05733333333333334
6 0.09666666666666665 0.35424999999999995 0.011249999999999998 0.0475
6 0.15234375 0.48013888888888884 0.015104166666666667 0.020833333333333332
6 0.7622395833333333 0.36041666666666666 0.027604166666666666 0.0475
6 0.6003125 0.45925 0.010416666666666666 0.0125
6 0.5908333333333334 0.45991666666666675 0.007291666666666667 0.0125
6 0.3380208333333333 0.21425000000000002 0.020833333333333332 0.09083333333333336
6 0.163125 0.482 0.008541666666666654 0.01899999999999996
6 0.7437500000000001 0.36566666666666664 0.01270833333333338 0.04066666666666663
