5 0.48463541666666665 0.5291666666666667 0.2609375 0.19666666666666666
2 0.34010416666666665 0.5604166666666667 0.159375 0.1025
5 0.8013020833333333 0.46375 0.11302083333333333 0.1025
0 0.0015625 0.5683333333333334 0.003125 0.10333333333333333
6 0.86875 0.285 0.04895833333333333 0.09166666666666666
6 0.8416666666666667 0.29625 0.0375 0.06916666666666667
6 0.20729166666666668 0.2 0.022916666666666665 0.08666666666666667
6 0.26953125 0.12034722222222224 0.0296875 0.1126388888888889
6 0.3341145833333333 0.057916666666666665 0.028645833333333332 0.11416666666666667
2 0.34375 0.5120833333333333 0.010416666666666666 0.0125
2 0.32838541666666665 0.5129166666666667 0.016145833333333335 0.010833333333333334
6 0.5171875 0.44375 0.003125 0.0125
6 0.013541666666666667 0.32166666666666666 0.01875 0.07166666666666667
1 0.0171875 0.59125 0.034375 0.060833333333333336
6 0.59375 0.4483333333333333 0.020833333333333332 0.016666666666666666
