5 0.6828125 0.50625 0.23958333333333334 0.1775
6 0.34427083333333336 0.06583333333333333 0.030208333333333334 0.12333333333333334
6 0.21848958333333332 0.19625 0.0234375 0.08916666666666667
2 0.4875 0.51875 0.034375 0.0425
6 0.5177083333333333 0.4379166666666667 0.003125 0.010833333333333334
6 0.49244791666666665 0.4454166666666667 0.0026041666666666665 0.011666666666666667
2 0.4739583333333333 0.495 0.009375 0.013333333333333334
5 0.2660590277777778 0.5041666666666667 0.014756944444444465 0.03333333333333333
2 0.5175347222222222 0.49166666666666664 0.005729166666666666 0.008333333333333333
2 0.3536458333333333 0.5066666666666667 0.007291666666666667 0.01
2 0.3446180555555556 0.5073611111111112 0.009027777777777798 0.0075
5 0.58515625 0.48333333333333334 0.043229166666666666 0.011666666666666667
2 0.5354166666666667 0.5325 0.121875 0.08833333333333333
5 0.8259114583333333 0.476875 0.06171875 0.06375
2 0.403125 0.57875 0.24270833333333333 0.12583333333333332
2 0.4466145833333333 0.49583333333333335 0.0203125 0.013333333333333334
2 0.33203125 0.5129166666666667 0.0140625 0.03916666666666667
6 0.023229166666666665 0.3223333333333333 0.012499999999999995 0.056666666666666664
6 0.09367559523809522 0.4686904761904762 0.017708333333333333 0.025952380952380925
6 0.8424479166666666 0.29041666666666666 0.0421875 0.07583333333333334
6 0.59609375 0.44458333333333333 0.0109375 0.014166666666666666
6 0.5869791666666667 0.4435833333333333 0.008333333333333333 0.0125
6 0.2794270833333333 0.13166666666666665 0.027604166666666666 0.115
6 0.10625 0.46875 0.009375 0.024166666666666666
6 0.81328125 0.3045833333333333 0.019270833333333334 0.060833333333333336
