2 0.03958333333333333 0.5995833333333334 0.07916666666666666 0.11083333333333334
5 0.5208333333333334 0.525 0.2552083333333333 0.18833333333333332
2 0.81953125 0.5195833333333333 0.17760416666666667 0.0925
5 0.8020833333333334 0.4554166666666667 0.11145833333333334 0.08583333333333333
5 0.43854166666666666 0.5045833333333334 0.0125 0.0225
0 0.06380208333333333 0.5545833333333333 0.0171875 0.050833333333333335
6 0.8690104166666667 0.285 0.0484375 0.09166666666666666
6 0.8416666666666667 0.29625 0.0375 0.06916666666666667
6 0.20729166666666668 0.2 0.022916666666666665 0.08666666666666667
6 0.26953125 0.1200378787878788 0.0296875 0.11537878787878789
6 0.3341145833333333 0.057916666666666665 0.028645833333333332 0.11416666666666667
2 0.34375 0.5120833333333333 0.010416666666666666 0.0125
2 0.32838541666666665 0.5129166666666667 0.016145833333333335 0.010833333333333334
6 0.5171875 0.44375 0.003125 0.0125
6 0.013541666666666667 0.32166666666666666 0.01875 0.07166666666666667
1 0.08125 0.5916666666666667 0.025 0.05333333333333334
6 0.59375 0.4531439393939394 0.020833333333333332 0.0070454545454545795
