5 0.5471354166666667 0.5233333333333333 0.24322916666666666 0.19
5 0.803125 0.46458333333333335 0.10833333333333334 0.0975
1 0.1625 0.5845833333333333 0.05625 0.059166666666666666
2 0.4513020833333333 0.5045833333333334 0.0140625 0.019166666666666665
2 0.4401041666666667 0.5033333333333333 0.009375 0.011666666666666667
0 0.15677083333333333 0.5658333333333333 0.025 0.08833333333333333
6 0.20703125 0.19833333333333333 0.0234375 0.08333333333333333
6 0.334375 0.05708333333333333 0.030208333333333334 0.11416666666666667
6 0.86640625 0.28 0.044270833333333336 0.07666666666666666
6 0.8346354166666666 0.29291666666666666 0.0234375 0.06583333333333333
6 0.26979166666666665 0.12333333333333334 0.030208333333333334 0.12166666666666667
2 0.6828125 0.5129166666666667 0.034375 0.034166666666666665
2 0.0421875 0.5983333333333334 0.084375 0.09833333333333333
2 0.7661458333333333 0.565 0.24166666666666667 0.13333333333333333
