5 0.1921875 0.5658333333333333 0.3541666666666667 0.265
5 0.80078125 0.46375 0.1140625 0.1025
5 0.37942708333333336 0.5258333333333334 0.03802083333333333 0.045
6 0.8690104166666667 0.285 0.0484375 0.09166666666666666
6 0.8416666666666667 0.29625 0.0375 0.06916666666666667
6 0.20729166666666668 0.2 0.022916666666666665 0.08666666666666667
6 0.26953125 0.12546296296296294 0.0296875 0.1125
6 0.3341145833333333 0.057916666666666665 0.028645833333333332 0.11416666666666667
6 0.5171875 0.44375 0.003125 0.0125
6 0.013541666666666667 0.32166666666666666 0.01875 0.07166666666666667
6 0.59375 0.4483333333333333 0.020833333333333332 0.016666666666666666
3 0.43671875 0.545 0.027604166666666666 0.045
0 0.4328125 0.5245833333333333 0.020833333333333332 0.0425
2 0.5184895833333333 0.4979166666666667 0.0067708333333333336 0.009166666666666667
2 0.49697916666666664 0.49916666666666665 0.013020833333333334 0.021666666666666667
2 0.48046875 0.5 0.009895833333333333 0.011666666666666667
2 0.4453125 0.5014583333333333 0.022916666666666665 0.013750000000000095
2 0.5059895833333333 0.4995833333333333 0.0078125 0.005833333333333334
