5 0.5955729166666667 0.51875 0.24114583333333334 0.18583333333333332
5 0.803125 0.4608333333333333 0.10833333333333334 0.09
2 0.22057291666666667 0.5758333333333333 0.1921875 0.10833333333333334
5 0.48333333333333334 0.5166666666666667 0.03854166666666667 0.055
2 0.46171875 0.5025 0.0109375 0.016666666666666666
2 0.44583333333333336 0.5029166666666667 0.020833333333333332 0.0125
6 0.20520833333333333 0.19666666666666666 0.022916666666666665 0.08
6 0.33359375 0.05708333333333333 0.030729166666666665 0.11416666666666667
6 0.86640625 0.2816666666666667 0.044270833333333336 0.07333333333333333
6 0.8346354166666666 0.29291666666666666 0.0234375 0.06583333333333333
6 0.26901041666666664 0.12375 0.03177083333333333 0.1225
2 0.7955729166666666 0.5633333333333334 0.24427083333333333 0.135
2 0.80078125 0.5045833333333334 0.10885416666666667 0.049166666666666664
