2 0.9486979166666667 0.5420833333333334 0.10260416666666666 0.12583333333333332
5 0.6286458333333333 0.5158333333333334 0.24791666666666667 0.18666666666666668
5 0.803125 0.465 0.10833333333333334 0.09833333333333333
1 0.234375 0.5716666666666667 0.05 0.051666666666666666
5 0.48854166666666665 0.5229166666666667 0.057291666666666664 0.0675
2 0.46484375 0.49875 0.005729166666666666 0.009166666666666667
2 0.44583333333333336 0.5029166666666667 0.020833333333333332 0.0125
0 0.22630208333333332 0.5545833333333333 0.0203125 0.08083333333333333
6 0.20625 0.19875 0.023958333333333335 0.0825
6 0.3328125 0.05708333333333333 0.029166666666666667 0.11416666666666667
6 0.86640625 0.28208333333333335 0.044270833333333336 0.07416666666666667
6 0.8346354166666666 0.29291666666666666 0.0234375 0.06583333333333333
6 0.2682291666666667 0.1225 0.028125 0.12
2 0.05625 0.6320833333333333 0.1125 0.1275
