2 0.030208333333333334 0.87125 0.06041666666666667 0.2575
5 0.6880208333333333 0.5045833333333334 0.23333333333333334 0.17416666666666666
6 0.3546875 0.09166666666666666 0.025 0.11333333333333333
6 0.23255208333333333 0.20958333333333334 0.0234375 0.08416666666666667
1 0.3625 0.5445833333333333 0.04583333333333333 0.04416666666666667
2 0.48776041666666664 0.5183333333333333 0.0359375 0.04833333333333333
6 0.51953125 0.4375 0.0036458333333333334 0.011666666666666667
6 0.4942708333333333 0.44395833333333334 0.0026041666666666665 0.011666666666666667
2 0.47708333333333336 0.49375 0.008333333333333333 0.0125
5 0.271875 0.50375 0.0125 0.034166666666666665
2 0.5194270833333333 0.49066666666666675 0.005729166666666666 0.008333333333333333
2 0.3564236111111111 0.505 0.007291666666666667 0.01
2 0.3463541666666667 0.5054166666666666 0.011458333333333333 0.0075
5 0.5893229166666667 0.5104166666666666 0.059895833333333336 0.06583333333333333
5 0.8284722222222222 0.4772222222222222 0.0506944444444444 0.065
2 0.17161458333333332 0.59 0.26614583333333336 0.13166666666666665
2 0.44817708333333334 0.495 0.0203125 0.013333333333333334
2 0.35911458333333335 0.5283333333333333 0.0203125 0.075
6 0.03923611111111111 0.32291666666666663 0.01180555555555555 0.05472222222222219
6 0.10572916666666668 0.46666666666666656 0.018055555555555564 0.026111111111111047
6 0.8213541666666667 0.30875 0.0375 0.0725
6 0.5971354166666667 0.4429166666666667 0.0109375 0.014166666666666666
6 0.5869791666666668 0.4440833333333334 0.007500000000000047 0.0125
6 0.29322916666666665 0.14708333333333334 0.026041666666666668 0.10916666666666666
6 0.117578125 0.4664583333333333 0.009809027777777783 0.02097222222222219
6 0.7947916666666667 0.31416666666666665 0.016666666666666666 0.056666666666666664
