5 0.3333333333333333 0.5366666666666666 0.05520833333333333 0.058333333333333334
3 0.49778645833333335 0.5214583333333334 0.009114583333333334 0.020416666666666666
0 0.4979166666666667 0.5095833333333334 0.010416666666666666 0.025833333333333333
5 0.815625 0.46458333333333335 0.08645833333333333 0.0975
2 0.44609375 0.5029166666666667 0.0203125 0.0125
2 0.47416666666666674 0.5004166666666666 0.010416666666666666 0.014166666666666666
2 0.5015625 0.4979166666666667 0.026041666666666668 0.014166666666666666
2 0.5174479166666667 0.49875 0.0046875 0.005833333333333334
6 0.865625 0.285 0.04791666666666667 0.08666666666666667
6 0.83359375 0.29791666666666666 0.022395833333333334 0.0625
6 0.33359375 0.0575 0.028645833333333332 0.115
6 0.26979166666666665 0.1325 0.028125 0.1
6 0.20703125 0.19791666666666666 0.0234375 0.09583333333333334
6 0.5880208333333333 0.4483333333333333 0.009375 0.015
6 0.5979166666666667 0.4483333333333333 0.010416666666666666 0.015
6 0.5174479166666667 0.44375 0.0026041666666666665 0.010833333333333334
6 0.35989583333333336 0.48333333333333334 0.005208333333333333 0.008333333333333333
6 0.35234375 0.4841666666666667 0.0046875 0.008333333333333333
