2 0.1578125 0.7266666666666667 0.315625 0.47833333333333333
5 0.58203125 0.5229166666666667 0.22552083333333334 0.12583333333333332
5 0.7145833333333333 0.4870833333333333 0.140625 0.12916666666666668
6 0.4046875 0.17791666666666667 0.01875 0.0825
6 0.5169270833333334 0.09166666666666666 0.028645833333333332 0.10333333333333333
6 0.29921875 0.25708333333333333 0.0171875 0.06416666666666666
1 0.45807291666666666 0.5216666666666666 0.03177083333333333 0.041666666666666664
6 0.5309895833333333 0.4295833333333333 0.0036458333333333334 0.010833333333333334
6 0.50625 0.4345833333333333 0.0026041666666666665 0.01
2 0.49453125 0.4841666666666667 0.0067708333333333336 0.01
5 0.2981770833333333 0.4926666666666667 0.016145833333333335 0.03166666666666667
2 0.5308854166666667 0.48075000000000007 0.005729166666666666 0.0075
2 0.37421875 0.49583333333333335 0.008854166666666666 0.01
2 0.3657986111111111 0.49513888888888896 0.00625 0.008611111111111142
5 0.87109375 0.4820833333333333 0.0859375 0.07083333333333333
2 0.6080729166666666 0.4775 0.1046875 0.03166666666666667
2 0.46166666666666667 0.4851666666666667 0.019166666666666644 0.013333333333333334
2 0.458984375 0.509375 0.015364583333333333 0.06291666666666666
6 0.0678125 0.32666666666666666 0.016041666666666666 0.055
6 0.12114583333333334 0.3409166666666667 0.011666666666666669 0.04583333333333333
6 0.171875 0.46166666666666667 0.015104166666666667 0.020833333333333332
6 0.7370833333333334 0.3529166666666666 0.02229166666666676 0.04116666666666665
6 0.5990625 0.4380833333333334 0.010416666666666666 0.0125
6 0.5916145833333334 0.4384166666666667 0.0067708333333333336 0.010833333333333334
6 0.3533854166666667 0.21333333333333335 0.019270833333333334 0.08166666666666667
6 0.18156250000000002 0.4606666666666666 0.007291666666666667 0.016666666666666666
6 0.7233854166666666 0.35683333333333334 0.013229166666666714 0.03966666666666668
