5 0.47734375 0.5275 0.25885416666666666 0.19333333333333333
2 0.23307291666666666 0.5691666666666667 0.17239583333333333 0.09833333333333333
5 0.8026041666666667 0.46375 0.11041666666666666 0.1025
6 0.8684895833333334 0.285 0.049479166666666664 0.09166666666666666
6 0.8416666666666667 0.29625 0.0375 0.06916666666666667
6 0.20729166666666668 0.2 0.022916666666666665 0.08666666666666667
6 0.26953125 0.1209375 0.0296875 0.1125
6 0.3341145833333333 0.057916666666666665 0.028645833333333332 0.11416666666666667
2 0.34375 0.5120833333333333 0.010416666666666666 0.0125
2 0.32838541666666665 0.5129166666666667 0.016145833333333335 0.010833333333333334
6 0.5171875 0.44375 0.003125 0.0125
6 0.013541666666666667 0.32166666666666666 0.01875 0.07166666666666667
6 0.59375 0.4483333333333333 0.020833333333333332 0.016666666666666666
2 0.09609375 0.61125 0.1921875 0.17416666666666666
