5 0.5583333333333333 0.5208333333333334 0.2520833333333333 0.18666666666666668
5 0.803125 0.46458333333333335 0.10833333333333334 0.0975
1 0.18984375 0.58 0.028645833333333332 0.04833333333333333
2 0.45260416666666664 0.5045833333333334 0.013541666666666667 0.019166666666666665
2 0.440625 0.5033333333333333 0.010416666666666666 0.011666666666666667
0 0.16901041666666666 0.5379166666666667 0.013020833333333334 0.0275
6 0.20703125 0.19833333333333333 0.0234375 0.08333333333333333
6 0.334375 0.05708333333333333 0.030208333333333334 0.11416666666666667
6 0.86640625 0.28 0.044270833333333336 0.07666666666666666
6 0.8346354166666666 0.29291666666666666 0.0234375 0.06583333333333333
6 0.26979166666666665 0.12333333333333334 0.030208333333333334 0.12166666666666667
2 0.7375 0.525 0.128125 0.08
2 0.09322916666666667 0.5945833333333334 0.18645833333333334 0.1125
2 0.5833333333333334 0.5758333333333333 0.24166666666666667 0.13333333333333333
