5 0.509375 0.5270833333333333 0.25625 0.19416666666666665
2 0.6934895833333333 0.5329166666666667 0.13385416666666666 0.0925
5 0.8020833333333334 0.46375 0.11145833333333334 0.1025
5 0.4354166666666667 0.5079166666666667 0.0125 0.0225
0 0.04088541666666667 0.5725 0.0234375 0.09333333333333334
6 0.8682291666666667 0.285 0.05 0.09166666666666666
6 0.8416666666666667 0.29625 0.0375 0.06916666666666667
6 0.20729166666666668 0.2 0.022916666666666665 0.08666666666666667
6 0.26953125 0.11914215686274507 0.0296875 0.11446078431372546
6 0.3341145833333333 0.057916666666666665 0.028645833333333332 0.11416666666666667
2 0.34375 0.5120833333333333 0.010416666666666666 0.0125
2 0.32838541666666665 0.5129166666666667 0.016145833333333335 0.010833333333333334
6 0.5171875 0.44375 0.003125 0.0125
6 0.013541666666666667 0.32166666666666666 0.01875 0.07166666666666667
1 0.043229166666666666 0.5908333333333333 0.065625 0.06
6 0.59375 0.450138888888889 0.020833333333333332 0.013055555555555523
