5 0.478125 0.5295833333333333 0.25833333333333336 0.1975
2 0.2328125 0.5733333333333334 0.196875 0.10833333333333334
5 0.8020833333333334 0.46375 0.11145833333333334 0.1025
6 0.8692708333333333 0.285 0.04791666666666667 0.09166666666666666
6 0.8416666666666667 0.29625 0.0375 0.06916666666666667
6 0.20729166666666668 0.2 0.022916666666666665 0.08666666666666667
6 0.26953125 0.12088541666666666 0.0296875 0.1125
6 0.3341145833333333 0.057916666666666665 0.028645833333333332 0.11416666666666667
2 0.34375 0.5120833333333333 0.010416666666666666 0.0125
2 0.32838541666666665 0.5129166666666667 0.016145833333333335 0.010833333333333334
6 0.5171875 0.44375 0.003125 0.0125
6 0.013541666666666667 0.32166666666666666 0.01875 0.07166666666666667
6 0.59375 0.4483333333333333 0.020833333333333332 0.016666666666666666
2 0.08854166666666667 0.6129166666666667 0.17708333333333334 0.1725
