5 0.6231770833333333 0.5166666666666667 0.25052083333333336 0.185
5 0.803125 0.465 0.10833333333333334 0.09833333333333333
2 0.4869791666666667 0.5641666666666667 0.03125 0.056666666666666664
1 0.23020833333333332 0.5658333333333333 0.04375 0.03833333333333333
5 0.4856770833333333 0.52125 0.05260416666666667 0.06416666666666666
2 0.46432291666666664 0.49875 0.0067708333333333336 0.009166666666666667
2 0.44583333333333336 0.5029166666666667 0.020833333333333332 0.0125
0 0.21927083333333333 0.5433333333333333 0.017708333333333333 0.056666666666666664
6 0.20546875 0.19625 0.025520833333333333 0.0825
6 0.3328125 0.05708333333333333 0.029166666666666667 0.11416666666666667
6 0.86640625 0.2816666666666667 0.044270833333333336 0.07333333333333333
6 0.8346354166666666 0.29291666666666666 0.0234375 0.06583333333333333
6 0.26979166666666665 0.125 0.030208333333333334 0.12
2 0.13203125 0.6158333333333333 0.2640625 0.155
