5 0.58984375 0.5195833333333333 0.2484375 0.18916666666666668
5 0.803125 0.46458333333333335 0.10833333333333334 0.0975
2 0.07760416666666667 0.5933333333333334 0.15520833333333334 0.10666666666666667
1 0.20911458333333333 0.5766666666666667 0.0421875 0.055
5 0.4828125 0.5154166666666666 0.035416666666666666 0.0525
2 0.45989583333333334 0.5029166666666667 0.0125 0.0175
2 0.44505208333333335 0.5029166666666667 0.019270833333333334 0.0125
0 0.20104166666666667 0.5729166666666666 0.027083333333333334 0.05583333333333333
6 0.20598958333333334 0.19916666666666666 0.025520833333333333 0.085
6 0.33203125 0.05708333333333333 0.027604166666666666 0.11416666666666667
6 0.86640625 0.2816666666666667 0.044270833333333336 0.07333333333333333
6 0.8346354166666666 0.29291666666666666 0.0234375 0.06583333333333333
6 0.26901041666666664 0.12333333333333334 0.03177083333333333 0.12166666666666667
2 0.96796875 0.5291666666666667 0.0640625 0.11
