5 0.36744791666666665 0.5283333333333333 0.0640625 0.07333333333333333
2 0.3390625 0.5454166666666667 0.058333333333333334 0.06916666666666667
5 0.2669270833333333 0.56 0.12135416666666667 0.115
2 0.01796875 0.7020833333333333 0.0359375 0.1325
2 0.478125 0.5508333333333333 0.08541666666666667 0.12166666666666667
0 0.6197916666666666 0.5708333333333333 0.04895833333333333 0.19
5 0.72734375 0.5766666666666667 0.28177083333333336 0.24666666666666667
5 0.8747395833333333 0.7125 0.25052083333333336 0.575
2 0.4109375 0.5204166666666666 0.035416666666666666 0.04583333333333333
2 0.42135416666666664 0.51625 0.027083333333333334 0.03916666666666667
2 0.5682291666666667 0.5233333333333333 0.022916666666666665 0.06666666666666667
2 0.58984375 0.5304166666666666 0.0515625 0.0825
2 0.5567708333333333 0.5225 0.014583333333333334 0.045
2 0.5557291666666667 0.515 0.022916666666666665 0.04666666666666667
2 0.44036458333333334 0.5170833333333333 0.0171875 0.0275
2 0.4440104166666667 0.5054166666666666 0.0140625 0.009166666666666667
5 0.5010416666666667 0.51375 0.03229166666666667 0.049166666666666664
2 0.54375 0.5154166666666666 0.011458333333333333 0.029166666666666667
2 0.54140625 0.5125 0.016145833333333335 0.028333333333333332
2 0.5307291666666667 0.51 0.021875 0.02666666666666667
2 0.5184895833333333 0.51375 0.0078125 0.0275
