2 0.5010416666666667 0.5416666666666666 0.08020833333333334 0.115
5 0.01796875 0.65625 0.0359375 0.18583333333333332
2 0.47265625 0.5020833333333333 0.013020833333333334 0.029166666666666667
2 0.17994791666666668 0.5566666666666666 0.21614583333333334 0.19666666666666666
5 0.3997395833333333 0.51375 0.0453125 0.05416666666666667
5 0.6380208333333334 0.5333333333333333 0.1125 0.13333333333333333
5 0.4315104166666667 0.5020833333333333 0.0296875 0.04083333333333333
2 0.31302083333333336 0.5354166666666667 0.08125 0.0975
2 0.5471354166666667 0.5020833333333333 0.034895833333333334 0.04416666666666667
2 0.4506076388888889 0.5031944444444444 0.019965277777777738 0.028611111111111236
2 0.500703125 0.48066666666666674 0.03473958333333336 0.019333333333333372
2 0.5680989583333333 0.5077083333333333 0.029947916666666668 0.07541666666666667
2 0.35572916666666665 0.5345833333333333 0.04583333333333333 0.06583333333333333
2 0.58525390625 0.518125 0.031966145833333334 0.09666666666666666
2 0.46458333333333335 0.5029166666666667 0.014583333333333334 0.020833333333333332
