5 0.37421875 0.5308333333333334 0.07239583333333334 0.08
2 0.33932291666666664 0.55125 0.06927083333333334 0.0775
5 0.24817708333333333 0.5695833333333333 0.15052083333333333 0.13416666666666666
2 0.50703125 0.5491666666666667 0.0859375 0.12166666666666667
0 0.66875 0.59625 0.07916666666666666 0.25583333333333336
5 0.8161458333333333 0.6125 0.36770833333333336 0.3516666666666667
5 0.9752604166666666 0.8245833333333333 0.049479166666666664 0.35083333333333333
2 0.4239583333333333 0.5216666666666666 0.0375 0.05
2 0.43723958333333335 0.5170833333333333 0.028645833333333332 0.0425
2 0.5958333333333333 0.5254166666666666 0.029166666666666667 0.0725
2 0.6255208333333333 0.5358333333333334 0.07083333333333333 0.095
2 0.5809895833333333 0.52375 0.018229166666666668 0.0475
2 0.5796875 0.5158333333333334 0.026041666666666668 0.05
2 0.45859375 0.5175 0.019270833333333334 0.028333333333333332
2 0.46171875 0.5145833333333333 0.021354166666666667 0.029166666666666667
5 0.5203125 0.49833333333333335 0.029166666666666667 0.018333333333333333
2 0.5651041666666666 0.5158333333333334 0.0125 0.03
2 0.47161458333333334 0.5095833333333334 0.0078125 0.0175
2 0.471875 0.5033333333333333 0.010416666666666666 0.011666666666666667
2 0.5630208333333333 0.51375 0.017708333333333333 0.030833333333333334
2 0.55078125 0.51 0.025520833333333333 0.02666666666666667
2 0.5388020833333333 0.51 0.005729166666666666 0.02
5 0.48046875 0.5016666666666667 0.008854166666666666 0.011666666666666667
