6 0.47682291666666665 0.20083333333333334 0.011979166666666667 0.055
6 0.34453125 0.20416666666666666 0.0140625 0.058333333333333334
2 0.49921875 0.5408333333333334 0.07135416666666666 0.10166666666666667
5 0.315625 0.53375 0.096875 0.0975
2 0.46953125 0.5066666666666667 0.0171875 0.03
2 0.371875 0.51625 0.06145833333333333 0.0725
5 0.42916666666666664 0.5079166666666667 0.026041666666666668 0.034166666666666665
5 0.5630208333333333 0.50875 0.04479166666666667 0.0625
6 0.13020833333333334 0.36791666666666667 0.017708333333333333 0.0575
5 0.44505208333333335 0.5025 0.022395833333333334 0.03
2 0.4066080729166667 0.5181770833333333 0.023372395833333334 0.0484375
2 0.44244791666666666 0.5066666666666667 0.009895833333333333 0.025
6 0.7173177083333333 0.34875 0.018489583333333334 0.059166666666666666
2 0.5269791666666667 0.50025 0.014583333333333275 0.022166666666666498
2 0.4572048611111112 0.5019444444444444 0.0109375 0.022222222222222095
2 0.49305555555555547 0.48620370370370364 0.03125 0.015
2 0.5383463541666667 0.5005729166666667 0.010677083333333334 0.043645833333333335
2 0.4114583333333333 0.5166666666666667 0.026041666666666668 0.03
2 0.54296875 0.5066666666666667 0.0078125 0.05333333333333334
