5 0.3703125 0.52875 0.06666666666666667 0.07583333333333334
2 0.33880208333333334 0.5475 0.06302083333333333 0.07166666666666667
5 0.25833333333333336 0.5654166666666667 0.134375 0.12583333333333332
2 0.48932291666666666 0.5495833333333333 0.08489583333333334 0.12083333333333333
0 0.6369791666666667 0.5820833333333333 0.06041666666666667 0.2125
5 0.77109375 0.58875 0.3328125 0.28583333333333333
5 0.9091145833333333 0.7195833333333334 0.18177083333333333 0.5258333333333334
2 0.41640625 0.52125 0.0359375 0.049166666666666664
2 0.4278645833333333 0.5158333333333334 0.028645833333333332 0.041666666666666664
2 0.5799479166666667 0.52375 0.0265625 0.06916666666666667
2 0.6041666666666666 0.52875 0.059375 0.0925
2 0.5666666666666667 0.5220833333333333 0.016666666666666666 0.04583333333333333
2 0.565625 0.5141666666666667 0.023958333333333335 0.04833333333333333
2 0.44817708333333334 0.5170833333333333 0.018229166666666668 0.0275
2 0.4510416666666667 0.5066666666666667 0.017708333333333333 0.013333333333333334
5 0.50859375 0.5041666666666667 0.030729166666666665 0.03166666666666667
2 0.5526041666666667 0.515 0.0125 0.03
2 0.5513020833333333 0.5116666666666667 0.018229166666666668 0.028333333333333332
2 0.5393229166666667 0.51 0.0234375 0.02666666666666667
2 0.5270833333333333 0.5108333333333334 0.00625 0.02
