5 0.37994791666666666 0.5379166666666667 0.09635416666666667 0.10083333333333333
2 0.3203125 0.5675 0.11041666666666666 0.10666666666666667
5 0.15130208333333334 0.6066666666666667 0.2765625 0.20833333333333334
2 0.5674479166666667 0.5445833333333333 0.07552083333333333 0.11416666666666667
0 0.9901041666666667 0.6445833333333333 0.019791666666666666 0.0525
5 0.9536458333333333 0.6825 0.09270833333333334 0.5133333333333333
2 0.44557291666666665 0.5233333333333333 0.04739583333333333 0.058333333333333334
2 0.46796875 0.5170833333333333 0.0265625 0.0475
2 0.6630208333333333 0.5345833333333333 0.04791666666666667 0.0925
2 0.7197916666666667 0.55125 0.121875 0.14583333333333334
2 0.6369791666666667 0.5295833333333333 0.028125 0.0575
2 0.6322916666666667 0.5191666666666667 0.0375 0.058333333333333334
2 0.48932291666666666 0.5175 0.021354166666666667 0.03166666666666667
2 0.49375 0.5141666666666667 0.022916666666666665 0.03166666666666667
5 0.5622395833333333 0.4920833333333333 0.025520833333333333 0.0075
2 0.6088541666666667 0.5175 0.021875 0.03333333333333333
2 0.5375 0.5116666666666667 0.013541666666666667 0.021666666666666667
2 0.5372395833333333 0.50125 0.0171875 0.0125
2 0.5046875 0.5133333333333333 0.010416666666666666 0.028333333333333332
2 0.5065104166666666 0.51 0.015104166666666667 0.03
2 0.6065104166666667 0.5079166666666667 0.021354166666666667 0.020833333333333332
2 0.5986979166666667 0.5075 0.0140625 0.023333333333333334
5 0.5151041666666667 0.5083333333333333 0.014583333333333334 0.028333333333333332
5 0.5239583333333333 0.50625 0.010416666666666666 0.024166666666666666
