2 0.8672916666666667 0.7664166666666666 0.26541666666666663 0.42316666666666664
2 0.7177083333333333 0.5943333333333334 0.17833333333333326 0.19833333333333333
2 0.5960416666666667 0.5508333333333333 0.058749999999999976 0.07199999999999998
2 0.5152083333333334 0.5427500000000001 0.04854166666666663 0.07016666666666671
2 0.06770833333333333 0.6483333333333333 0.13541666666666666 0.26166666666666666
2 0.25083333333333335 0.5656666666666667 0.12604166666666666 0.12233333333333339
2 0.35687499999999994 0.549 0.050416666666666644 0.0626666666666667
2 0.37822916666666667 0.5383333333333333 0.043333333333333356 0.056666666666666664
2 0.40203125000000006 0.53425 0.025729166666666654 0.04816666666666663
2 0.40734374999999995 0.5284166666666666 0.03364583333333335 0.046499999999999965
5 0.42510416666666667 0.5239166666666667 0.029166666666666667 0.04416666666666667
5 0.49729166666666663 0.5227499999999999 0.023958333333333335 0.04149999999999996
2 0.481875 0.5169166666666666 0.012083333333333357 0.019833333333333297
2 0.5763020833333333 0.5394166666666668 0.044687500000000095 0.06350000000000004
2 0.55609375 0.5359166666666667 0.014895833333333285 0.04816666666666663
2 0.5508854166666667 0.5335000000000001 0.014895833333333285 0.04133333333333326
2 0.54765625 0.5304166666666666 0.018645833333333427 0.03716666666666659
2 0.5494270833333332 0.5178333333333334 0.027395833333333286 0.028666666666666743
2 0.4663020833333334 0.5135833333333333 0.0140625 0.021833333333333278
2 0.5364583333333334 0.5129166666666667 0.010416666666666666 0.0175
2 0.44453125 0.5229166666666667 0.016145833333333335 0.0225
2 0.4471354166666667 0.5170833333333333 0.022395833333333334 0.030833333333333334
2 0.88515625 0.51875 0.09947916666666666 0.034166666666666665
2 0.94609375 0.5108333333333334 0.05364583333333333 0.056666666666666664
