5 0.37005208333333334 0.52875 0.06614583333333333 0.07583333333333334
2 0.33880208333333334 0.5470833333333334 0.06302083333333333 0.07083333333333333
5 0.259375 0.5641666666666667 0.13229166666666667 0.12333333333333334
2 0.48723958333333334 0.5491666666666667 0.08489583333333334 0.12333333333333334
0 0.6341145833333334 0.5795833333333333 0.05677083333333333 0.21083333333333334
5 0.7627604166666667 0.5866666666666667 0.3223958333333333 0.28
5 0.903125 0.715 0.19375 0.545
2 0.4153645833333333 0.5208333333333334 0.0359375 0.04666666666666667
2 0.42734375 0.5158333333333334 0.027604166666666666 0.041666666666666664
2 0.5783854166666667 0.52375 0.0265625 0.06916666666666667
2 0.6015625 0.5291666666666667 0.057291666666666664 0.09166666666666666
2 0.5651041666666666 0.5220833333333333 0.016666666666666666 0.04583333333333333
2 0.5638020833333334 0.5145833333333333 0.0234375 0.0475
2 0.446875 0.5170833333333333 0.017708333333333333 0.0275
2 0.45 0.50625 0.016666666666666666 0.0125
5 0.5072916666666667 0.5054166666666666 0.030208333333333334 0.034166666666666665
2 0.55078125 0.5145833333333333 0.011979166666666667 0.029166666666666667
2 0.5494791666666666 0.5125 0.017708333333333333 0.03
2 0.5377604166666666 0.51 0.0234375 0.02666666666666667
2 0.5255208333333333 0.5108333333333334 0.00625 0.018333333333333333
