2 0.49973958333333335 0.54875 0.07447916666666667 0.10916666666666666
5 0.14140625 0.595 0.25052083333333336 0.19666666666666666
2 0.4713541666666667 0.5066666666666667 0.014583333333333334 0.02666666666666667
2 0.30052083333333335 0.5408333333333334 0.115625 0.12166666666666667
5 0.41640625 0.5179166666666667 0.034895833333333334 0.04416666666666667
5 0.5973958333333333 0.5225 0.07291666666666667 0.09
5 0.4401041666666667 0.5083333333333333 0.026041666666666668 0.03666666666666667
2 0.3700520833333333 0.5333928571428571 0.04293154761904757 0.07035714285714277
2 0.5387586805555554 0.5055902777777778 0.023090277777777737 0.03770833333333334
2 0.45703125 0.50625 0.017708333333333333 0.02666666666666667
2 0.4984375 0.49020833333333313 0.03385416666666673 0.018749999999999906
2 0.5550595238095238 0.506904761904762 0.016964285714285647 0.05547619047619056
2 0.3888020833333333 0.53 0.0328125 0.04666666666666667
2 0.5637648809523809 0.5149404761904761 0.01889880952380949 0.07273809523809519
