5 0.37135416666666665 0.5291666666666667 0.06770833333333333 0.07666666666666666
2 0.33880208333333334 0.5483333333333333 0.06614583333333333 0.075
5 0.2565104166666667 0.56625 0.13802083333333334 0.1275
2 0.49375 0.5504166666666667 0.08541666666666667 0.1225
0 0.6440104166666667 0.5858333333333333 0.06302083333333333 0.21833333333333332
5 0.7895833333333333 0.5933333333333334 0.35625 0.3
5 0.9223958333333333 0.7541666666666667 0.15520833333333334 0.4583333333333333
2 0.41875 0.52125 0.036458333333333336 0.049166666666666664
2 0.43020833333333336 0.5158333333333334 0.029166666666666667 0.041666666666666664
2 0.5838541666666667 0.525 0.026041666666666668 0.07166666666666667
2 0.6098958333333333 0.53125 0.06145833333333333 0.0925
2 0.5705729166666667 0.5225 0.016145833333333335 0.04666666666666667
2 0.5692708333333333 0.5141666666666667 0.025 0.04833333333333333
2 0.4513020833333333 0.5170833333333333 0.019270833333333334 0.0275
2 0.45390625 0.5095833333333334 0.0171875 0.019166666666666665
5 0.5114583333333333 0.5 0.030208333333333334 0.023333333333333334
2 0.55625 0.515 0.0125 0.028333333333333332
2 0.46432291666666664 0.5 0.0078125 0.006666666666666667
2 0.5536458333333333 0.5120833333333333 0.017708333333333333 0.029166666666666667
2 0.5421875 0.51 0.023958333333333335 0.02666666666666667
2 0.5299479166666666 0.51 0.0067708333333333336 0.02
