2 0.009375 0.5620833333333334 0.01875 0.1275
6 0.4783854166666667 0.23541666666666666 0.009895833333333333 0.0475
6 0.35989583333333336 0.23708333333333334 0.0125 0.050833333333333335
2 0.49895833333333334 0.5416666666666666 0.07083333333333333 0.10166666666666667
5 0.32838541666666665 0.5345833333333333 0.08697916666666666 0.0925
2 0.46848958333333335 0.5058333333333334 0.0171875 0.02666666666666667
2 0.37942708333333336 0.51875 0.05677083333333333 0.06916666666666667
5 0.43046875 0.51 0.024479166666666666 0.03166666666666667
5 0.55703125 0.51125 0.0453125 0.059166666666666666
6 0.17135416666666667 0.38333333333333336 0.016666666666666666 0.051666666666666666
5 0.44479166666666664 0.5054166666666666 0.021875 0.029166666666666667
2 0.4096643518518518 0.5170833333333335 0.020949074074074047 0.046574074074074094
2 0.4421875 0.51 0.009375 0.02666666666666667
6 0.6911458333333333 0.36541666666666667 0.016666666666666666 0.0525
2 0.5254513888888889 0.4955833333333334 0.013194444444444405 0.012833333333333315
2 0.45687500000000003 0.5030833333333333 0.009791666666666702 0.021500000000000057
2 0.49187499999999995 0.4869166666666667 0.03125 0.015
2 0.5352864583333333 0.5025520833333333 0.009505208333333333 0.04114583333333333
2 0.41692708333333334 0.51875 0.018229166666666668 0.0375
2 0.5403645833333334 0.5083333333333333 0.0078125 0.051666666666666666
