2 0.40859375 0.5833333333333334 0.15364583333333334 0.16666666666666666
2 0.5669270833333333 0.5575 0.0703125 0.07666666666666666
2 0.23255208333333333 0.55625 0.12760416666666666 0.09083333333333334
2 0.51953125 0.5275 0.03802083333333333 0.04666666666666667
2 0.6080729166666666 0.54 0.0421875 0.05
2 0.62734375 0.5154166666666666 0.021354166666666667 0.0175
2 0.06197916666666667 0.5545833333333333 0.12395833333333334 0.0675
2 0.3984375 0.49166666666666664 0.03125 0.02
3 0.7653645833333333 0.5829166666666666 0.0484375 0.08083333333333333
0 0.7677083333333333 0.5604166666666667 0.030208333333333334 0.08083333333333333
0 0.81171875 0.5495833333333333 0.021354166666666667 0.0675
0 0.7549479166666667 0.5483333333333333 0.019270833333333334 0.03166666666666667
0 0.14270833333333333 0.54375 0.025 0.07583333333333334
2 0.35182291666666665 0.5145833333333333 0.022395833333333334 0.025833333333333333
5 0.415625 0.48833333333333334 0.029166666666666667 0.025
0 0.07427083333333334 0.5115000000000001 0.009375 0.017666666666666705
5 0.7231770833333333 0.5145833333333333 0.0234375 0.015833333333333335
6 0.5184895833333333 0.375 0.0296875 0.011666666666666667
6 0.5838541666666667 0.37875 0.019791666666666666 0.010833333333333334
6 0.9041666666666667 0.27458333333333335 0.034375 0.025833333333333333
6 0.98359375 0.235 0.0328125 0.035
0 0.11128472222222223 0.49541666666666667 0.009722222222222217 0.04111111111111114
0 0.0537202380952381 0.49309523809523803 0.013095238095238094 0.04119047619047611
6 0.15744047619047621 0.4695238095238095 0.009821428571428589 0.014047619047619074
6 0.16592261904761904 0.4713095238095238 0.004166666666666667 0.012619047619047592
6 0.07983630952380953 0.29113095238095243 0.03288690476190478 0.025833333333333333
6 0.12005208333333334 0.31902777777777774 0.022395833333333334 0.018055555555555523
2 0.7682291666666666 0.5179166666666667 0.015625 0.010833333333333334
2 0.3307291666666667 0.53375 0.03958333333333333 0.04416666666666667
