2 0.9643229166666667 0.7320833333333333 0.07135416666666666 0.26916666666666667
2 0.794748263888889 0.6298611111111111 0.22960069444444453 0.19916666666666666
2 0.67109375 0.5770833333333333 0.1171875 0.1375
5 0.58046875 0.5404166666666667 0.0734375 0.08916666666666667
2 0.6106770833333334 0.5708333333333333 0.0453125 0.08166666666666667
2 0.4703125 0.5395833333333333 0.042708333333333334 0.05583333333333333
5 0.49973958333333335 0.5179166666666667 0.0265625 0.05583333333333333
2 0.42630208333333336 0.5358333333333334 0.0265625 0.03333333333333333
2 0.3614583333333333 0.545 0.05 0.04833333333333333
2 0.178125 0.63625 0.22291666666666668 0.20083333333333334
5 0.38229166666666664 0.5325 0.036458333333333336 0.04833333333333333
2 0.030989583333333334 0.8304166666666667 0.06197916666666667 0.33916666666666667
2 0.24557291666666667 0.54625 0.0859375 0.0725
0 0.246875 0.5295833333333333 0.017708333333333333 0.025833333333333333
2 0.13385416666666666 0.5641666666666667 0.13229166666666667 0.11166666666666666
2 0.6221354166666667 0.5216666666666666 0.019791666666666666 0.0175
2 0.043229166666666666 0.5979166666666667 0.08645833333333333 0.1575
2 0.41067708333333336 0.5304166666666666 0.015104166666666667 0.024166666666666666
2 0.40182291666666664 0.535 0.0140625 0.03
7 0.6588541666666666 0.49166666666666664 0.00625 0.016666666666666666
