2 0.5375 0.53375 0.020833333333333332 0.025833333333333333
2 0.5265625 0.5279166666666667 0.014583333333333334 0.0225
2 0.57109375 0.5275 0.018229166666666668 0.01
2 0.7 0.5291666666666667 0.028125 0.02
2 0.4270833333333333 0.5345833333333333 0.05625 0.08416666666666667
3 0.6098958333333333 0.5479166666666667 0.0125 0.030833333333333334
0 0.6104166666666667 0.5283333333333333 0.008333333333333333 0.015
0 0.16197916666666667 0.5516666666666666 0.027083333333333334 0.09
0 0.14140625 0.5579166666666666 0.0203125 0.0775
2 0.3768229166666667 0.5391666666666667 0.0484375 0.06166666666666667
5 0.4583333333333333 0.5166666666666667 0.03958333333333333 0.07333333333333333
6 0.5888020833333333 0.33791666666666664 0.043229166666666666 0.015833333333333335
6 0.6802083333333333 0.3408333333333333 0.025 0.015
6 0.07819940476190476 0.4658928571428571 0.013541666666666667 0.019166666666666665
6 0.09609375 0.4665277777777777 0.008854166666666666 0.018055555555555523
2 0.3333333333333333 0.5558333333333333 0.06041666666666667 0.058333333333333334
2 0.4987847222222222 0.5244444444444445 0.027430555555555593 0.011111111111111047
2 0.48072916666666665 0.5258333333333334 0.007291666666666667 0.03
2 0.5809895833333333 0.55375 0.049479166666666664 0.059166666666666666
0 0.028125 0.5120833333333333 0.028125 0.0775
2 0.8716145833333333 0.685 0.25677083333333334 0.3333333333333333
0 0.01171875 0.5804166666666667 0.0234375 0.10583333333333333
0 0.00703125 0.52875 0.0140625 0.0375
