2 0.9885416666666667 0.6895833333333333 0.022916666666666665 0.13583333333333333
2 0.8164930555555556 0.6395833333333333 0.2520833333333333 0.2147222222222222
2 0.678125 0.58 0.125 0.14333333333333334
5 0.5815104166666667 0.5416666666666666 0.07447916666666667 0.09166666666666666
2 0.61484375 0.5720833333333334 0.0484375 0.08416666666666667
2 0.46901041666666665 0.5404166666666667 0.0421875 0.05583333333333333
5 0.49895833333333334 0.51875 0.027083333333333334 0.05583333333333333
2 0.4244791666666667 0.5366666666666666 0.026041666666666668 0.03333333333333333
2 0.3572916666666667 0.54625 0.051041666666666666 0.049166666666666664
2 0.14713541666666666 0.6525 0.2557291666666667 0.22166666666666668
5 0.37916666666666665 0.5329166666666667 0.03854166666666667 0.050833333333333335
2 0.23619791666666667 0.555 0.0921875 0.08833333333333333
0 0.2375 0.5395833333333333 0.020833333333333332 0.04083333333333333
2 0.11666666666666667 0.5654166666666667 0.14375 0.11416666666666667
2 0.6280381944444444 0.5220833333333333 0.024479166666666666 0.0175
2 0.030208333333333334 0.6008333333333333 0.06041666666666667 0.15333333333333332
2 0.40859375 0.5304166666666666 0.015104166666666667 0.024166666666666666
2 0.3997395833333333 0.53625 0.0140625 0.030833333333333334
7 0.6596354166666667 0.49041666666666667 0.0067708333333333336 0.016666666666666666
