2 0.9231770833333334 0.86125 0.15364583333333334 0.2775
2 0.8756510416666666 0.6347916666666666 0.24869791666666666 0.27125
2 0.7269097222222223 0.5409722222222222 0.15972222222222215 0.17194444444444437
2 0.6299479166666667 0.53 0.07552083333333333 0.09166666666666666
2 0.6013020833333333 0.5104166666666666 0.059895833333333336 0.07916666666666666
5 0.5614583333333333 0.49125 0.05 0.06583333333333333
2 0.5721354166666667 0.5104166666666666 0.018229166666666668 0.0525
2 0.4869791666666667 0.5004166666666666 0.04895833333333333 0.06583333333333333
5 0.5083333333333333 0.46625 0.022916666666666665 0.034166666666666665
2 0.44973958333333336 0.48625 0.019270833333333334 0.0275
2 0.4234375 0.49041666666666667 0.03854166666666667 0.035833333333333335
2 0.3731770833333333 0.5179166666666667 0.059895833333333336 0.06916666666666667
5 0.40572916666666664 0.4845833333333333 0.030208333333333334 0.0425
2 0.29635416666666664 0.5679166666666666 0.13125 0.1425
2 0.13450520833333332 0.7384375 0.26901041666666664 0.41854166666666665
2 0.33098958333333334 0.48833333333333334 0.0453125 0.04
0 0.32838541666666665 0.48625 0.013020833333333334 0.020833333333333332
2 0.284375 0.48333333333333334 0.05625 0.035
2 0.5255208333333333 0.49166666666666664 0.03229166666666667 0.035
2 0.22109375 0.5179166666666667 0.09010416666666667 0.08416666666666667
7 0.6393229166666666 0.4508333333333333 0.0046875 0.0125
