2 0.9979166666666667 0.5966666666666667 0.004166666666666667 0.051666666666666666
0 0.9434895833333333 0.51625 0.016145833333333335 0.060833333333333336
0 0.8588541666666667 0.5229166666666667 0.010416666666666666 0.059166666666666666
0 0.7494791666666667 0.555 0.036458333333333336 0.13333333333333333
0 0.7002604166666667 0.5658333333333333 0.0265625 0.12666666666666668
0 0.6270833333333333 0.5520833333333334 0.03333333333333333 0.1075
0 0.5856770833333333 0.5470833333333334 0.034895833333333334 0.12416666666666666
0 0.4908854166666667 0.4820833333333333 0.016145833333333335 0.0675
0 0.38046875 0.6204166666666666 0.04635416666666667 0.2175
2 0.2796875 0.6125 0.30416666666666664 0.18833333333333332
0 0.9609375 0.5141666666666667 0.007291666666666667 0.045
0 0.9682291666666667 0.51375 0.015625 0.0525
6 0.42942708333333335 0.029166666666666667 0.0671875 0.058333333333333334
6 0.6052083333333333 0.4175 0.020833333333333332 0.02666666666666667
6 0.6322916666666667 0.4225 0.014583333333333334 0.028333333333333332
0 0.4322916666666667 0.4608333333333333 0.015625 0.035
2 0.1790625 0.57225 0.1375 0.10883333333333335
2 0.09088541666666666 0.5483333333333333 0.10885416666666667 0.115
2 0.023697916666666666 0.53875 0.04739583333333333 0.060833333333333336
2 0.006510416666666667 0.50375 0.013020833333333334 0.014166666666666666
