2 0.4552083333333333 0.5783333333333334 0.140625 0.17
2 0.6052083333333333 0.5629166666666666 0.09270833333333334 0.09583333333333334
2 0.3221354166666667 0.5495833333333333 0.11302083333333333 0.09083333333333334
2 0.540625 0.5245833333333333 0.04583333333333333 0.05583333333333333
2 0.64140625 0.5416666666666666 0.04635416666666667 0.056666666666666664
2 0.62890625 0.5091666666666667 0.018229166666666668 0.013333333333333334
2 0.08229166666666667 0.5458333333333333 0.13958333333333334 0.06333333333333334
2 0.40703125 0.51125 0.0328125 0.060833333333333336
3 0.8432291666666667 0.595 0.06145833333333333 0.09833333333333333
0 0.8453125 0.5625 0.03958333333333333 0.1
0 0.8153645833333333 0.53875 0.016145833333333335 0.07083333333333333
0 0.82890625 0.5545833333333333 0.0234375 0.0875
0 0.15494791666666666 0.5383333333333333 0.0203125 0.07333333333333333
0 0.165625 0.5258333333333334 0.011458333333333333 0.051666666666666666
2 0.9856770833333334 0.5575 0.028645833333333332 0.041666666666666664
2 0.36796875 0.5166666666666667 0.03177083333333333 0.043333333333333335
5 0.42239583333333336 0.4841666666666667 0.029166666666666667 0.023333333333333334
0 0.1064360119047619 0.5040476190476191 0.009002976190476186 0.019047619047619074
5 0.7497395833333333 0.51 0.0203125 0.02
6 0.5239583333333333 0.37416666666666665 0.03125 0.011666666666666667
6 0.5856770833333333 0.37666666666666665 0.0171875 0.013333333333333334
6 0.8833333333333333 0.2841666666666667 0.029166666666666667 0.02666666666666667
6 0.9552083333333333 0.25083333333333335 0.036458333333333336 0.03166666666666667
0 0.12506510416666666 0.4897916666666667 0.011458333333333333 0.0425
0 0.08532986111111111 0.4890277777777778 0.009895833333333333 0.03833333333333333
6 0.17905505952380954 0.467142857142857 0.009598214285714264 0.013095238095238054
6 0.18746279761904763 0.4679761904761904 0.004241071428571412 0.013333333333333334
6 0.11158854166666667 0.3003125 0.028255208333333334 0.025833333333333333
6 0.14674479166666668 0.3233333333333333 0.017447916666666667 0.016875
2 0.7637152777777777 0.5126388888888889 0.010069444444444523 0.010277777777777714
