2 0.5713541666666667 0.5354166666666667 0.019791666666666666 0.024166666666666666
2 0.5611979166666666 0.53 0.015104166666666667 0.021666666666666667
2 0.7408854166666666 0.5316666666666666 0.028645833333333332 0.021666666666666667
2 0.46067708333333335 0.5358333333333334 0.05572916666666667 0.09333333333333334
3 0.6416666666666667 0.5466666666666666 0.014583333333333334 0.03166666666666667
0 0.6447916666666667 0.5283333333333333 0.007291666666666667 0.015
0 0.1875 0.5533333333333333 0.029166666666666667 0.09333333333333334
0 0.1625 0.5595833333333333 0.020833333333333332 0.0825
2 0.40963541666666664 0.5425 0.04739583333333333 0.06333333333333334
5 0.49375 0.5195833333333333 0.040625 0.0775
6 0.6317708333333333 0.3275 0.041666666666666664 0.016666666666666666
6 0.7325520833333333 0.33 0.0265625 0.016666666666666666
6 0.09761904761904763 0.4637500000000001 0.015178571428571411 0.02178571428571426
6 0.1159970238095238 0.46452380952380945 0.010416666666666666 0.018095238095238053
6 0.005208333333333333 0.215 0.010416666666666666 0.021666666666666667
2 0.3619791666666667 0.5575 0.06354166666666666 0.06333333333333334
2 0.5330729166666667 0.5261111111111111 0.028298611111111132 0.011111111111111143
2 0.51640625 0.52875 0.0078125 0.0325
2 0.6104166666666667 0.5520833333333334 0.04479166666666667 0.0525
0 0.05078125 0.5233333333333333 0.0296875 0.08
2 0.8776041666666666 0.6558333333333334 0.24479166666666666 0.26666666666666666
0 0.029166666666666667 0.5533333333333333 0.026041666666666668 0.09166666666666666
