2 0.28958333333333336 0.5783333333333334 0.17708333333333334 0.16833333333333333
2 0.5302083333333333 0.5416666666666666 0.05 0.055
2 0.032552083333333336 0.5625 0.06510416666666667 0.09333333333333334
2 0.5005208333333333 0.5204166666666666 0.030208333333333334 0.0375
2 0.5723958333333333 0.5329166666666667 0.040625 0.04083333333333333
2 0.63515625 0.5166666666666667 0.025520833333333333 0.018333333333333333
2 0.06067708333333333 0.5529166666666666 0.034895833333333334 0.059166666666666666
2 0.39479166666666665 0.5170833333333333 0.041666666666666664 0.07416666666666667
3 0.6833333333333333 0.56375 0.030208333333333334 0.0625
0 0.68359375 0.5483333333333333 0.022395833333333334 0.06166666666666667
0 0.8229166666666666 0.5504166666666667 0.019791666666666666 0.07916666666666666
0 0.12786458333333334 0.5425 0.021354166666666667 0.08333333333333333
2 0.35911458333333335 0.515 0.016145833333333335 0.03166666666666667
5 0.415625 0.5058333333333334 0.034375 0.06333333333333334
0 0.040327380952380955 0.5077976190476191 0.01443452380952381 0.019166666666666665
6 0.5239583333333333 0.36291666666666667 0.034375 0.010833333333333334
6 0.5947916666666667 0.36583333333333334 0.019791666666666666 0.011666666666666667
6 0.9744791666666667 0.23583333333333334 0.03958333333333333 0.03666666666666667
0 0.005052083333333334 0.4871666666666666 0.0096875 0.036999999999999984
6 0.12447916666666667 0.46458333333333335 0.009895833333333333 0.016666666666666666
6 0.1351996527777778 0.46625 0.005815972222222232 0.014166666666666666
6 0.021223958333333334 0.258125 0.037760416666666664 0.030416666666666668
6 0.07395833333333333 0.29375 0.025 0.019166666666666665
2 0.7925347222222222 0.5168055555555556 0.009375 0.009722222222222191
2 0.45043402777777775 0.5112500000000001 0.0265625 0.00805555555555562
2 0.43411458333333336 0.5133333333333333 0.005729166666666666 0.028333333333333332
2 0.8888020833333333 0.80125 0.22239583333333332 0.3975
