2 0.87890625 0.7143055555555555 0.2421875 0.328611111111111
2 0.73125 0.6066666666666667 0.178125 0.18
5 0.5940104166666667 0.555 0.08489583333333334 0.10333333333333333
2 0.63828125 0.5925 0.06510416666666667 0.1
2 0.4700520833333333 0.55125 0.04114583333333333 0.05416666666666667
5 0.5010416666666667 0.5283333333333333 0.029166666666666667 0.06
2 0.42291666666666666 0.54875 0.028125 0.0375
2 0.346875 0.5604166666666667 0.053125 0.05416666666666667
2 0.0953125 0.7508333333333334 0.190625 0.3566666666666667
5 0.3763020833333333 0.54625 0.04010416666666667 0.050833333333333335
2 0.19869791666666667 0.5829166666666666 0.12239583333333333 0.11583333333333333
0 0.20442708333333334 0.5925 0.0296875 0.11666666666666667
2 0.07057291666666667 0.5558333333333333 0.14114583333333333 0.07333333333333333
2 0.6609375 0.5308333333333334 0.05520833333333333 0.025
2 0.40859375 0.5420833333333334 0.015104166666666667 0.025833333333333333
2 0.39869791666666665 0.5479166666666667 0.015104166666666667 0.030833333333333334
2 0.44817708333333334 0.53875 0.0109375 0.0125
7 0.67265625 0.4975 0.0067708333333333336 0.016666666666666666
