0 0.8838541666666667 0.55625 0.04583333333333333 0.14916666666666667
0 0.8322916666666667 0.5695833333333333 0.040625 0.13916666666666666
0 0.7494791666666667 0.5541666666666667 0.020833333333333332 0.12166666666666667
0 0.695138888888889 0.5495833333333333 0.042708333333333334 0.1352777777777778
0 0.5826388888888888 0.4791666666666667 0.015972222222222263 0.06833333333333333
0 0.47291666666666665 0.635 0.052083333333333336 0.24944444444444447
2 0.3651041666666667 0.6216666666666667 0.321875 0.21
6 0.71796875 0.40791666666666665 0.024479166666666666 0.034166666666666665
6 0.7471354166666667 0.41083333333333333 0.015104166666666667 0.03166666666666667
0 0.5231770833333333 0.45666666666666667 0.015104166666666667 0.03333333333333333
2 0.26397569444444446 0.5720833333333333 0.1328125 0.11194444444444439
2 0.1828125 0.5458333333333333 0.10208333333333333 0.11833333333333333
2 0.11171875 0.5436111111111112 0.06579861111111109 0.07277777777777772
2 0.08515625 0.52875 0.0609375 0.06916666666666667
5 0.03802083333333333 0.5091666666666667 0.057291666666666664 0.06333333333333334
2 0.053125 0.5270833333333333 0.01875 0.04416666666666667
2 0.008854166666666666 0.5354166666666667 0.017708333333333333 0.0825
