2 0.9369791666666667 0.56375 0.109375 0.1125
2 0.977734375 0.5360416666666666 0.04453125 0.10041666666666667
0 0.85234375 0.51375 0.013020833333333334 0.050833333333333335
0 0.79453125 0.525 0.013020833333333334 0.05
0 0.6677083333333333 0.5519444444444443 0.030555555555555596 0.12388888888888885
0 0.6233593749999999 0.5613958333333333 0.024062500000000025 0.11754166666666672
0 0.5388020833333333 0.54875 0.005729166666666666 0.0975
0 0.5114583333333333 0.5466666666666666 0.02833333333333338 0.11666666666666667
0 0.4276041666666667 0.4841666666666667 0.014583333333333334 0.065
0 0.32174479166666664 0.611875 0.045572916666666664 0.20208333333333334
2 0.21901041666666668 0.6075 0.29739583333333336 0.17666666666666667
0 0.8690104166666667 0.515 0.008854166666666666 0.043333333333333335
0 0.8723958333333334 0.5141666666666667 0.010416666666666666 0.04666666666666667
6 0.36796875 0.056666666666666664 0.06197916666666667 0.06
6 0.5350260416666667 0.42583333333333334 0.019010416666666665 0.02666666666666667
6 0.5610026041666667 0.4284375 0.013411458333333333 0.028125
0 0.36875 0.4633333333333333 0.013541666666666667 0.03
2 0.1171875 0.5729166666666666 0.14375 0.10916666666666666
2 0.041666666666666664 0.5452083333333333 0.08333333333333333 0.11125
