2 0.8796875 0.52625 0.041666666666666664 0.0425
3 0.9276041666666667 0.5304166666666666 0.0125 0.029166666666666667
2 0.8361979166666667 0.5183333333333333 0.021354166666666667 0.023333333333333334
5 0.7302083333333333 0.5245833333333333 0.075 0.11583333333333333
2 0.6033854166666667 0.5516666666666666 0.07864583333333333 0.08
2 0.6572916666666665 0.5300000000000001 0.06076388888888881 0.07722222222222229
5 0.7572916666666667 0.5029166666666667 0.05 0.09083333333333334
2 0.8204861111111111 0.512638888888889 0.014930555555555594 0.018611111111111144
0 0.5776041666666667 0.51375 0.0125 0.04083333333333333
0 0.5161458333333333 0.519861111111111 0.015625 0.046388888888888855
0 0.4010416666666667 0.5452083333333333 0.025 0.10791666666666666
0 0.36796875 0.5516666666666666 0.019270833333333334 0.095
6 0.9828125 0.21541666666666667 0.034375 0.0275
0 0.27708333333333335 0.5390833333333334 0.023749999999999983 0.08516666666666671
0 0.2552083333333333 0.54375 0.026041666666666668 0.10083333333333333
0 0.1876736111111111 0.48444444444444446 0.015625 0.06166666666666667
0 0.1166015625 0.5922916666666667 0.03606770833333333 0.16166666666666665
2 0.07473958333333333 0.59 0.14947916666666666 0.15166666666666667
0 0.9270833333333334 0.50875 0.00625 0.0125
2 0.765625 0.5420833333333334 0.007291666666666667 0.0425
2 0.6911458333333333 0.5283333333333333 0.014583333333333334 0.045
0 0.5932291666666667 0.5054166666666666 0.010416666666666666 0.0175
6 0.15026041666666667 0.12875 0.0546875 0.05583333333333333
2 0.7966145833333333 0.50625 0.005729166666666666 0.006666666666666667
6 0.29348958333333336 0.43833333333333335 0.016145833333333335 0.023333333333333334
6 0.3170572916666667 0.44104166666666667 0.012239583333333333 0.022916666666666665
0 0.12395833333333334 0.46291666666666664 0.013541666666666667 0.030833333333333334
6 0.015885416666666666 0.03333333333333333 0.03177083333333333 0.05333333333333334
