2 0.8255208333333334 0.7408333333333333 0.3489583333333333 0.4633333333333333
2 0.7546875 0.58625 0.25416666666666665 0.17083333333333334
2 0.6112413194444445 0.539513888888889 0.12161458333333333 0.14875
2 0.5359375 0.5314583333333334 0.06197916666666667 0.08125
2 0.5140625 0.5141666666666667 0.05520833333333333 0.07333333333333333
5 0.4783854166666667 0.49541666666666667 0.04635416666666667 0.0625
2 0.48854166666666665 0.5116666666666667 0.01875 0.04666666666666667
2 0.4080729166666667 0.50875 0.0515625 0.0675
5 0.42864583333333334 0.46708333333333335 0.022916666666666665 0.0275
2 0.3723958333333333 0.4925 0.016666666666666666 0.02666666666666667
2 0.34921875 0.495 0.03697916666666667 0.035
2 0.30078125 0.5216666666666666 0.05260416666666667 0.06333333333333334
5 0.32760416666666664 0.4895833333333333 0.028125 0.03916666666666667
2 0.23697916666666666 0.5658333333333333 0.11145833333333334 0.12833333333333333
2 0.10963541666666667 0.6977083333333334 0.21927083333333333 0.32208333333333333
2 0.253125 0.49541666666666667 0.046875 0.03916666666666667
0 0.24947916666666667 0.4925 0.0125 0.02
2 0.20677083333333332 0.49333333333333335 0.05625 0.03666666666666667
2 0.44166666666666665 0.49666666666666665 0.03125 0.035
2 0.15026041666666667 0.51875 0.0921875 0.06916666666666667
7 0.5544270833333333 0.45625 0.0046875 0.0125
