2 0.2078125 0.5695833333333333 0.18645833333333334 0.1625
2 0.51953125 0.5304166666666666 0.04114583333333333 0.0475
2 0.4947916666666667 0.51125 0.026041666666666668 0.035833333333333335
2 0.5619791666666667 0.5241666666666667 0.036458333333333336 0.03666666666666667
2 0.6385416666666667 0.5095833333333334 0.025 0.020833333333333332
2 0.026822916666666665 0.5545833333333333 0.05364583333333333 0.07583333333333334
2 0.3921875 0.5108333333333334 0.04375 0.07666666666666666
3 0.6518229166666667 0.5508333333333333 0.027604166666666666 0.055
0 0.6541666666666667 0.535 0.019791666666666666 0.055
0 0.834375 0.52875 0.015625 0.0425
0 0.125 0.5408333333333334 0.020833333333333332 0.075
0 0.11666666666666667 0.5333333333333333 0.009375 0.06
2 0.3484375 0.5179166666666667 0.0375 0.050833333333333335
5 0.41510416666666666 0.4995833333333333 0.036458333333333336 0.0675
0 0.024837239583333334 0.5055729166666667 0.0154296875 0.027604166666666666
6 0.5268229166666667 0.35041666666666665 0.034895833333333334 0.014166666666666666
6 0.6005208333333333 0.3541666666666667 0.019791666666666666 0.011666666666666667
6 0.10807291666666667 0.4558333333333333 0.011979166666666667 0.016666666666666666
6 0.12079613095238097 0.45815476190476184 0.0067708333333333336 0.01559523809523815
6 0.006380208333333333 0.24208333333333334 0.012760416666666666 0.021666666666666667
6 0.05182291666666667 0.27479166666666666 0.02890625 0.025
2 0.3151041666666667 0.5304166666666666 0.04375 0.050833333333333335
2 0.45173611111111106 0.5048611111111111 0.027083333333333334 0.009166666666666667
2 0.4354166666666667 0.5070833333333333 0.005208333333333333 0.025833333333333333
2 0.83515625 0.7266666666666667 0.3296875 0.3616666666666667
