2 0.453125 0.5779166666666666 0.14270833333333333 0.16916666666666666
2 0.6033854166666667 0.5633333333333334 0.09322916666666667 0.09333333333333334
2 0.3190104166666667 0.5495833333333333 0.1140625 0.09083333333333334
2 0.5393229166666667 0.5241666666666667 0.0453125 0.05333333333333334
2 0.6401041666666667 0.5420833333333334 0.046875 0.0575
2 0.6283854166666667 0.50875 0.018229166666666668 0.0125
2 0.08151041666666667 0.5454166666666667 0.13802083333333334 0.0625
2 0.40651041666666665 0.5120833333333333 0.03177083333333333 0.060833333333333336
3 0.8385416666666666 0.5925 0.0625 0.1
0 0.8416666666666667 0.56625 0.03958333333333333 0.09583333333333334
0 0.8153645833333333 0.5366666666666666 0.016145833333333335 0.06833333333333333
0 0.8255208333333334 0.5570833333333334 0.023958333333333335 0.08583333333333333
0 0.15390625 0.5383333333333333 0.0203125 0.07333333333333333
0 0.16484375 0.5258333333333334 0.0109375 0.05
2 0.9861979166666667 0.5616666666666666 0.027604166666666666 0.041666666666666664
2 0.3671875 0.5170833333333333 0.03333333333333333 0.04583333333333333
5 0.42239583333333336 0.48375 0.029166666666666667 0.024166666666666666
0 0.10479910714285715 0.5043452380952381 0.009151785714285706 0.018928571428571482
5 0.7479166666666667 0.5091666666666667 0.016666666666666666 0.018333333333333333
6 0.5231770833333333 0.37416666666666665 0.0296875 0.011666666666666667
6 0.58515625 0.3775 0.0171875 0.013333333333333334
6 0.8833333333333333 0.28458333333333335 0.03229166666666667 0.025833333333333333
6 0.9578125 0.2475 0.036458333333333336 0.03
0 0.12434895833333333 0.49 0.011458333333333333 0.0425
0 0.08411458333333334 0.4891666666666667 0.009895833333333333 0.03833333333333333
6 0.17793898809523812 0.4673214285714286 0.009747023809523784 0.013214285714285741
6 0.1863467261904762 0.46809523809523806 0.004389880952380932 0.013333333333333334
6 0.10989583333333333 0.2997916666666667 0.028385416666666666 0.025833333333333333
6 0.1453125 0.3229166666666667 0.017708333333333333 0.017083333333333332
2 0.7630208333333334 0.5125 0.010416666666666666 0.01
