2 0.8716145833333333 0.6625 0.25677083333333334 0.31833333333333336
5 0.6424479166666667 0.5525 0.1109375 0.12833333333333333
2 0.7317708333333334 0.6120833333333333 0.128125 0.13916666666666666
2 0.4895833333333333 0.5408333333333334 0.040625 0.05333333333333334
5 0.5236979166666667 0.5175 0.030729166666666665 0.06333333333333334
2 0.43802083333333336 0.5404166666666667 0.03125 0.04083333333333333
2 0.3453125 0.5554166666666667 0.059375 0.0625
5 0.3875 0.5379166666666667 0.04479166666666667 0.05416666666666667
2 0.13229166666666667 0.5908333333333333 0.196875 0.15666666666666668
0 0.14583333333333334 0.6004166666666667 0.03958333333333333 0.1525
2 0.012239583333333333 0.6275 0.024479166666666666 0.17166666666666666
2 0.4244791666666667 0.5316666666666666 0.016666666666666666 0.02666666666666667
2 0.4125 0.5379166666666667 0.01875 0.034166666666666665
2 0.037760416666666664 0.5333333333333333 0.07552083333333333 0.025
7 0.7153645833333333 0.485 0.008854166666666666 0.021666666666666667
