2 0.08828125 0.5729166666666666 0.1765625 0.15083333333333335
2 0.5088541666666667 0.5270833333333333 0.03229166666666667 0.0375
2 0.4903645833333333 0.5158333333333334 0.021354166666666667 0.028333333333333332
2 0.5489583333333333 0.5254166666666666 0.030208333333333334 0.0325
2 0.6434895833333333 0.515 0.025520833333333333 0.02
2 0.39140625 0.5183333333333333 0.04635416666666667 0.075
0 0.6208333333333333 0.5220833333333333 0.0125 0.015833333333333335
0 0.8427083333333333 0.5533333333333333 0.020833333333333332 0.08
2 0.3458333333333333 0.5225 0.036458333333333336 0.055
5 0.41640625 0.5054166666666666 0.03697916666666667 0.0675
0 0.010546875 0.5123958333333334 0.014583333333333334 0.031041666666666665
6 0.53125 0.34958333333333336 0.0375 0.014166666666666666
6 0.609375 0.35333333333333333 0.022916666666666665 0.013333333333333334
6 0.0935267857142857 0.45940476190476187 0.0125 0.017142857142857036
6 0.10621279761904762 0.4613095238095239 0.005729166666666666 0.016904761904761947
6 0.02900390625 0.26536458333333335 0.0314453125 0.025520833333333333
2 0.3098958333333333 0.53625 0.051041666666666666 0.05416666666666667
2 0.45416666666666666 0.5104166666666666 0.026041666666666668 0.009166666666666667
2 0.43723958333333335 0.5129166666666667 0.005729166666666666 0.025833333333333333
2 0.6604166666666667 0.6041666666666666 0.159375 0.15333333333333332
0 0.0484375 0.485 0.01875 0.04
