2 0.4515625 0.5179166666666667 0.019791666666666666 0.0275
5 0.4197916666666667 0.49 0.06145833333333333 0.05333333333333334
2 0.8559895833333333 0.7004166666666667 0.28802083333333334 0.3625
2 0.69765625 0.5916666666666667 0.1453125 0.15833333333333333
2 0.40234375 0.5379166666666667 0.07239583333333334 0.059166666666666666
2 0.5166666666666667 0.5066666666666667 0.014583333333333334 0.021666666666666667
0 0.6260416666666667 0.5054166666666666 0.017708333333333333 0.014166666666666666
5 0.08854166666666667 0.52125 0.1375 0.07583333333333334
2 0.27890625 0.5358333333333334 0.0765625 0.04666666666666667
2 0.5720238095238095 0.5027380952380952 0.0846726190476191 0.03095238095238102
5 0.6520833333333333 0.5029166666666667 0.040625 0.025833333333333333
7 0.2716145833333333 0.48333333333333334 0.0067708333333333336 0.023333333333333334
2 0.0359375 0.53375 0.071875 0.0625
2 0.019010416666666665 0.54625 0.03802083333333333 0.03916666666666667
2 0.46145833333333336 0.5041666666666667 0.027083333333333334 0.013333333333333334
2 0.659375 0.52 0.053125 0.03166666666666667
5 0.1390625 0.52 0.08541666666666667 0.07
