5 0.90625 0.7083333333333334 0.1875 0.5833333333333334
2 0.57109375 0.5454166666666667 0.033854166666666664 0.05416666666666667
5 0.14296875 0.7341666666666666 0.2859375 0.5316666666666666
2 0.3841145833333333 0.5820833333333333 0.08072916666666667 0.08916666666666667
5 0.21901041666666668 0.5329166666666667 0.07760416666666667 0.05416666666666667
2 0.48203125 0.5275 0.011979166666666667 0.015
2 0.7744791666666667 0.6245833333333334 0.19375 0.21083333333333334
2 0.6755208333333333 0.5645833333333333 0.115625 0.1525
5 0.45208333333333334 0.5183333333333333 0.0375 0.04
2 0.5528645833333333 0.545 0.015104166666666667 0.04
2 0.5473958333333333 0.5408333333333334 0.0125 0.03333333333333333
2 0.40989583333333335 0.5416666666666666 0.04479166666666667 0.02666666666666667
2 0.19895833333333332 0.5425 0.015625 0.03833333333333333
2 0.5192708333333333 0.5254166666666666 0.009375 0.015833333333333335
2 0.5372395833333333 0.5325 0.009895833333333333 0.016666666666666666
0 0.5723958333333333 0.5141666666666667 0.008333333333333333 0.013333333333333334
5 0.33359375 0.53375 0.050520833333333334 0.035833333333333335
2 0.20963541666666666 0.5445833333333333 0.018229166666666668 0.0325
