2 0.12473958333333333 0.7570833333333333 0.24947916666666667 0.3525
2 0.33046875 0.6483333333333333 0.20989583333333334 0.19666666666666666
2 0.47109375 0.6091666666666666 0.10572916666666667 0.11
2 0.02734375 0.5625 0.0546875 0.035
2 0.08984375 0.5645833333333333 0.11822916666666666 0.04416666666666667
2 0.096875 0.5633333333333334 0.10729166666666666 0.058333333333333334
2 0.13671875 0.5629166666666666 0.10260416666666666 0.0675
2 0.47708333333333336 0.54875 0.053125 0.019166666666666665
2 0.41015625 0.5583333333333333 0.058854166666666666 0.04666666666666667
2 0.27395833333333336 0.5929166666666666 0.084375 0.0775
2 0.3295833333333333 0.5461666666666667 0.03229166666666667 0.012666666666666705
5 0.26817708333333334 0.56375 0.08135416666666666 0.0575
0 0.22161458333333334 0.5516666666666666 0.011979166666666667 0.06166666666666667
2 0.5221354166666666 0.5458333333333333 0.043229166666666666 0.02
2 0.53515625 0.5883333333333334 0.07135416666666666 0.08166666666666667
2 0.5700520833333333 0.575 0.043229166666666666 0.06166666666666667
2 0.5893229166666667 0.5616666666666666 0.0390625 0.055
2 0.5794270833333334 0.5175 0.0265625 0.016666666666666666
2 0.60703125 0.5533333333333333 0.033854166666666664 0.051666666666666666
2 0.5966145833333333 0.5229166666666667 0.0078125 0.010833333333333334
2 0.6348958333333333 0.5275 0.015625 0.018333333333333333
2 0.64375 0.525 0.010416666666666666 0.015
2 0.6502604166666667 0.5229166666666667 0.0067708333333333336 0.0125
2 0.34953125 0.5446666666666667 0.04052083333333331 0.012000000000000077
2 0.6934895833333333 0.52625 0.0140625 0.0175
2 0.7127604166666667 0.5333333333333333 0.018229166666666668 0.021666666666666667
2 0.7033854166666667 0.52125 0.0078125 0.009166666666666667
2 0.7291666666666666 0.5266666666666666 0.013541666666666667 0.018333333333333333
2 0.7700520833333333 0.53875 0.028645833333333332 0.035833333333333335
2 0.7955729166666666 0.5570833333333334 0.03697916666666667 0.059166666666666666
2 0.8182291666666667 0.5691666666666667 0.06666666666666667 0.08
7 0.76171875 0.50625 0.0067708333333333336 0.010833333333333334
2 0.6049479166666667 0.52 0.027604166666666666 0.02
2 0.55390625 0.5215277777777777 0.028645833333333332 0.0175
5 0.85546875 0.5341666666666667 0.0515625 0.041666666666666664
