0 0.87890625 0.6379166666666667 0.07864583333333333 0.4241666666666667
2 0.17552083333333332 0.5229166666666667 0.034375 0.04583333333333333
2 0.09609375 0.5141666666666667 0.0421875 0.023333333333333334
2 0.753125 0.5879166666666666 0.19375 0.14416666666666667
2 0.6731770833333334 0.5704166666666667 0.16197916666666667 0.10416666666666667
2 0.6721354166666667 0.5170833333333333 0.0296875 0.0075
2 0.7125 0.52125 0.04895833333333333 0.020833333333333332
2 0.7484375 0.5095833333333334 0.04583333333333333 0.0125
2 0.7713541666666667 0.5079166666666667 0.03229166666666667 0.019166666666666665
2 0.7578125 0.5220833333333333 0.059375 0.024166666666666666
2 0.9299479166666667 0.5104166666666666 0.04114583333333333 0.015833333333333335
2 0.91796875 0.5241666666666667 0.015104166666666667 0.015
2 0.9541666666666667 0.5720833333333334 0.09166666666666666 0.12916666666666668
2 0.4315104166666667 0.5504166666666667 0.0578125 0.07916666666666666
2 0.5013020833333334 0.5458333333333333 0.09635416666666667 0.09166666666666666
5 0.5703125 0.54875 0.17604166666666668 0.12916666666666668
5 0.01953125 0.4979166666666667 0.0390625 0.0875
2 0.32005208333333335 0.5283333333333333 0.23489583333333333 0.058333333333333334
2 0.16796875 0.5154166666666666 0.0265625 0.04083333333333333
7 0.5203125 0.4008333333333333 0.011458333333333333 0.06333333333333334
