0 0.8191840277777779 0.6402777777777778 0.13350694444444441 0.3922222222222223
2 0.171875 0.52375 0.034375 0.04583333333333333
2 0.09921875 0.5204166666666666 0.0453125 0.0125
2 0.77734375 0.59125 0.2484375 0.14416666666666667
2 0.6671875 0.57 0.15625 0.10333333333333333
2 0.6682291666666667 0.5175 0.027083333333333334 0.006666666666666667
2 0.709375 0.5220833333333333 0.04895833333333333 0.020833333333333332
2 0.7466145833333333 0.5129166666666667 0.049479166666666664 0.015833333333333335
2 0.7677083333333333 0.5083333333333333 0.03333333333333333 0.018333333333333333
2 0.7557291666666667 0.5233333333333333 0.06041666666666667 0.021666666666666667
2 0.9015625 0.52625 0.0875 0.0375
2 0.8989583333333333 0.5379166666666667 0.046875 0.0325
2 0.9447916666666667 0.5733333333333334 0.11041666666666666 0.12833333333333333
2 0.42734375 0.5520833333333334 0.0578125 0.07916666666666666
2 0.49765625 0.5466666666666666 0.09635416666666667 0.09166666666666666
5 0.565625 0.54875 0.17604166666666668 0.12916666666666668
2 0.07604166666666666 0.51875 0.007291666666666667 0.0125
5 0.0171875 0.49916666666666665 0.034375 0.085
2 0.31536458333333334 0.5291666666666667 0.23489583333333333 0.058333333333333334
2 0.16432291666666668 0.5166666666666667 0.0265625 0.04
7 0.5171875 0.40291666666666665 0.010416666666666666 0.06583333333333333
