0 0.7372395833333333 0.6270833333333333 0.0859375 0.3525
2 0.16692708333333334 0.5270833333333333 0.034895833333333334 0.04583333333333333
2 0.10416666666666667 0.5216666666666666 0.042708333333333334 0.013333333333333334
2 0.7736979166666667 0.5941666666666666 0.24739583333333334 0.14666666666666667
2 0.6442708333333333 0.5733333333333334 0.11979166666666667 0.1
2 0.66484375 0.5220833333333333 0.0296875 0.0075
2 0.69453125 0.5220833333333333 0.0234375 0.0125
2 0.76015625 0.5154166666666666 0.013020833333333334 0.009166666666666667
2 0.7658854166666667 0.5133333333333333 0.033854166666666664 0.018333333333333333
2 0.7682291666666666 0.5208333333333334 0.023958333333333335 0.008333333333333333
2 0.8973958333333333 0.52875 0.0875 0.035833333333333335
2 0.8963541666666667 0.5416666666666666 0.046875 0.03666666666666667
2 0.9434895833333333 0.5783333333333334 0.11302083333333333 0.12833333333333333
2 0.4234375 0.55625 0.058333333333333334 0.07916666666666666
2 0.4940104166666667 0.5508333333333333 0.09635416666666667 0.09166666666666666
5 0.5635416666666667 0.5545833333333333 0.17604166666666668 0.12916666666666668
2 0.07291666666666667 0.5225 0.013541666666666667 0.011666666666666667
5 0.014322916666666666 0.5029166666666667 0.028645833333333332 0.08416666666666667
2 0.31171875 0.5333333333333333 0.23489583333333333 0.058333333333333334
2 0.15911458333333334 0.5195833333333333 0.0265625 0.04083333333333333
7 0.5125 0.4058333333333333 0.011458333333333333 0.065
