2 0.26614583333333336 0.5179166666666667 0.03125 0.0425
2 0.16875 0.5095833333333334 0.03958333333333333 0.025833333333333333
2 0.8598958333333333 0.5754166666666667 0.25729166666666664 0.1425
2 0.7471354166666667 0.5579166666666666 0.15885416666666666 0.10083333333333333
2 0.7471354166666667 0.5070833333333333 0.025520833333333333 0.0075
2 0.790625 0.5095833333333334 0.04895833333333333 0.020833333333333332
2 0.83046875 0.4995833333333333 0.05364583333333333 0.0125
2 0.8528645833333334 0.49625 0.033854166666666664 0.019166666666666665
2 0.8390625 0.5108333333333334 0.06041666666666667 0.02
2 0.9744791666666667 0.5133333333333333 0.051041666666666666 0.03833333333333333
2 0.9828125 0.52375 0.034375 0.0375
2 0.9890625 0.56875 0.021875 0.09916666666666667
2 0.5046875 0.5416666666666666 0.041666666666666664 0.075
2 0.5783854166666667 0.5366666666666666 0.09114583333333333 0.09166666666666666
5 0.65 0.53875 0.17604166666666668 0.12416666666666666
5 0.0703125 0.48 0.140625 0.145
2 0.4036458333333333 0.5233333333333333 0.21875 0.058333333333333334
2 0.2526041666666667 0.5108333333333334 0.013541666666666667 0.03833333333333333
7 0.5973958333333333 0.39625 0.011458333333333333 0.059166666666666666
