2 0.23359375 0.5191666666666667 0.0328125 0.043333333333333335
2 0.13958333333333334 0.5108333333333334 0.042708333333333334 0.02666666666666667
2 0.83046875 0.57625 0.2515625 0.14416666666666667
2 0.71796875 0.5579166666666666 0.15885416666666666 0.10083333333333333
2 0.7182291666666667 0.5083333333333333 0.026041666666666668 0.006666666666666667
2 0.7604166666666666 0.5104166666666666 0.04895833333333333 0.020833333333333332
2 0.79765625 0.4995833333333333 0.0484375 0.0125
2 0.8205729166666667 0.4979166666666667 0.033854166666666664 0.019166666666666665
2 0.8075520833333333 0.5116666666666667 0.059895833333333336 0.021666666666666667
2 0.9578125 0.5125 0.084375 0.04
2 0.9544270833333334 0.5241666666666667 0.0453125 0.03666666666666667
2 0.9734375 0.5608333333333333 0.053125 0.12
2 0.4796875 0.5433333333333333 0.05520833333333333 0.07666666666666666
2 0.5497395833333333 0.5383333333333333 0.0921875 0.09166666666666666
5 0.6192708333333333 0.5395833333333333 0.17604166666666668 0.1275
5 0.05182291666666667 0.48375 0.10364583333333334 0.12083333333333333
2 0.3765625 0.525 0.23020833333333332 0.058333333333333334
2 0.21953125 0.5116666666666667 0.015104166666666667 0.03833333333333333
7 0.5677083333333334 0.39625 0.0125 0.059166666666666666
