2 0.38255208333333335 0.51125 0.028645833333333332 0.04083333333333333
2 0.28151041666666665 0.5045833333333334 0.03177083333333333 0.024166666666666666
2 0.9184895833333333 0.5720833333333334 0.16302083333333334 0.14083333333333334
2 0.8591145833333333 0.5545833333333333 0.17135416666666667 0.10083333333333333
2 0.86171875 0.505 0.034895833333333334 0.006666666666666667
2 0.9091145833333333 0.5070833333333333 0.0515625 0.020833333333333332
2 0.9518229166666666 0.49833333333333335 0.0546875 0.015
2 0.9783854166666667 0.49375 0.0390625 0.019166666666666665
2 0.9567708333333333 0.505 0.04895833333333333 0.011666666666666667
2 0.6130208333333333 0.5366666666666666 0.040625 0.07333333333333333
2 0.6861979166666666 0.5308333333333334 0.09114583333333333 0.085
5 0.7546875 0.5325 0.17604166666666668 0.12333333333333334
2 0.30078125 0.505 0.0078125 0.015
5 0.18828125 0.4766666666666667 0.15989583333333332 0.13
2 0.35703125 0.50625 0.011979166666666667 0.009166666666666667
2 0.5091145833333334 0.5158333333333334 0.2234375 0.051666666666666666
2 0.37083333333333335 0.5016666666666667 0.014583333333333334 0.03166666666666667
7 0.703125 0.39958333333333335 0.011458333333333333 0.059166666666666666
