2 0.41953125 0.56 0.08177083333333333 0.09333333333333334
2 0.5986979166666667 0.5066666666666667 0.025520833333333333 0.035
2 0.97109375 0.5645833333333333 0.0578125 0.07416666666666667
2 0.9572916666666667 0.5458333333333333 0.08541666666666667 0.075
2 0.7927083333333333 0.5291666666666667 0.04375 0.058333333333333334
2 0.8450520833333334 0.5233333333333333 0.0828125 0.06166666666666667
5 0.9125 0.53 0.17083333333333334 0.09833333333333333
2 0.5216145833333333 0.50125 0.009895833333333333 0.014166666666666666
5 0.44505208333333335 0.47333333333333333 0.10677083333333333 0.09666666666666666
2 0.5625 0.49833333333333335 0.028125 0.018333333333333333
2 0.70703125 0.5116666666666667 0.19322916666666667 0.04666666666666667
2 0.9911458333333333 0.50375 0.017708333333333333 0.010833333333333334
7 0.8450520833333334 0.42291666666666666 0.0046875 0.03916666666666667
