0 0.41171875 0.6175 0.0578125 0.2916666666666667
2 0.01328125 0.5341666666666667 0.0265625 0.05
2 0.6747395833333333 0.6254166666666666 0.2546875 0.16083333333333333
2 0.5606770833333333 0.5979166666666667 0.1671875 0.1075
2 0.5640625 0.5416666666666666 0.030208333333333334 0.01
2 0.6044270833333333 0.545 0.0484375 0.02
2 0.6385416666666667 0.5358333333333334 0.04791666666666667 0.013333333333333334
2 0.65859375 0.5341666666666667 0.0390625 0.018333333333333333
2 0.65 0.5491666666666667 0.06145833333333333 0.023333333333333334
2 0.7859375 0.5525 0.08125 0.03333333333333333
2 0.9216145833333333 0.555 0.0578125 0.035
2 0.9833333333333333 0.5479166666666667 0.03333333333333333 0.014166666666666666
2 0.7966145833333333 0.5654166666666667 0.0546875 0.0375
2 0.9653645833333333 0.5979166666666667 0.06927083333333334 0.09416666666666666
2 0.8611979166666667 0.6070833333333333 0.1515625 0.1325
2 0.30052083333333335 0.5725 0.06666666666666667 0.08833333333333333
2 0.35625 0.5675 0.06354166666666666 0.09833333333333333
5 0.45729166666666665 0.5754166666666667 0.2 0.13916666666666666
2 0.18072916666666666 0.5445833333333333 0.26145833333333335 0.06916666666666667
2 0.013541666666666667 0.5158333333333334 0.027083333333333334 0.025
7 0.39791666666666664 0.4066666666666667 0.0125 0.06833333333333333
