2 0.25286458333333334 0.5991666666666666 0.17239583333333333 0.17166666666666666
2 0.540625 0.49583333333333335 0.027083333333333334 0.03833333333333333
2 0.440625 0.4895833333333333 0.014583333333333334 0.020833333333333332
2 0.9838541666666667 0.5666666666666667 0.03229166666666667 0.07333333333333333
2 0.9575520833333333 0.5379166666666667 0.08489583333333334 0.09083333333333334
2 0.7588541666666667 0.5195833333333333 0.03854166666666667 0.06916666666666667
2 0.8270833333333333 0.5133333333333333 0.084375 0.07666666666666666
5 0.9015625 0.5183333333333333 0.18645833333333334 0.115
2 0.459375 0.4895833333333333 0.010416666666666666 0.014166666666666666
5 0.3731770833333333 0.4633333333333333 0.12239583333333333 0.11333333333333333
2 0.5088541666666667 0.4866666666666667 0.025 0.018333333333333333
2 0.6609375 0.5020833333333333 0.2125 0.05583333333333333
7 0.84140625 0.39208333333333334 0.008854166666666666 0.0425
