2 0.0734375 0.6154166666666666 0.146875 0.14583333333333334
5 0.1625 0.6129166666666667 0.26458333333333334 0.18583333333333332
2 0.31614583333333335 0.65375 0.23125 0.14083333333333334
2 0.43645833333333334 0.68875 0.315625 0.21583333333333332
2 0.6466145833333333 0.6491666666666667 0.14947916666666666 0.145
2 0.75234375 0.6325 0.0984375 0.09833333333333333
2 0.3372395833333333 0.5708333333333333 0.033854166666666664 0.011666666666666667
2 0.3796875 0.5775 0.05416666666666667 0.028333333333333332
2 0.42135416666666664 0.5816666666666667 0.065625 0.03
2 0.42135416666666664 0.56375 0.051041666666666666 0.014166666666666666
2 0.46145833333333336 0.56625 0.06770833333333333 0.030833333333333334
2 0.75390625 0.5804166666666667 0.05260416666666667 0.015833333333333335
2 0.69375 0.585 0.05416666666666667 0.03666666666666667
2 0.009375 0.5595833333333333 0.01875 0.010833333333333334
2 0.5832291666666667 0.5993333333333333 0.057083333333333285 0.04233333333333329
2 0.6067708333333334 0.5733333333333334 0.025 0.00966666666666659
5 0.5611458333333333 0.5824166666666667 0.06333333333333334 0.03683333333333337
0 0.5225260416666667 0.5695833333333333 0.006510416666666667 0.030416666666666668
2 0.80078125 0.5804166666666667 0.043229166666666666 0.019166666666666665
2 0.8184895833333333 0.6216666666666667 0.06822916666666666 0.07833333333333334
2 0.8528645833333334 0.61125 0.04739583333333333 0.0625
2 0.87578125 0.6004166666666667 0.0453125 0.05583333333333333
2 0.87109375 0.5554166666666667 0.028645833333333332 0.014166666666666666
2 0.8997395833333334 0.5933333333333334 0.03697916666666667 0.05333333333333334
2 0.8901041666666667 0.5608333333333333 0.011458333333333333 0.01
2 0.9372395833333333 0.5675 0.021354166666666667 0.021666666666666667
2 0.95 0.565 0.010416666666666666 0.015
2 0.9572916666666667 0.5645833333333333 0.010416666666666666 0.015833333333333335
2 0.6325520833333333 0.5741666666666667 0.022395833333333334 0.006666666666666667
2 0.9009114583333333 0.5572916666666666 0.03359375 0.022916666666666665
2 0.83984375 0.5579166666666666 0.033854166666666664 0.0175
