2 0.4518229166666667 0.5375 0.050520833333333334 0.06166666666666667
2 0.042621527777777786 0.5615277777777778 0.08524305555555557 0.09861111111111105
0 0.9421875 0.56125 0.013541666666666667 0.1725
2 0.58671875 0.5033333333333333 0.0234375 0.03166666666666667
2 0.8932291666666666 0.5379166666666667 0.10416666666666667 0.0775
2 0.8713541666666667 0.5275 0.08229166666666667 0.056666666666666664
2 0.7453125 0.5170833333333333 0.0375 0.04416666666666667
2 0.7872395833333333 0.5095833333333334 0.058854166666666666 0.0425
5 0.83125 0.5183333333333333 0.13854166666666667 0.07833333333333334
2 0.5174479166666667 0.49916666666666665 0.009895833333333333 0.013333333333333334
5 0.44635416666666666 0.47833333333333333 0.09583333333333334 0.095
2 0.5473958333333333 0.49583333333333335 0.028125 0.018333333333333333
2 0.6846354166666667 0.5058333333333334 0.1578125 0.04
2 0.92734375 0.495 0.025520833333333333 0.008333333333333333
7 0.771875 0.4354166666666667 0.003125 0.0275
