0 0.14713541666666666 0.66125 0.08385416666666666 0.3425
2 0.22604166666666667 0.6095833333333334 0.10416666666666667 0.14083333333333334
5 0.3015625 0.60375 0.23333333333333334 0.16916666666666666
2 0.425 0.6320833333333333 0.18541666666666667 0.12083333333333333
2 0.5484375 0.67 0.28229166666666666 0.185
2 0.7442708333333333 0.6408333333333334 0.14583333333333334 0.13833333333333334
2 0.8544270833333333 0.6291666666666667 0.10052083333333334 0.09666666666666666
2 0.4361979166666667 0.565 0.0359375 0.01
2 0.48098958333333336 0.5708333333333333 0.04739583333333333 0.021666666666666667
2 0.52421875 0.5758333333333333 0.06614583333333333 0.028333333333333332
2 0.5174479166666667 0.5591666666666667 0.049479166666666664 0.013333333333333334
2 0.5489583333333333 0.5608333333333333 0.053125 0.02666666666666667
2 0.85625 0.5770833333333333 0.057291666666666664 0.015833333333333335
2 0.790625 0.58 0.05520833333333333 0.03166666666666667
2 0.11666666666666667 0.5854166666666667 0.029166666666666667 0.0525
2 0.10494791666666667 0.5691666666666667 0.0390625 0.03833333333333333
2 0.09614583333333333 0.5575833333333332 0.05562500000000001 0.038833333333333254
2 0.06510416666666667 0.5691666666666667 0.078125 0.06
2 0.06114583333333334 0.5513333333333333 0.075 0.0376666666666667
2 0.0303125 0.5439999999999999 0.04437499999999999 0.025
2 0.6792317708333333 0.5942708333333333 0.057421875 0.040625
2 0.7002604166666667 0.5690833333333334 0.03760416666666657 0.009166666666666667
5 0.6596354166666668 0.5785833333333333 0.06739583333333338 0.0325
0 0.6163541666666666 0.5646666666666665 0.00916666666666662 0.026333333333333257
2 0.90703125 0.57625 0.043229166666666666 0.0175
2 0.9244791666666666 0.6195833333333334 0.071875 0.07916666666666666
2 0.9640625 0.6104166666666667 0.05 0.0625
2 0.9825520833333333 0.5991666666666666 0.034895833333333334 0.058333333333333334
2 0.9888020833333333 0.5525 0.022395833333333334 0.013333333333333334
2 0.9541666666666665 0.5569444444444444 0.03888888888888881 0.023333333333333334
