2 0.6778645833333333 0.5908333333333333 0.12135416666666667 0.13
2 0.47421875 0.5279166666666667 0.015104166666666667 0.020833333333333332
5 0.44114583333333335 0.5083333333333333 0.04791666666666667 0.04833333333333333
2 0.6075520833333333 0.5704166666666667 0.0546875 0.08083333333333333
2 0.5893229166666667 0.5575 0.04114583333333333 0.06333333333333334
2 0.40625 0.53875 0.06354166666666666 0.0375
2 0.5244791666666667 0.5229166666666667 0.016666666666666666 0.020833333333333332
0 0.5986979166666667 0.51625 0.011979166666666667 0.0225
5 0.25416666666666665 0.5220833333333333 0.07395833333333333 0.049166666666666664
2 0.359375 0.53875 0.03854166666666667 0.035833333333333335
2 0.5630208333333333 0.5175 0.057291666666666664 0.023333333333333334
5 0.62421875 0.5183333333333333 0.0203125 0.015
7 0.35130208333333335 0.5008333333333334 0.0026041666666666665 0.013333333333333334
2 0.22682291666666668 0.5266666666666666 0.0421875 0.03666666666666667
2 0.15864583333333332 0.5319999999999999 0.06687499999999999 0.04966666666666659
2 0.17182291666666666 0.5247499999999999 0.08552083333333334 0.05350000000000004
2 0.20989583333333334 0.5294166666666666 0.05437500000000002 0.04083333333333333
