2 0.43645833333333334 0.5194444444444444 0.029166666666666667 0.03555555555555552
5 0.40859375 0.48041666666666666 0.07447916666666667 0.06583333333333333
2 0.35234375 0.5595833333333333 0.08385416666666666 0.11416666666666667
2 0.5214409722222222 0.5019444444444444 0.018576388888888927 0.02666666666666667
0 0.6796875 0.5033333333333333 0.021875 0.07166666666666667
2 0.1703125 0.5425 0.11041666666666666 0.06166666666666667
2 0.5816840277777777 0.5027083333333332 0.09600694444444452 0.037361111111111046
5 0.6807291666666667 0.5054166666666666 0.08125 0.04583333333333333
7 0.178125 0.4691666666666667 0.0125 0.035
2 0.4744791666666667 0.4995833333333333 0.027083333333333334 0.015833333333333335
2 0.7309895833333333 0.52125 0.09010416666666667 0.04583333333333333
2 0.7690104166666667 0.5029166666666667 0.019270833333333334 0.030833333333333334
