2 0.5544270833333333 0.5416666666666666 0.0453125 0.065
2 0.5369791666666667 0.53 0.029166666666666667 0.045
5 0.4940104166666667 0.5208333333333334 0.0265625 0.03833333333333333
2 0.61640625 0.4891666666666667 0.0984375 0.03666666666666667
2 0.9563802083333334 0.4328125 0.08723958333333333 0.08229166666666667
2 0.38307291666666665 0.5358333333333334 0.04114583333333333 0.04833333333333333
2 0.309375 0.5608333333333333 0.08125 0.07333333333333333
2 0.3411458333333333 0.5058333333333334 0.016666666666666666 0.02666666666666667
5 0.7494791666666667 0.46208333333333335 0.051041666666666666 0.029166666666666667
2 0.3026041666666667 0.51375 0.029166666666666667 0.025833333333333333
2 0.4713541666666667 0.5184375 0.009375 0.015625
2 0.8078125 0.46958333333333335 0.07708333333333334 0.04583333333333333
0 0.40203993055555554 0.5161805555555555 0.006163194444444405 0.022361111111111047
