2 0.8799479166666667 0.7475 0.24010416666666667 0.505
2 0.043229166666666666 0.5558333333333333 0.08645833333333333 0.11333333333333333
2 0.5088541666666667 0.5741666666666667 0.13229166666666667 0.18833333333333332
2 0.03509114583333333 0.5041666666666667 0.07018229166666666 0.0325
2 0.71875 0.60875 0.21041666666666667 0.22083333333333333
2 0.40390625 0.5258333333333334 0.033854166666666664 0.04
2 0.4393229166666667 0.5279166666666667 0.028645833333333332 0.04083333333333333
2 0.42265625 0.5220833333333333 0.0140625 0.034166666666666665
6 0.18072916666666666 0.3070833333333333 0.019791666666666666 0.060833333333333336
6 0.38723958333333336 0.295 0.016145833333333335 0.06666666666666667
6 0.2877604166666667 0.28541666666666665 0.018229166666666668 0.07083333333333333
6 0.3229166666666667 0.3904166666666667 0.011458333333333333 0.0275
6 0.3046875 0.3854166666666667 0.011458333333333333 0.030833333333333334
6 0.3359375 0.4608333333333333 0.007291666666666667 0.028333333333333332
6 0.4864583333333333 0.40291666666666665 0.007291666666666667 0.0325
6 0.5372395833333333 0.40208333333333335 0.0078125 0.0325
6 0.5997395833333333 0.45708333333333334 0.0067708333333333336 0.020833333333333332
6 0.6473958333333333 0.36375 0.010416666666666666 0.035833333333333335
6 0.66796875 0.34291666666666665 0.013020833333333334 0.034166666666666665
2 0.6875 0.46958333333333335 0.041666666666666664 0.029166666666666667
2 0.5672348484848487 0.49056818181818157 0.017708333333333333 0.01204545454545439
2 0.6690104166666667 0.46875 0.0078125 0.019166666666666665
6 0.7315104166666667 0.40375 0.009895833333333333 0.0225
2 0.43776041666666665 0.5058333333333334 0.015104166666666667 0.006666666666666667
2 0.06614583333333333 0.535 0.027083333333333334 0.028333333333333332
2 0.0541015625 0.5198958333333333 0.060807291666666666 0.058125
