2 0.8669270833333333 0.7491666666666666 0.26614583333333336 0.5016666666666667
2 0.026302083333333334 0.5608333333333333 0.05260416666666667 0.10333333333333333
2 0.5059895833333333 0.5616666666666666 0.09635416666666667 0.14333333333333334
2 0.02463541666666667 0.5099166666666667 0.04927083333333334 0.034166666666666665
2 0.66640625 0.59625 0.1515625 0.1775
2 0.3841145833333333 0.5354166666666667 0.04635416666666667 0.050833333333333335
2 0.4276041666666667 0.5408333333333334 0.04375 0.051666666666666666
2 0.40989583333333335 0.52125 0.013541666666666667 0.020833333333333332
6 0.15494791666666666 0.2966666666666667 0.022395833333333334 0.065
6 0.37916666666666665 0.2841666666666667 0.019791666666666666 0.07
6 0.2713541666666667 0.2725 0.020833333333333332 0.07166666666666667
6 0.31536458333333334 0.39 0.013020833333333334 0.028333333333333332
6 0.29583333333333334 0.3829166666666667 0.013541666666666667 0.0325
6 0.33046875 0.46625 0.0078125 0.025833333333333333
6 0.48671875 0.405 0.0078125 0.03166666666666667
6 0.53984375 0.40458333333333335 0.0078125 0.0325
6 0.6049479166666667 0.4625 0.0078125 0.025
6 0.65703125 0.36291666666666667 0.011979166666666667 0.034166666666666665
6 0.6794270833333333 0.33958333333333335 0.0140625 0.03916666666666667
2 0.6950520833333333 0.47583333333333333 0.043229166666666666 0.03
2 0.56796875 0.4961904761904761 0.025520833333333333 0.011666666666666667
2 0.6765625 0.47291666666666665 0.007291666666666667 0.0175
2 0.5517113095238095 0.49690476190476196 0.016369047619047686 0.013809523809523891
6 0.7521875 0.40225000000000005 0.010416666666666666 0.02150000000000001
2 0.43743489583333334 0.5119791666666667 0.015755208333333333 0.007291666666666667
2 0.02713541666666667 0.5385000000000001 0.05427083333333334 0.05933333333333337
2 0.6453125 0.48824074074074075 0.008333333333333333 0.017222222222222097
2 0.45338541666666665 0.5320833333333334 0.019270833333333334 0.03916666666666667
2 0.03333333333333333 0.5291666666666667 0.06666666666666667 0.07
