2 0.5549479166666667 0.5475 0.044270833333333336 0.06166666666666667
2 0.53671875 0.53625 0.027604166666666666 0.04583333333333333
5 0.49557291666666664 0.5295833333333333 0.024479166666666666 0.0375
2 0.6306107954545453 0.48636363636363633 0.1163352272727271 0.037727272727272713
2 0.3611979166666667 0.5495833333333333 0.05364583333333333 0.059166666666666666
2 0.24322916666666666 0.5854166666666667 0.12291666666666666 0.10583333333333333
2 0.33515625 0.5129166666666667 0.018229166666666668 0.0275
5 0.7809895833333333 0.46416666666666667 0.0796875 0.03
2 0.28125 0.5241666666666667 0.040625 0.03333333333333333
2 0.4713541666666667 0.5279166666666667 0.009375 0.015833333333333335
2 0.8489583333333334 0.46791666666666665 0.0875 0.04583333333333333
0 0.39739583333333334 0.5275 0.008333333333333333 0.03
