2 0.8713541666666667 0.74625 0.25729166666666664 0.5075
2 0.0484375 0.5545833333333333 0.096875 0.11083333333333334
2 0.5075520833333333 0.57375 0.12864583333333332 0.1875
2 0.03763020833333333 0.504375 0.07526041666666666 0.034583333333333334
2 0.7088541666666667 0.6041666666666666 0.2 0.21333333333333335
2 0.4049479166666667 0.5241666666666667 0.033854166666666664 0.04
2 0.44036458333333334 0.5270833333333333 0.028645833333333332 0.03916666666666667
2 0.4236979166666667 0.52125 0.0140625 0.034166666666666665
6 0.1875 0.3145833333333333 0.01875 0.0575
6 0.38958333333333334 0.29833333333333334 0.014583333333333334 0.065
6 0.2921875 0.28875 0.017708333333333333 0.06583333333333333
6 0.32395833333333335 0.39 0.011458333333333333 0.02666666666666667
6 0.3072916666666667 0.38625 0.011458333333333333 0.030833333333333334
6 0.3380208333333333 0.46208333333333335 0.007291666666666667 0.025833333333333333
6 0.4864583333333333 0.4025 0.008333333333333333 0.03166666666666667
6 0.5369791666666667 0.40375 0.007291666666666667 0.0325
6 0.5986979166666667 0.45708333333333334 0.0067708333333333336 0.020833333333333332
6 0.6440104166666667 0.36625 0.009895833333333333 0.030833333333333334
6 0.6653645833333334 0.3441666666666667 0.013020833333333334 0.03666666666666667
2 0.68671875 0.4691666666666667 0.0390625 0.028333333333333332
2 0.5664062499999999 0.4906944444444445 0.017534722222222143 0.013611111111111048
2 0.6666666666666666 0.46861111111111103 0.0076388888888889285 0.019444444444444476
6 0.72671875 0.40541666666666665 0.009895833333333333 0.0225
2 0.4388020833333333 0.5054166666666666 0.015104166666666667 0.006666666666666667
2 0.0609375 0.5195833333333333 0.059375 0.05583333333333333
