2 0.8890625 0.76125 0.221875 0.4775
2 0.02734375 0.5545833333333333 0.0546875 0.09916666666666667
2 0.5078125 0.5608333333333333 0.109375 0.16333333333333333
2 0.025520833333333333 0.5028333333333334 0.051041666666666666 0.03533333333333341
2 0.696875 0.6020833333333333 0.184375 0.21083333333333334
2 0.390625 0.5254166666666666 0.041666666666666664 0.0475
2 0.4317708333333333 0.5304166666666666 0.03958333333333333 0.049166666666666664
2 0.41328125 0.5145833333333333 0.0171875 0.0275
6 0.15416666666666667 0.28791666666666665 0.020833333333333332 0.060833333333333336
6 0.37864583333333335 0.27416666666666667 0.01875 0.07
6 0.27057291666666666 0.26208333333333333 0.019270833333333334 0.07416666666666667
6 0.31536458333333334 0.38125 0.013020833333333334 0.0275
6 0.29635416666666664 0.3745833333333333 0.013541666666666667 0.0325
6 0.33046875 0.45708333333333334 0.0078125 0.025833333333333333
6 0.48671875 0.39666666666666667 0.0078125 0.03166666666666667
6 0.53984375 0.3954166666666667 0.0078125 0.0325
6 0.6044270833333333 0.455 0.0078125 0.025
6 0.6557291666666667 0.3545833333333333 0.011458333333333333 0.034166666666666665
6 0.67890625 0.32958333333333334 0.0140625 0.03916666666666667
2 0.6948958333333335 0.4690000000000001 0.043229166666666666 0.03199999999999989
2 0.5676215277777777 0.48791666666666667 0.025520833333333333 0.013055555555555523
2 0.67685546875 0.46567708333333335 0.0077473958333333336 0.0190625
2 0.5532986111111111 0.48805555555555563 0.01076388888888881 0.013333333333333334
6 0.7520833333333333 0.39225 0.010416666666666666 0.022833333333333313
2 0.43776041666666665 0.503125 0.015104166666666667 0.006666666666666667
2 0.027213541666666667 0.5272916666666667 0.054427083333333334 0.06125
2 0.6454861111111112 0.4814583333333333 0.0076388888888889285 0.016527777777777808
2 0.45416666666666666 0.5220833333333333 0.017708333333333333 0.034166666666666665
2 0.03315972222222222 0.5205555555555555 0.06458333333333334 0.06944444444444438
