2 0.5580729166666667 0.5616666666666666 0.05364583333333333 0.07166666666666667
2 0.53359375 0.5475 0.0234375 0.05
5 0.49114583333333334 0.53875 0.029166666666666667 0.04416666666666667
2 0.3890625 0.5825 0.078125 0.09
6 0.47369791666666666 0.22666666666666666 0.0203125 0.09
6 0.6252604166666667 0.22833333333333333 0.0203125 0.08833333333333333
6 0.8083333333333333 0.39166666666666666 0.026041666666666668 0.07333333333333333
2 0.2635416666666667 0.5833333333333334 0.125 0.12666666666666668
6 0.009895833333333333 0.39875 0.019791666666666666 0.07083333333333333
2 0.88671875 0.4525 0.09947916666666666 0.06833333333333333
2 0.5909327651515152 0.5039393939393939 0.06519886363636367 0.03196969696969698
2 0.8095833333333332 0.46791666666666665 0.06895833333333339 0.060833333333333336
2 0.41901041666666666 0.54125 0.021354166666666667 0.029166666666666667
2 0.3828125 0.5366666666666666 0.03229166666666667 0.008333333333333333
2 0.35520833333333335 0.5233333333333333 0.016666666666666666 0.025
5 0.6929166666666666 0.48016666666666663 0.025833333333333285 0.019333333333333372
2 0.33203125 0.5375 0.0203125 0.03666666666666667
2 0.46989583333333335 0.5313333333333333 0.009375 0.013999999999999962
2 0.32734375 0.5366666666666666 0.025520833333333333 0.035
