2 0.8731770833333333 0.7466666666666667 0.25364583333333335 0.5066666666666667
2 0.047135416666666666 0.5554166666666667 0.09427083333333333 0.1125
2 0.5078125 0.57375 0.13125 0.19083333333333333
2 0.036848958333333334 0.5047916666666666 0.07369791666666667 0.03375
2 0.7104166666666667 0.6058333333333333 0.20104166666666667 0.21666666666666667
2 0.4049479166666667 0.525 0.033854166666666664 0.041666666666666664
2 0.4395833333333333 0.5283333333333333 0.028125 0.04
2 0.4231770833333333 0.52125 0.0140625 0.034166666666666665
6 0.18671875 0.3129166666666667 0.018229166666666668 0.05583333333333333
6 0.3885416666666667 0.29833333333333334 0.014583333333333334 0.065
6 0.2916666666666667 0.2920833333333333 0.01875 0.06583333333333333
6 0.32395833333333335 0.3904166666666667 0.011458333333333333 0.0275
6 0.30625 0.38625 0.011458333333333333 0.030833333333333334
6 0.3375 0.46291666666666664 0.008333333333333333 0.024166666666666666
6 0.4864583333333333 0.4033333333333333 0.008333333333333333 0.03166666666666667
6 0.5369791666666667 0.40375 0.007291666666666667 0.0325
6 0.5986979166666667 0.45875 0.0067708333333333336 0.020833333333333332
6 0.6450520833333333 0.3645833333333333 0.0109375 0.034166666666666665
6 0.66484375 0.345 0.013020833333333334 0.03833333333333333
2 0.6864583333333333 0.46958333333333335 0.040625 0.029166666666666667
2 0.5665798611111109 0.49106481481481484 0.017650462962962857 0.012870370370370286
2 0.6671875 0.46888888888888897 0.007986111111111072 0.018888888888888858
6 0.7275520833333332 0.40541666666666665 0.009895833333333333 0.0225
2 0.4388020833333333 0.5058333333333334 0.015104166666666667 0.006666666666666667
2 0.07083333333333333 0.5308333333333334 0.021875 0.018333333333333333
2 0.059375 0.5198611111111111 0.05972222222222221 0.056388888888888954
