2 0.7296875 0.63 0.20833333333333334 0.23333333333333334
2 0.51015625 0.54875 0.0609375 0.0925
2 0.014908854166666667 0.5398958333333334 0.029817708333333335 0.04020833333333333
2 0.6059895833333333 0.5654166666666667 0.08072916666666667 0.10083333333333333
2 0.33697916666666666 0.5520833333333334 0.06770833333333333 0.07416666666666667
2 0.38619791666666664 0.5733333333333334 0.0859375 0.09333333333333334
2 0.39348958333333334 0.5233333333333333 0.0265625 0.016666666666666666
6 0.11588541666666667 0.27416666666666667 0.025520833333333333 0.07
6 0.371875 0.2575 0.020833333333333332 0.08333333333333333
6 0.25052083333333336 0.24583333333333332 0.027083333333333334 0.08
6 0.3111979166666667 0.38916666666666666 0.0140625 0.03166666666666667
6 0.29010416666666666 0.3804166666666667 0.013541666666666667 0.0325
6 0.3294270833333333 0.46958333333333335 0.0067708333333333336 0.0275
6 0.49583333333333335 0.4066666666666667 0.008333333333333333 0.03666666666666667
6 0.5520833333333334 0.4058333333333333 0.008333333333333333 0.03333333333333333
6 0.6213541666666667 0.4675 0.009375 0.025
6 0.6817708333333333 0.3575 0.013541666666666667 0.03833333333333333
6 0.7088541666666667 0.3304166666666667 0.015625 0.03916666666666667
2 0.7157907196969695 0.48303030303030303 0.04389204545454532 0.03272727272727271
2 0.5809895833333333 0.5039285714285715 0.028645833333333332 0.011666666666666667
2 0.560453869047619 0.505 0.018229166666666668 0.013333333333333334
6 0.7999479166666666 0.39675 0.01114583333333338 0.026166666666666647
2 0.44192708333333336 0.5216666666666666 0.017708333333333333 0.010416666666666666
2 0.0109375 0.5588541666666667 0.021875 0.053125
2 0.662890625 0.4978472222222223 0.010329861111111071 0.01902777777777781
2 0.4471354166666667 0.5454166666666667 0.0421875 0.04583333333333333
2 0.4203125 0.5333333333333333 0.023958333333333335 0.03666666666666667
2 0.4640625 0.5354166666666667 0.025 0.03916666666666667
2 0.47890625 0.5291666666666667 0.008854166666666666 0.015
2 0.022330729166666667 0.5375 0.044661458333333334 0.06916666666666667
