2 0.8502604166666666 0.73125 0.2994791666666667 0.47583333333333333
2 0.06171875 0.54625 0.1234375 0.10083333333333333
2 0.5080729166666667 0.5654166666666667 0.11614583333333334 0.16916666666666666
2 0.03203125 0.49541666666666667 0.058854166666666666 0.0225
2 0.6802083333333333 0.5891666666666666 0.16145833333333334 0.18666666666666668
2 0.40859375 0.5216666666666666 0.033854166666666664 0.03833333333333333
2 0.44244791666666666 0.525 0.0265625 0.03833333333333333
2 0.42604166666666665 0.51875 0.0125 0.034166666666666665
6 0.209375 0.3233333333333333 0.017708333333333333 0.05333333333333334
6 0.3963541666666667 0.30875 0.013541666666666667 0.0575
6 0.30546875 0.30291666666666667 0.018229166666666668 0.0625
6 0.33177083333333335 0.3929166666666667 0.011458333333333333 0.025833333333333333
6 0.3151041666666667 0.38958333333333334 0.011458333333333333 0.030833333333333334
6 0.34427083333333336 0.46166666666666667 0.007291666666666667 0.025
6 0.48723958333333334 0.40541666666666665 0.0078125 0.030833333333333334
6 0.5356770833333333 0.40458333333333335 0.0078125 0.029166666666666667
6 0.5963541666666666 0.45708333333333334 0.008333333333333333 0.0225
6 0.6385416666666667 0.37 0.009375 0.03
6 0.6572916666666667 0.3516666666666667 0.011458333333333333 0.035
2 0.67890625 0.46791666666666665 0.0296875 0.025833333333333333
2 0.5640997023809523 0.4878571428571429 0.021651785714285648 0.012380952380952407
2 0.6642361111111111 0.4683333333333333 0.011111111111111072 0.02
6 0.71328125 0.4089583333333333 0.009895833333333333 0.022083333333333333
2 0.44049479166666666 0.5033333333333333 0.015104166666666667 0.006666666666666667
2 0.07890625 0.5090277777777779 0.055034722222222214 0.03805555555555562
