2 0.5697916666666667 0.5625 0.06458333333333334 0.08666666666666667
2 0.5375 0.5470833333333334 0.029166666666666667 0.05583333333333333
5 0.48932291666666666 0.5379166666666667 0.0328125 0.050833333333333335
2 0.35625 0.5816666666666667 0.11041666666666666 0.14
2 0.18567708333333333 0.5883333333333334 0.1640625 0.155
2 0.4388020833333333 0.5470833333333334 0.034895833333333334 0.0425
6 0.4778645833333333 0.32625 0.015104166666666667 0.0575
6 0.57578125 0.32708333333333334 0.0140625 0.05416666666666667
6 0.6953125 0.43041666666666667 0.015625 0.04416666666666667
6 0.9432291666666667 0.11041666666666666 0.03958333333333333 0.0975
6 0.184375 0.43916666666666665 0.011458333333333333 0.04666666666666667
6 0.10182291666666667 0.26125 0.027604166666666666 0.06416666666666666
6 0.008072916666666667 0.21208333333333335 0.016145833333333335 0.07916666666666666
2 0.80078125 0.4666666666666667 0.07760416666666667 0.043333333333333335
2 0.5765151515151513 0.5072727272727273 0.06003787878787866 0.028333333333333332
2 0.7428124999999999 0.4770000000000001 0.04635416666666667 0.04866666666666674
2 0.42994791666666665 0.5333333333333333 0.016145833333333335 0.018333333333333333
2 0.41171875 0.54125 0.0203125 0.034166666666666665
