2 0.6479166666666667 0.59625 0.128125 0.1625
2 0.1546875 0.7308333333333333 0.309375 0.3616666666666667
2 0.5802083333333333 0.5558333333333333 0.059375 0.08
5 0.5041666666666667 0.5441666666666667 0.05 0.075
2 0.24296875 0.5591666666666667 0.1171875 0.09166666666666666
2 0.41875 0.5575 0.05520833333333333 0.065
2 0.34921875 0.5508333333333333 0.06197916666666667 0.06666666666666667
2 0.45234375 0.5395833333333333 0.027604166666666666 0.04583333333333333
2 0.3958333333333333 0.54 0.03333333333333333 0.04833333333333333
2 0.47265625 0.5325 0.016145833333333335 0.021666666666666667
6 0.49114583333333334 0.3954166666666667 0.009375 0.035833333333333335
6 0.553125 0.395 0.008333333333333333 0.035
6 0.6299479166666667 0.46625 0.009895833333333333 0.029166666666666667
6 0.7447916666666666 0.29625 0.01875 0.050833333333333335
2 0.4296875 0.5220833333333333 0.01875 0.009166666666666667
6 0.7072916666666667 0.3329166666666667 0.016666666666666666 0.0425
6 0.30572916666666666 0.4666666666666667 0.008333333333333333 0.03
6 0.28072916666666664 0.37166666666666665 0.014583333333333334 0.035
6 0.2520833333333333 0.36041666666666666 0.016666666666666666 0.03916666666666667
6 0.16979166666666667 0.16583333333333333 0.034375 0.10833333333333334
6 0.33125 0.17958333333333334 0.026041666666666668 0.10583333333333333
2 0.7311718749999999 0.4818749999999999 0.04255208333333324 0.036083333333333294
2 0.5737500000000001 0.5049166666666667 0.052291666666666715 0.015166666666666705
2 0.6794270833333333 0.4925833333333334 0.005104166666666761 0.030166666666666706
