5 0.47890625 0.5479166666666667 0.07239583333333334 0.0925
0 0.62890625 0.57375 0.0234375 0.14583333333333334
2 0.9578125 0.5875 0.084375 0.13166666666666665
2 0.5799218749999999 0.5205000000000001 0.029322916666666643 0.04683333333333337
2 0.9010416666666666 0.5575 0.14479166666666668 0.14333333333333334
5 0.346875 0.5425 0.12708333333333333 0.13
5 0.7692708333333333 0.5370833333333334 0.029166666666666667 0.0625
0 0.6625 0.5766666666666667 0.042708333333333334 0.14833333333333334
2 0.10234375 0.5295833333333333 0.0484375 0.049166666666666664
2 0.6005208333333333 0.525 0.013541666666666667 0.02
2 0.6158854166666666 0.51625 0.0078125 0.0125
2 0.6096354166666667 0.5225 0.0078125 0.013333333333333334
