5 0.013541666666666667 0.5033333333333333 0.027083333333333334 0.255
5 0.12552083333333333 0.50875 0.228125 0.23583333333333334
5 0.3421875 0.48791666666666667 0.04895833333333333 0.0625
5 0.4010416666666667 0.49541666666666667 0.034375 0.04416666666666667
5 0.45625 0.4766666666666667 0.015625 0.02666666666666667
2 0.4671875 0.485 0.03229166666666667 0.025
0 0.47578125 0.49583333333333335 0.008854166666666666 0.055
0 0.48802083333333335 0.4970833333333333 0.011458333333333333 0.0525
5 0.5557291666666667 0.4845833333333333 0.022916666666666665 0.035833333333333335
5 0.634375 0.4920833333333333 0.07083333333333333 0.08083333333333333
2 0.58203125 0.48833333333333334 0.0390625 0.05333333333333334
2 0.68203125 0.49125 0.0546875 0.060833333333333336
2 0.9377604166666667 0.49333333333333335 0.12447916666666667 0.10333333333333333
2 0.5911458333333334 0.4970833333333333 0.027083333333333334 0.050833333333333335
7 0.5254166666666668 0.45675000000000004 0.009375 0.015833333333333335
2 0.7407291666666668 0.47475000000000006 0.030625000000000093 0.019500000000000076
2 0.7852083333333333 0.4725 0.1172916666666667 0.03966666666666668
2 0.8296875 0.469 0.036249999999999956 0.037333333333333295
