2 0.6947916666666667 0.56125 0.2552083333333333 0.19583333333333333
2 0.12005208333333334 0.5266666666666666 0.1046875 0.14
2 0.3065104166666667 0.51625 0.033854166666666664 0.04416666666666667
7 0.4546875 0.4320833333333333 0.034375 0.05416666666666667
2 0.19661458333333334 0.52875 0.0484375 0.0525
2 0.33513257575757577 0.4976515151515151 0.012026515151515168 0.021060606060606044
5 0.27421875 0.49125 0.011979166666666667 0.0225
6 0.2794270833333333 0.46458333333333335 0.009895833333333333 0.0075
2 0.22447916666666667 0.5075 0.030208333333333334 0.04
2 0.2479166666666667 0.5037878787878788 0.018939393939393943 0.025
2 0.2604166666666667 0.50125 0.014583333333333334 0.019166666666666665
2 0.296875 0.51 0.022916666666666665 0.03666666666666667
