5 0.33125 0.5841666666666666 0.18854166666666666 0.22666666666666666
2 0.4942708333333333 0.51625 0.04375 0.0725
5 0.07473958333333333 0.55375 0.14947916666666666 0.3458333333333333
5 0.86171875 0.5716666666666667 0.15052083333333333 0.11666666666666667
7 0.7140625 0.4791666666666667 0.025 0.03833333333333333
2 0.51796875 0.5233333333333333 0.011979166666666667 0.03333333333333333
2 0.5236979166666667 0.50875 0.009895833333333333 0.0225
5 0.5361979166666667 0.5004166666666666 0.0109375 0.019166666666666665
2 0.5377604166666666 0.50625 0.008854166666666666 0.014166666666666666
2 0.5817708333333333 0.52625 0.029166666666666667 0.035833333333333335
2 0.5682291666666667 0.5225 0.009375 0.025
2 0.596875 0.51 0.014583333333333334 0.016666666666666666
5 0.5684895833333333 0.51875 0.0203125 0.0275
