5 0.022916666666666665 0.5241666666666667 0.04583333333333333 0.2816666666666667
5 0.13567708333333334 0.5095833333333334 0.21510416666666668 0.2275
5 0.34270833333333334 0.49 0.04791666666666667 0.06333333333333334
5 0.40078125 0.49625 0.033854166666666664 0.0425
5 0.4552083333333333 0.47833333333333333 0.015625 0.02666666666666667
2 0.465625 0.48833333333333334 0.03333333333333333 0.021666666666666667
0 0.4752604166666667 0.49666666666666665 0.008854166666666666 0.05333333333333334
0 0.4869791666666667 0.4979166666666667 0.011458333333333333 0.0525
5 0.55390625 0.48583333333333334 0.0234375 0.03666666666666667
5 0.6307291666666667 0.49375 0.06979166666666667 0.08083333333333333
2 0.5799479166666667 0.49 0.0390625 0.05333333333333334
2 0.6791666666666667 0.49291666666666667 0.053125 0.059166666666666666
2 0.9328125 0.49833333333333335 0.134375 0.10833333333333334
2 0.5885416666666666 0.49833333333333335 0.026041666666666668 0.05
7 0.5239583333333333 0.45875 0.009375 0.015833333333333335
2 0.735625 0.4765833333333333 0.03208333333333328 0.019833333333333297
2 0.7771875 0.475 0.11375000000000005 0.03933333333333337
2 0.821875 0.47116666666666657 0.03895833333333331 0.036999999999999984
