2 0.5752604166666667 0.4945833333333333 0.0203125 0.020833333333333332
2 0.71328125 0.5025 0.027604166666666666 0.025
2 0.596875 0.49416666666666664 0.022916666666666665 0.02666666666666667
5 0.2838541666666667 0.4741666666666667 0.052083333333333336 0.02666666666666667
2 0.6205729166666667 0.4979166666666667 0.024479166666666666 0.024166666666666666
2 0.5596354166666667 0.495 0.0203125 0.02
2 0.5239583333333333 0.49083333333333334 0.028125 0.021666666666666667
2 0.50234375 0.49083333333333334 0.0203125 0.02
2 0.48671875 0.49125 0.0234375 0.0175
2 0.46901041666666665 0.48583333333333334 0.028645833333333332 0.023333333333333334
2 0.4505208333333333 0.4875 0.021875 0.018333333333333333
2 0.4390625 0.49 0.019791666666666666 0.016666666666666666
2 0.42552083333333335 0.4870833333333333 0.026041666666666668 0.019166666666666665
2 0.38359375 0.48625 0.0546875 0.015833333333333335
