5 0.5083333333333333 0.5433333333333333 0.08125 0.10166666666666667
0 0.6986979166666667 0.5858333333333333 0.0296875 0.18333333333333332
2 0.6136718750000001 0.5145 0.031197916666666714 0.04983333333333329
2 0.9645833333333333 0.5683333333333334 0.07083333333333333 0.16166666666666665
5 0.3572916666666667 0.5383333333333333 0.15 0.14833333333333334
7 0.7559895833333333 0.4795833333333333 0.019270833333333334 0.025833333333333333
0 0.7442708333333333 0.5891666666666666 0.05416666666666667 0.18666666666666668
2 0.10338541666666666 0.5179166666666667 0.05364583333333333 0.05416666666666667
2 0.6346354166666667 0.5191666666666667 0.0140625 0.023333333333333334
2 0.6489583333333333 0.51 0.008333333333333333 0.018333333333333333
5 0.6638020833333333 0.5020833333333333 0.0109375 0.020833333333333332
2 0.6421875 0.5145833333333333 0.008333333333333333 0.014166666666666666
2 0.6645833333333333 0.5091666666666667 0.008333333333333333 0.01
2 0.6854166666666667 0.52125 0.017708333333333333 0.029166666666666667
5 0.6817708333333333 0.51625 0.015625 0.0225
