5 0.10807291666666667 0.5245833333333333 0.21614583333333334 0.23583333333333334
5 0.2565104166666667 0.5008333333333334 0.08489583333333334 0.14833333333333334
5 0.3484375 0.4875 0.03854166666666667 0.05333333333333334
5 0.3958333333333333 0.49333333333333335 0.027083333333333334 0.03666666666666667
5 0.440625 0.47541666666666665 0.011458333333333333 0.020833333333333332
2 0.43463541666666666 0.48583333333333334 0.0171875 0.02
0 0.4622395833333333 0.495 0.008854166666666666 0.04666666666666667
0 0.471875 0.49541666666666667 0.0125 0.04416666666666667
5 0.528125 0.4866666666666667 0.020833333333333332 0.03166666666666667
5 0.5901041666666667 0.495 0.040625 0.06166666666666667
2 0.546875 0.49083333333333334 0.030208333333333334 0.043333333333333335
2 0.6184895833333334 0.49541666666666667 0.0328125 0.0475
2 0.7997395833333333 0.5008333333333334 0.13072916666666667 0.065
2 0.8809895833333333 0.4891666666666667 0.0703125 0.051666666666666666
2 0.9390625 0.50125 0.121875 0.0675
5 0.9703125 0.46166666666666667 0.059375 0.058333333333333334
2 0.5528645833333333 0.49875 0.0171875 0.03916666666666667
7 0.5018229166666667 0.4601666666666667 0.007604166666666619 0.012999999999999925
2 0.6611979166666667 0.485 0.0328125 0.018333333333333333
2 0.6903645833333333 0.4868333333333334 0.09322916666666667 0.03366666666666674
2 0.7291145833333332 0.4764166666666666 0.03781249999999995 0.023500000000000038
