2 0.6963541666666667 0.5616666666666666 0.17604166666666668 0.13666666666666666
5 0.03958333333333333 0.6516666666666666 0.07916666666666666 0.21
2 0.2635416666666667 0.5104166666666666 0.06145833333333333 0.09083333333333334
2 0.38203125 0.5175 0.0328125 0.04
7 0.5236979166666667 0.4575 0.028645833333333332 0.045
2 0.3026041666666667 0.5195833333333333 0.020833333333333332 0.03916666666666667
2 0.39895833333333336 0.50125 0.013541666666666667 0.020833333333333332
5 0.3380208333333333 0.4930555555555555 0.011284722222222203 0.0225
6 0.34322916666666664 0.46708333333333335 0.007291666666666667 0.005833333333333334
2 0.3077799479166667 0.5070833333333333 0.022721354166666666 0.03208333333333333
2 0.32005208333333335 0.5020833333333333 0.013020833333333334 0.020833333333333332
2 0.36875 0.51 0.022916666666666665 0.03166666666666667
