5 0.03515625 0.5554166666666667 0.0703125 0.21916666666666668
5 0.14739583333333334 0.5079166666666667 0.196875 0.21083333333333334
5 0.27708333333333335 0.49083333333333334 0.06875 0.13333333333333333
5 0.3536458333333333 0.47708333333333336 0.036458333333333336 0.050833333333333335
5 0.39817708333333335 0.4825 0.0265625 0.035
5 0.44114583333333335 0.46416666666666667 0.011458333333333333 0.02
2 0.43359375 0.47583333333333333 0.016145833333333335 0.018333333333333333
0 0.46145833333333336 0.4841666666666667 0.007291666666666667 0.045
0 0.471875 0.4845833333333333 0.011458333333333333 0.04416666666666667
5 0.525 0.47625 0.01875 0.030833333333333334
5 0.5830729166666667 0.485 0.04010416666666667 0.058333333333333334
2 0.5411458333333333 0.48125 0.026041666666666668 0.04083333333333333
2 0.6153645833333333 0.48583333333333334 0.03802083333333333 0.045
2 0.7731770833333333 0.49041666666666667 0.11510416666666666 0.059166666666666666
2 0.9825520833333333 0.6083333333333333 0.034895833333333334 0.12
2 0.8528645833333334 0.4841666666666667 0.0703125 0.06
2 0.9010416666666666 0.49083333333333334 0.10833333333333334 0.06
5 0.9572916666666667 0.4529166666666667 0.08541666666666667 0.050833333333333335
2 0.5473958333333333 0.48875 0.013541666666666667 0.0375
7 0.5005729166666667 0.4531666666666667 0.0067708333333333336 0.011666666666666667
2 0.6532812500000001 0.4748333333333333 0.019687499999999976 0.013666666666666648
2 0.676875 0.47925 0.0875 0.03183333333333337
2 0.7158854166666667 0.4683333333333333 0.03697916666666667 0.021666666666666667
