5 0.013020833333333334 0.5054166666666666 0.026041666666666668 0.10583333333333333
5 0.12083333333333333 0.51625 0.21979166666666666 0.22416666666666665
5 0.265625 0.49666666666666665 0.07708333333333334 0.14166666666666666
5 0.35052083333333334 0.4825 0.0375 0.051666666666666666
5 0.396875 0.4891666666666667 0.027083333333333334 0.03666666666666667
5 0.440625 0.47125 0.0125 0.020833333333333332
2 0.43333333333333335 0.4820833333333333 0.015625 0.019166666666666665
0 0.46119791666666665 0.49 0.0078125 0.04833333333333333
0 0.47161458333333334 0.49041666666666667 0.013020833333333334 0.04583333333333333
5 0.5263020833333333 0.48333333333333334 0.019270833333333334 0.03166666666666667
5 0.5864583333333333 0.49125 0.040625 0.060833333333333336
2 0.5434895833333333 0.4870833333333333 0.028645833333333332 0.0425
2 0.6197916666666666 0.4920833333333333 0.040625 0.04583333333333333
2 0.7859375 0.49666666666666665 0.121875 0.06
2 0.865625 0.49083333333333334 0.07083333333333333 0.06
2 0.9203125 0.4970833333333333 0.115625 0.06416666666666666
5 0.9638020833333333 0.45958333333333334 0.07239583333333334 0.05416666666666667
2 0.5497395833333333 0.495 0.016145833333333335 0.03833333333333333
7 0.5007291666666666 0.4579166666666667 0.007083333333333286 0.012166666666666591
2 0.6565104166666667 0.48125 0.025520833333333333 0.015833333333333335
2 0.6838541666666667 0.4850833333333334 0.090625 0.03283333333333341
2 0.7236979166666665 0.47472222222222227 0.03732638888888881 0.023333333333333334
