2 0.6700520833333333 0.5579166666666666 0.22760416666666666 0.17583333333333334
2 0.14322916666666666 0.5216666666666666 0.090625 0.12333333333333334
2 0.3078125 0.519375 0.035416666666666666 0.042916666666666665
7 0.4546875 0.43916666666666665 0.03229166666666667 0.051666666666666666
2 0.20625 0.5291666666666667 0.03958333333333333 0.04833333333333333
2 0.33307291666666666 0.50125 0.0140625 0.024166666666666666
5 0.2721354166666667 0.49333333333333335 0.011979166666666667 0.023333333333333334
6 0.27673611111111107 0.4666666666666667 0.009027777777777798 0.006666666666666667
2 0.23020833333333326 0.5080555555555556 0.027777777777777738 0.0377777777777779
2 0.24661458333333333 0.5054166666666666 0.0171875 0.024166666666666666
2 0.25833333333333336 0.50125 0.0109375 0.019166666666666665
2 0.29713541666666665 0.5095833333333334 0.022395833333333334 0.034166666666666665
