5 0.09348958333333333 0.5304166666666666 0.18697916666666667 0.31583333333333335
5 0.2328125 0.51625 0.13333333333333333 0.17416666666666666
5 0.32421875 0.5083333333333333 0.05260416666666667 0.11
5 0.3768229166666667 0.49291666666666667 0.0328125 0.0475
5 0.41796875 0.49875 0.024479166666666666 0.0325
5 0.45703125 0.48125 0.0109375 0.020833333333333332
2 0.44869791666666664 0.49083333333333334 0.015104166666666667 0.018333333333333333
0 0.47760416666666666 0.5025 0.00625 0.04
0 0.4869791666666667 0.50125 0.010416666666666666 0.04083333333333333
5 0.5364583333333334 0.49333333333333335 0.017708333333333333 0.028333333333333332
5 0.5877604166666667 0.5029166666666667 0.0390625 0.0525
2 0.55 0.49875 0.019791666666666666 0.0375
2 0.6192708333333333 0.5025 0.034375 0.03833333333333333
2 0.7541666666666667 0.5141666666666667 0.09895833333333333 0.058333333333333334
2 0.9171875 0.5733333333333334 0.165625 0.185
5 0.94765625 0.6 0.1046875 0.17833333333333334
2 0.83359375 0.50375 0.06614583333333333 0.0525
2 0.8677083333333333 0.5108333333333334 0.08958333333333333 0.05333333333333334
5 0.946875 0.48125 0.10625 0.0575
2 0.55546875 0.5054166666666666 0.009895833333333333 0.035833333333333335
7 0.51359375 0.47058333333333335 0.0067708333333333336 0.012166666666666685
2 0.6519270833333334 0.49399999999999994 0.011770833333333286 0.011999999999999981
2 0.6767708333333334 0.4976666666666667 0.07708333333333334 0.028666666666666743
2 0.7114583333333333 0.4891666666666667 0.029166666666666667 0.021666666666666667
