2 0.30360863095238094 0.5129761904761904 0.043824404761904745 0.04142857142857139
2 0.4083333333333333 0.50375 0.017708333333333333 0.0225
6 0.5125 0.4275 0.009375 0.006666666666666667
2 0.008072916666666667 0.49833333333333335 0.016145833333333335 0.02666666666666667
0 0.024739583333333332 0.5004166666666666 0.024479166666666666 0.034166666666666665
2 0.262109375 0.4925 0.023177083333333334 0.018333333333333333
2 0.22980324074074074 0.49092592592592593 0.018981481481481488 0.021666666666666667
2 0.5401041666666667 0.5116666666666667 0.022916666666666665 0.051666666666666666
2 0.4196614583333333 0.503611111111111 0.009809027777777738 0.019166666666666665
6 0.29518229166666665 0.39979166666666666 0.008072916666666667 0.005416666666666667
5 0.47161458333333334 0.5759722222222222 0.12864583333333332 0.1975
2 0.6131324404761904 0.5469642857142857 0.07671130952380949 0.0848809523809524
2 0.5716145833333334 0.5054166666666666 0.05677083333333333 0.1025
4 0.9182291666666667 0.46541666666666665 0.1 0.14416666666666667
6 0.3223958333333333 0.41291666666666665 0.00625 0.005833333333333334
6 0.3086458333333333 0.4060833333333333 0.007291666666666667 0.005833333333333334
6 0.48505208333333333 0.42616666666666664 0.008854166666666666 0.005
2 0.06705729166666667 0.5982291666666667 0.13411458333333334 0.16354166666666667
0 0.2523111979166667 0.5102604166666667 0.0080078125 0.041979166666666665
2 0.2046875 0.49291666666666667 0.020833333333333332 0.020833333333333332
0 0.27619791666666665 0.5120833333333332 0.0067708333333333336 0.04149999999999996
6 0.5963020833333333 0.39575 0.0078125 0.0075
6 0.604375 0.39325 0.008333333333333333 0.0075
0 0.6723958333333333 0.49916666666666665 0.003125 0.018333333333333333
2 0.185625 0.4935833333333333 0.016874999999999987 0.0225
2 0.14994791666666665 0.4996666666666666 0.011979166666666667 0.01966666666666659
6 0.21302083333333333 0.46516666666666673 0.0125 0.013333333333333334
2 0.42817708333333326 0.5006666666666666 0.0078125 0.015
2 0.11796875 0.49541666666666667 0.0109375 0.015499999999999924
