2 0.31614583333333335 0.5358333333333334 0.06875 0.04
2 0.38084077380952386 0.5179761904761904 0.024479166666666666 0.021666666666666667
2 0.43265625 0.5109166666666667 0.011979166666666667 0.01683333333333337
6 0.5059895833333333 0.45500000000000007 0.0067708333333333336 0.005555555555555619
2 0.20580357142857142 0.5111309523809524 0.01919642857142856 0.015833333333333335
0 0.26796875 0.5191666666666667 0.0078125 0.03833333333333333
2 0.32916666666666666 0.5054166666666666 0.010416666666666666 0.0125
2 0.3095833333333334 0.5036666666666667 0.01395833333333337 0.014000000000000058
2 0.5187065972222222 0.512013888888889 0.00842013888888887 0.02763888888888886
2 0.44016927083333335 0.5102083333333334 0.005338541666666667 0.014166666666666666
2 0.45421874999999995 0.5111666666666665 0.013020833333333334 0.01466666666666659
2 0.18385416666666668 0.505 0.009375 0.016666666666666666
5 0.14947916666666666 0.5083333333333333 0.009375 0.02666666666666667
6 0.36494791666666665 0.4446666666666667 0.005729166666666666 0.005
5 0.490327380952381 0.5394642857142858 0.05684523809523808 0.08464285714285723
2 0.5924479166666666 0.5409166666666666 0.06614583333333333 0.08216666666666668
2 0.5459895833333334 0.5251666666666666 0.027604166666666666 0.0323333333333333
2 0.5322395833333334 0.5078333333333334 0.02489583333333343 0.047000000000000076
4 0.7287760416666667 0.4841666666666667 0.0734375 0.065
6 0.3765625 0.4504166666666667 0.004166666666666667 0.004166666666666667
6 0.370703125 0.44666666666666666 0.0036458333333333334 0.004166666666666667
6 0.4861979166666667 0.45474999999999993 0.005729166666666666 0.004166666666666667
2 0.09713541666666667 0.5083333333333333 0.021354166666666667 0.02
2 0.04895833333333333 0.5030833333333333 0.015833333333333328 0.025833333333333333
2 0.008854166666666666 0.49625 0.017708333333333333 0.0225
0 0.3620833333333333 0.5168333333333333 0.003541666666666643 0.017333333333333294
