5 0.5215494791666667 0.5477083333333334 0.052734375 0.07375
2 0.5829427083333333 0.5388541666666666 0.03723958333333333 0.049375
2 0.4780381944444444 0.5302777777777778 0.0262152777777778 0.025
0 0.128125 0.5504166666666667 0.011458333333333333 0.05583333333333333
0 0.870703125 0.5516666666666666 0.0203125 0.04083333333333333
2 0.5563802083333335 0.5286805555555555 0.017100694444444522 0.024027777777777714
2 0.5458333333333333 0.5195833333333333 0.0125 0.025833333333333333
0 0.11380208333333333 0.5471428571428573 0.013616071428571427 0.047619047619047686
1 0.11631944444444445 0.5615277777777777 0.025 0.03638888888888886
0 0.6468750000000001 0.5219444444444444 0.0059027777777778566 0.030555555555555617
2 0.44869791666666664 0.5229166666666667 0.011979166666666667 0.0125
2 0.46336805555555555 0.5246527777777779 0.015972222222222263 0.02569444444444438
4 0.6390625 0.50375 0.028125 0.034166666666666665
2 0.4891666666666667 0.5160833333333333 0.029583333333333368 0.0125
2 0.346875 0.51875 0.0109375 0.010833333333333334
2 0.33355034722222227 0.5180555555555555 0.013454861111111131 0.0125
2 0.4080729166666667 0.51625 0.0067708333333333336 0.0075
0 0.6765625 0.5160714285714286 0.004166666666666667 0.029047619047619076
0 0.6611979166666667 0.5283333333333333 0.005208333333333333 0.020833333333333332
0 0.40838541666666667 0.52175 0.0036458333333333334 0.013500000000000038
