2 0.4934895833333333 0.5441666666666667 0.059895833333333336 0.08166666666666667
5 0.2828125 0.5545833333333333 0.11875 0.12083333333333333
3 0.0296875 0.5983333333333334 0.059375 0.10833333333333334
2 0.23776041666666667 0.525 0.0171875 0.02
2 0.41015625 0.5304166666666666 0.0328125 0.035833333333333335
2 0.5598958333333334 0.5325 0.034375 0.04
2 0.5411458333333333 0.5141666666666667 0.026041666666666668 0.043333333333333335
4 0.40390625 0.5116666666666667 0.04114583333333333 0.04833333333333333
0 0.0234375 0.5770833333333333 0.04479166666666667 0.11083333333333334
2 0.4434895833333333 0.51875 0.018229166666666668 0.024166666666666666
2 0.4315104166666667 0.5175 0.011979166666666667 0.015
2 0.19869791666666667 0.5108333333333334 0.033854166666666664 0.02666666666666667
2 0.23125 0.51125 0.028125 0.0225
0 0.1328125 0.5354166666666667 0.016666666666666666 0.060833333333333336
2 0.5221354166666666 0.5125 0.013020833333333334 0.018333333333333333
0 0.6799479166666667 0.5233333333333333 0.0078125 0.045
2 0.45729166666666665 0.5141666666666667 0.014583333333333334 0.018333333333333333
2 0.4609375 0.51125 0.010416666666666666 0.0175
2 0.46901041666666665 0.5120833333333333 0.0067708333333333336 0.0125
6 0.5177083333333333 0.435 0.010416666666666666 0.005
6 0.48671875 0.43375 0.009895833333333333 0.005833333333333334
6 0.26067708333333334 0.40041666666666664 0.011979166666666667 0.009166666666666667
6 0.2799479166666667 0.4091666666666667 0.008854166666666666 0.006666666666666667
6 0.29661458333333335 0.4175 0.0078125 0.006666666666666667
6 0.61875 0.3925 0.009375 0.008333333333333333
6 0.6299479166666667 0.38875 0.008854166666666666 0.0075
0 0.37135416666666665 0.51625 0.005208333333333333 0.0225
5 0.42942708333333335 0.5091666666666667 0.008854166666666666 0.008333333333333333
6 0.36609375000000005 0.36583333333333334 0.019270833333333334 0.006666666666666667
6 0.30182291666666666 0.36875 0.0203125 0.004166666666666667
