2 0.49661458333333336 0.5458333333333333 0.059895833333333336 0.085
5 0.30026041666666664 0.55 0.10989583333333333 0.11
3 0.07265625 0.5908333333333333 0.0640625 0.09166666666666666
2 0.2520833333333333 0.535 0.030208333333333334 0.045
2 0.4153645833333333 0.52875 0.03177083333333333 0.034166666666666665
2 0.5638020833333334 0.5325 0.034895833333333334 0.04
2 0.54453125 0.5141666666666667 0.0265625 0.043333333333333335
4 0.4083333333333333 0.51125 0.03958333333333333 0.0475
0 0.07526041666666666 0.5683333333333334 0.04010416666666667 0.1
2 0.4479166666666667 0.5179166666666667 0.017708333333333333 0.0225
2 0.4361979166666667 0.5166666666666667 0.011979166666666667 0.015
2 0.20494791666666667 0.5091666666666667 0.033854166666666664 0.02666666666666667
2 0.23802083333333332 0.5104166666666666 0.030208333333333334 0.024166666666666666
0 0.14010416666666667 0.53375 0.016666666666666666 0.060833333333333336
2 0.52578125 0.5116666666666667 0.013020833333333334 0.018333333333333333
0 0.6815104166666667 0.52375 0.008854166666666666 0.04416666666666667
2 0.46067708333333335 0.5129166666666667 0.013020833333333334 0.0175
2 0.46536458333333336 0.51125 0.0109375 0.0175
2 0.47265625 0.5116666666666667 0.0067708333333333336 0.011666666666666667
6 0.5205729166666667 0.435 0.008854166666666666 0.005
6 0.4903645833333333 0.4345833333333333 0.009895833333333333 0.005833333333333334
6 0.26640625 0.40041666666666664 0.011979166666666667 0.009166666666666667
6 0.28515625 0.4091666666666667 0.008854166666666666 0.006666666666666667
6 0.3028645833333333 0.4170833333333333 0.0067708333333333336 0.005833333333333334
6 0.6213541666666667 0.3933333333333333 0.009375 0.008333333333333333
6 0.6325520833333333 0.38958333333333334 0.008854166666666666 0.0075
0 0.37552083333333336 0.51375 0.004166666666666667 0.019166666666666665
5 0.43255208333333334 0.5079166666666667 0.0078125 0.0075
6 0.37109375 0.36583333333333334 0.019270833333333334 0.006666666666666667
6 0.3079427083333333 0.37041666666666667 0.020052083333333335 0.004166666666666667
