2 0.48541666666666666 0.54625 0.05 0.06916666666666667
2 0.15442708333333333 0.5545833333333333 0.07552083333333333 0.06416666666666666
2 0.23515625 0.5804166666666667 0.1234375 0.1025
2 0.5421875 0.5383333333333333 0.03125 0.03666666666666667
2 0.525 0.5233333333333333 0.025 0.03833333333333333
4 0.3416666666666667 0.5229166666666667 0.07291666666666667 0.07583333333333334
2 0.3984375 0.5354166666666667 0.03229166666666667 0.03916666666666667
2 0.12890625 0.5166666666666667 0.0453125 0.03333333333333333
2 0.171875 0.52 0.04375 0.03
0 0.0067708333333333336 0.5508333333333333 0.013541666666666667 0.07833333333333334
2 0.50703125 0.5208333333333334 0.009895833333333333 0.016666666666666666
0 0.7111979166666667 0.5291666666666667 0.0078125 0.035
2 0.43645833333333334 0.5254166666666666 0.019791666666666666 0.024166666666666666
2 0.4453125 0.5220833333333333 0.014583333333333334 0.024166666666666666
2 0.45703125 0.52125 0.0067708333333333336 0.014166666666666666
6 0.5098958333333333 0.4325 0.011458333333333333 0.006666666666666667
6 0.4734375 0.43083333333333335 0.0125 0.006666666666666667
6 0.184375 0.37875 0.016666666666666666 0.0125
6 0.2140625 0.3925 0.011458333333333333 0.01
6 0.24114583333333334 0.4041666666666667 0.011458333333333333 0.01
6 0.6390625 0.37083333333333335 0.0125 0.011666666666666667
6 0.6565104166666667 0.3616666666666667 0.013020833333333334 0.013333333333333334
5 0.41744791666666664 0.5208333333333334 0.0140625 0.015
0 0.22942708333333334 0.5245833333333333 0.0078125 0.009166666666666667
2 0.42135416666666664 0.52625 0.013541666666666667 0.015833333333333335
2 0.4546875 0.5241666666666667 0.003125 0.011666666666666667
6 0.2955078125 0.31244791666666666 0.029427083333333333 0.007604166666666667
6 0.20390625 0.3154166666666667 0.030208333333333334 0.005833333333333334
