2 0.48359375 0.5429166666666667 0.05677083333333333 0.07916666666666666
5 0.17369791666666667 0.5770833333333333 0.2015625 0.1725
2 0.24973958333333332 0.5204166666666666 0.015104166666666667 0.014166666666666666
2 0.3880208333333333 0.53375 0.036458333333333336 0.04083333333333333
2 0.5473958333333333 0.5320833333333334 0.034375 0.03916666666666667
2 0.5291666666666667 0.5141666666666667 0.026041666666666668 0.043333333333333335
4 0.38671875 0.51125 0.0453125 0.049166666666666664
2 0.42942708333333335 0.5195833333333333 0.0203125 0.025833333333333333
2 0.4171875 0.51875 0.011458333333333333 0.015833333333333335
0 0.10572916666666667 0.5258333333333334 0.0125 0.03666666666666667
2 0.5114583333333333 0.5129166666666667 0.0125 0.0175
0 0.6729166666666667 0.52375 0.011458333333333333 0.04583333333333333
2 0.4453125 0.515 0.015625 0.02
2 0.45026041666666666 0.5125 0.009895833333333333 0.02
2 0.45859375 0.51375 0.0078125 0.014166666666666666
6 0.5080729166666667 0.43375 0.009895833333333333 0.005833333333333334
6 0.47604166666666664 0.43291666666666667 0.010416666666666666 0.005833333333333334
6 0.24036458333333333 0.3975 0.013020833333333334 0.011666666666666667
6 0.2609375 0.4066666666666667 0.008333333333333333 0.006666666666666667
6 0.2794270833333333 0.415 0.0078125 0.006666666666666667
6 0.6122395833333333 0.3883333333333333 0.008854166666666666 0.008333333333333333
6 0.6244791666666667 0.3829166666666667 0.009375 0.010833333333333334
0 0.35703125 0.51625 0.0046875 0.020833333333333332
5 0.41822916666666665 0.51 0.008333333333333333 0.008333333333333333
2 0.26796875 0.5475 0.04635416666666667 0.04666666666666667
0 0.2669270833333333 0.5179166666666667 0.0078125 0.0175
6 0.3469122023809524 0.35892857142857143 0.019270833333333334 0.006666666666666667
6 0.28005952380952376 0.36077380952380955 0.02142857142857141 0.004166666666666667
