5 0.46640625 0.5954166666666667 0.14427083333333332 0.21083333333333334
2 0.3229166666666667 0.5316666666666666 0.04375 0.04666666666666667
2 0.39140625 0.52 0.024479166666666666 0.025
2 0.628125 0.5658333333333333 0.09375 0.1
5 0.56640625 0.5158333333333334 0.0546875 0.09666666666666666
2 0.5346354166666667 0.5170833333333333 0.024479166666666666 0.03916666666666667
2 0.28880208333333335 0.5241666666666667 0.0453125 0.04833333333333333
0 0.26057291666666665 0.5254166666666666 0.008854166666666666 0.0425
6 0.48359375 0.4375 0.008854166666666666 0.005
6 0.5122395833333333 0.43875 0.008854166666666666 0.005833333333333334
0 0.662202380952381 0.5175595238095237 0.004613095238095255 0.03345238095238093
4 0.9547991071428572 0.4827380952380952 0.09040178571428577 0.1411904761904762
0 0.11020833333333332 0.53125 0.015208333333333327 0.05949999999999998
4 0.428125 0.49875 0.015625 0.0175
2 0.2515625 0.5066666666666667 0.020833333333333332 0.018333333333333333
2 0.21979166666666666 0.505 0.023958333333333335 0.021666666666666667
2 0.19322916666666667 0.5070833333333333 0.027083333333333334 0.019166666666666665
2 0.41892361111111115 0.5202777777777777 0.01736111111111107 0.02666666666666667
6 0.6080729166666666 0.40166666666666667 0.008854166666666666 0.006666666666666667
6 0.5994791666666667 0.4041666666666667 0.008333333333333333 0.006666666666666667
6 0.28463541666666664 0.4083333333333333 0.009895833333333333 0.006666666666666667
6 0.29973958333333334 0.41583333333333333 0.0078125 0.006666666666666667
6 0.31328125 0.42291666666666666 0.0078125 0.005833333333333334
