5 0.4661458333333333 0.5879166666666666 0.14375 0.2125
2 0.40421874999999996 0.512077380952381 0.019270833333333334 0.025
2 0.41671875 0.5104166666666666 0.00927083333333331 0.020833333333333332
2 0.6281770833333333 0.5596666666666666 0.09385416666666657 0.10333333333333333
5 0.5764236111111121 0.5144166666666672 0.063472222222223 0.1072777777777776
2 0.540625 0.5175 0.021875 0.051666666666666666
2 0.29322916666666665 0.5183333333333333 0.04895833333333333 0.04833333333333333
0 0.2638020833333333 0.5205147058823529 0.009895833333333333 0.04230392156862744
6 0.4838802083333333 0.43129166666666663 0.009322916666666714 0.004249999999999924
6 0.512265625 0.43333333333333324 0.00880208333333338 0.006499999999999962
0 0.6815104166666667 0.5170833333333333 0.009895833333333333 0.04083333333333333
4 0.9538541666666667 0.47575 0.09229166666666669 0.1425
0 0.011250000000000001 0.5316666666666666 0.020833333333333332 0.07666666666666666
0 0.24409722222222222 0.5177777777777777 0.007291666666666667 0.03916666666666667
4 0.4342881944444444 0.4911805555555555 0.010416666666666666 0.014027777777777715
2 0.25234375 0.5 0.020833333333333332 0.018333333333333333
2 0.22041666666666668 0.49833333333333335 0.023958333333333335 0.021666666666666667
2 0.19270833333333334 0.50125 0.027083333333333334 0.019166666666666665
6 0.6080729166666666 0.3958333333333333 0.008854166666666666 0.006666666666666667
6 0.5994791666666667 0.39916666666666667 0.008333333333333333 0.006666666666666667
6 0.28463541666666664 0.4033333333333333 0.009895833333333333 0.006666666666666667
6 0.29973958333333334 0.41 0.0078125 0.006666666666666667
6 0.31328125 0.4170833333333333 0.0078125 0.005833333333333334
