5 0.4661458333333333 0.5879166666666666 0.14375 0.2125
2 0.40407986111111105 0.5123511904761905 0.019270833333333334 0.025
2 0.41682291666666665 0.5104166666666666 0.009062500000000048 0.020833333333333332
2 0.6283854166666667 0.56 0.09427083333333333 0.10333333333333333
5 0.5764969135802479 0.5143425925925931 0.06347993827160572 0.10730246913580231
2 0.5411458333333333 0.5170833333333333 0.020833333333333332 0.0525
2 0.29348958333333336 0.5179166666666667 0.0515625 0.050833333333333335
0 0.2638020833333333 0.5204656862745097 0.009895833333333333 0.04240196078431382
6 0.4839322916666667 0.431375 0.009218750000000024 0.004416666666666629
6 0.5123177083333333 0.43333333333333335 0.00869791666666669 0.006166666666666742
0 0.6813368055555554 0.5165277777777777 0.009895833333333333 0.04083333333333333
4 0.9532291666666666 0.4764166666666667 0.09354166666666673 0.14250000000000004
0 0.011041666666666667 0.5316666666666666 0.020833333333333332 0.07666666666666666
0 0.24375 0.5177777777777778 0.007291666666666667 0.03916666666666667
4 0.43411458333333336 0.49104166666666665 0.010416666666666666 0.01375
2 0.2518229166666667 0.5 0.020833333333333332 0.018333333333333333
2 0.22062500000000002 0.49833333333333335 0.023958333333333335 0.021666666666666667
2 0.19288194444444443 0.50125 0.027083333333333334 0.019166666666666665
6 0.6080729166666666 0.3958333333333333 0.008854166666666666 0.006666666666666667
6 0.5989583333333334 0.3983333333333333 0.008333333333333333 0.006666666666666667
6 0.28489583333333335 0.4033333333333333 0.009895833333333333 0.006666666666666667
6 0.29973958333333334 0.41 0.0078125 0.006666666666666667
6 0.31328125 0.4170833333333333 0.0078125 0.005833333333333334
