5 0.46640625 0.5954166666666667 0.14427083333333332 0.21083333333333334
2 0.39609375 0.51875 0.021354166666666667 0.0275
2 0.4133243959566075 0.5166666666666667 0.01605954142011825 0.02
2 0.628125 0.5658333333333333 0.09375 0.1
5 0.5768229166666666 0.5204166666666666 0.06510416666666667 0.11416666666666667
2 0.5427083333333333 0.5216666666666666 0.026041666666666668 0.05
2 0.2921875 0.5254166666666666 0.04791666666666667 0.04583333333333333
0 0.2622135416666667 0.52625 0.008645833333333316 0.0425
6 0.48359375 0.4375 0.008854166666666666 0.005
6 0.5122395833333333 0.43875 0.008854166666666666 0.005833333333333334
0 0.6789583333333334 0.5215833333333333 0.00604166666666662 0.0398333333333333
4 0.95484375 0.4841666666666667 0.09031250000000005 0.14566666666666672
0 0.25364583333333335 0.5241666666666667 0.009375 0.03666666666666667
4 0.4302827380952381 0.4979166666666667 0.011607142857142823 0.0175
2 0.2515625 0.5066666666666667 0.020833333333333332 0.018333333333333333
2 0.21979166666666666 0.505 0.023958333333333335 0.021666666666666667
2 0.19322916666666667 0.5070833333333333 0.027083333333333334 0.019166666666666665
6 0.6080729166666666 0.40166666666666667 0.008854166666666666 0.006666666666666667
6 0.5994791666666667 0.4041666666666667 0.008333333333333333 0.006666666666666667
6 0.28463541666666664 0.4083333333333333 0.009895833333333333 0.006666666666666667
6 0.29973958333333334 0.41583333333333333 0.0078125 0.006666666666666667
6 0.31328125 0.42291666666666666 0.0078125 0.005833333333333334
