5 0.46640625 0.5954166666666667 0.14427083333333332 0.21083333333333334
2 0.39869791666666665 0.5183333333333333 0.0203125 0.025
2 0.4137219551282051 0.5166666666666667 0.015264423076923113 0.02
2 0.628125 0.5658333333333333 0.09375 0.1
5 0.5763020833333333 0.5216666666666666 0.06302083333333333 0.11
2 0.5416666666666666 0.5220833333333333 0.023958333333333335 0.050833333333333335
2 0.2921875 0.5258333333333334 0.04791666666666667 0.043333333333333335
0 0.2624088541666667 0.52625 0.008906249999999952 0.0425
6 0.48359375 0.4375 0.008854166666666666 0.005
6 0.5122395833333333 0.43875 0.008854166666666666 0.005833333333333334
0 0.6805059523809524 0.5220833333333333 0.008333333333333333 0.04083333333333333
4 0.9553125 0.48366666666666674 0.08937499999999995 0.14633333333333334
0 0.25342881944444445 0.5224305555555555 0.008940972222222203 0.03319444444444438
4 0.430078125 0.4979166666666667 0.011197916666666667 0.0175
2 0.2515625 0.5066666666666667 0.020833333333333332 0.018333333333333333
2 0.21979166666666666 0.505 0.023958333333333335 0.021666666666666667
2 0.19322916666666667 0.5070833333333333 0.027083333333333334 0.019166666666666665
6 0.6080729166666666 0.40166666666666667 0.008854166666666666 0.006666666666666667
6 0.5994791666666667 0.4041666666666667 0.008333333333333333 0.006666666666666667
6 0.28463541666666664 0.4083333333333333 0.009895833333333333 0.006666666666666667
6 0.29973958333333334 0.41583333333333333 0.0078125 0.006666666666666667
6 0.31328125 0.42291666666666666 0.0078125 0.005833333333333334
