2 0.48411458333333335 0.5433333333333333 0.05677083333333333 0.08
5 0.18489583333333334 0.5745833333333333 0.190625 0.16083333333333333
2 0.25390625 0.5204166666666666 0.008854166666666666 0.014166666666666666
2 0.38958333333333334 0.53375 0.0375 0.04083333333333333
2 0.5481770833333334 0.5316666666666666 0.033854166666666664 0.03833333333333333
2 0.5296875 0.5141666666666667 0.026041666666666668 0.043333333333333335
4 0.38776041666666666 0.51125 0.0453125 0.049166666666666664
2 0.43020833333333336 0.5195833333333333 0.019791666666666666 0.025833333333333333
2 0.41848958333333336 0.51875 0.011979166666666667 0.015833333333333335
0 0.10807291666666667 0.53 0.013020833333333334 0.04666666666666667
2 0.5119791666666667 0.5120833333333333 0.0125 0.0175
0 0.67265625 0.5241666666666667 0.0109375 0.045
2 0.44583333333333336 0.515 0.015625 0.02
2 0.45078125 0.5120833333333333 0.0109375 0.019166666666666665
2 0.4588541666666667 0.5129166666666667 0.007291666666666667 0.014166666666666666
6 0.5083333333333333 0.43375 0.010416666666666666 0.005833333333333334
6 0.4765625 0.43291666666666667 0.010416666666666666 0.005833333333333334
6 0.24166666666666667 0.39791666666666664 0.0125 0.010833333333333334
6 0.26223958333333336 0.4066666666666667 0.008854166666666666 0.006666666666666667
6 0.28072916666666664 0.41541666666666666 0.008333333333333333 0.005833333333333334
6 0.6122395833333333 0.3883333333333333 0.008854166666666666 0.008333333333333333
6 0.625 0.38333333333333336 0.009375 0.01
0 0.3580729166666667 0.51625 0.0046875 0.020833333333333332
5 0.41848958333333336 0.5091666666666667 0.0078125 0.008333333333333333
2 0.27395833333333336 0.54625 0.042708333333333334 0.04583333333333333
0 0.26796875 0.51625 0.0078125 0.0175
6 0.3482514880952381 0.3595238095238095 0.019270833333333334 0.006666666666666667
6 0.28151041666666665 0.36125 0.021354166666666667 0.004166666666666667
