5 0.46640625 0.5954166666666667 0.14427083333333332 0.21083333333333334
2 0.39010416666666664 0.5208333333333334 0.023958333333333335 0.028333333333333332
2 0.41129037228796844 0.5166666666666667 0.02012758875739647 0.02
2 0.628125 0.5658333333333333 0.09375 0.1
5 0.5760416666666667 0.5195833333333333 0.0625 0.11083333333333334
2 0.5411458333333333 0.5216666666666666 0.025 0.04833333333333333
2 0.2916666666666667 0.5270833333333333 0.052083333333333336 0.0475
0 0.2599826388888889 0.5258333333333334 0.008159722222222231 0.04277777777777781
6 0.48359375 0.4375 0.008854166666666666 0.005
6 0.5122395833333333 0.43875 0.008854166666666666 0.005833333333333334
4 0.9559895833333333 0.4841666666666667 0.08802083333333334 0.13833333333333334
0 0.06541666666666666 0.5322499999999999 0.018125 0.07083333333333333
4 0.4293526785714286 0.4979166666666667 0.013169642857142883 0.0175
2 0.2515625 0.5066666666666667 0.020833333333333332 0.018333333333333333
2 0.21979166666666666 0.505 0.023958333333333335 0.021666666666666667
2 0.19322916666666667 0.5070833333333333 0.027083333333333334 0.019166666666666665
6 0.6080729166666666 0.40166666666666667 0.008854166666666666 0.006666666666666667
6 0.5994791666666667 0.4041666666666667 0.008333333333333333 0.006666666666666667
6 0.28463541666666664 0.4083333333333333 0.009895833333333333 0.006666666666666667
6 0.29973958333333334 0.41583333333333333 0.0078125 0.006666666666666667
6 0.31328125 0.42291666666666666 0.0078125 0.005833333333333334
