5 0.46640625 0.5954166666666667 0.14427083333333332 0.21083333333333334
2 0.4015625 0.5183333333333333 0.019791666666666666 0.025
2 0.41494791666666664 0.5166666666666667 0.013645833333333357 0.02
2 0.628125 0.5658333333333333 0.09375 0.1
5 0.5765625 0.51875 0.06041666666666667 0.1125
2 0.54296875 0.52625 0.024479166666666666 0.0525
2 0.2911458333333333 0.5245833333333333 0.04895833333333333 0.0475
0 0.2631901041666667 0.52625 0.00994791666666656 0.0425
6 0.48359375 0.4375 0.008854166666666666 0.005
6 0.5122395833333333 0.43875 0.008854166666666666 0.005833333333333334
0 0.6815104166666667 0.5198611111111111 0.009895833333333333 0.04083333333333333
4 0.9555121527777778 0.4800694444444445 0.08897569444444452 0.14347222222222228
0 0.03119791666666667 0.5335 0.019687500000000007 0.06933333333333337
0 0.2515625 0.5225 0.007291666666666667 0.03
4 0.4313541666666667 0.4999166666666666 0.010416666666666666 0.0175
2 0.2515625 0.5066666666666667 0.020833333333333332 0.018333333333333333
2 0.21979166666666666 0.505 0.023958333333333335 0.021666666666666667
2 0.19322916666666667 0.5070833333333333 0.027083333333333334 0.019166666666666665
6 0.6080729166666666 0.40166666666666667 0.008854166666666666 0.006666666666666667
6 0.5994791666666667 0.4041666666666667 0.008333333333333333 0.006666666666666667
6 0.28463541666666664 0.4083333333333333 0.009895833333333333 0.006666666666666667
6 0.29973958333333334 0.41583333333333333 0.0078125 0.006666666666666667
6 0.31328125 0.42291666666666666 0.0078125 0.005833333333333334
