2 0.015625 0.5433333333333333 0.03125 0.06833333333333333
2 0.34542410714285715 0.5213690476190476 0.03311011904761898 0.027976190476190366
2 0.41901041666666666 0.51375 0.015104166666666667 0.0175
6 0.5067708333333333 0.446875 0.0078125 0.004583333333333333
2 0.1095486111111111 0.515 0.03229166666666667 0.026111111111111144
0 0.16510416666666666 0.52875 0.013541666666666667 0.0575
2 0.29496527777777776 0.5066666666666667 0.01892361111111113 0.01722222222222219
2 0.26956380208333336 0.5053125 0.016341145833333334 0.017916666666666668
2 0.5249131944444445 0.5160416666666666 0.013368055555555595 0.03819444444444438
2 0.4287946428571428 0.5127976190476192 0.007291666666666667 0.01797619047619056
2 0.44440104166666666 0.5133333333333333 0.01484375 0.0175
2 0.0799045138888889 0.517013888888889 0.03828125000000001 0.03652777777777781
5 0.033854166666666664 0.5108333333333334 0.041666666666666664 0.03666666666666667
6 0.33028273809523806 0.43077380952380956 0.00625 0.004166666666666667
5 0.48390997023809523 0.5503273809523809 0.07265625 0.11077380952380954
2 0.7109375000000001 0.5941666666666666 0.1821428571428572 0.19095238095238093
2 0.566796875 0.53625 0.04244791666666667 0.05
2 0.5449652777777778 0.5105555555555555 0.03611111111111107 0.06722222222222228
4 0.8309895833333333 0.4741666666666667 0.1671875 0.10333333333333333
6 0.34869791666666666 0.4395833333333333 0.005729166666666666 0.005833333333333334
6 0.33958333333333335 0.43375 0.005208333333333333 0.004166666666666667
6 0.48385416666666664 0.4456944444444444 0.007291666666666667 0.004166666666666667
2 0.3963541666666667 0.5258333333333334 0.03229166666666667 0.034166666666666665
0 0.2955729166666667 0.52 0.005729166666666666 0.035
2 0.24895833333333334 0.5079166666666667 0.017708333333333333 0.015833333333333335
0 0.3211979166666667 0.5190833333333335 0.0046875 0.02550000000000002
6 0.27848958333333335 0.48549999999999993 0.0109375 0.01
2 0.435 0.5118333333333334 0.00625 0.01
0 0.32619791666666664 0.5215 0.005729166666666666 0.02666666666666667
0 0.0746875 0.526 0.010416666666666666 0.035
0 0.08729166666666667 0.5296666666666666 0.00791666666666666 0.03199999999999998
