2 0.48125 0.5470833333333334 0.051041666666666666 0.07416666666666667
2 0.18645833333333334 0.5516666666666666 0.06875 0.058333333333333334
2 0.3203125 0.5579166666666666 0.06979166666666667 0.0675
2 0.5393229166666667 0.5366666666666666 0.03177083333333333 0.03666666666666667
2 0.5223958333333333 0.5220833333333333 0.025 0.03916666666666667
4 0.3578125 0.52125 0.059375 0.06416666666666666
2 0.40963541666666664 0.53125 0.025520833333333333 0.0325
2 0.39739583333333334 0.5283333333333333 0.007291666666666667 0.018333333333333333
2 0.14479166666666668 0.51875 0.040625 0.030833333333333334
2 0.18177083333333333 0.51625 0.03229166666666667 0.020833333333333332
0 0.03958333333333333 0.55125 0.009375 0.07083333333333333
2 0.5052083333333334 0.52 0.011458333333333333 0.016666666666666666
0 0.6880208333333333 0.5325 0.010416666666666666 0.05
2 0.43697916666666664 0.52375 0.017708333333333333 0.0225
2 0.4440104166666667 0.5208333333333334 0.0140625 0.021666666666666667
2 0.45416666666666666 0.5204166666666666 0.00625 0.014166666666666666
6 0.5049479166666667 0.4354166666666667 0.0109375 0.0075
6 0.4703125 0.43416666666666665 0.010416666666666666 0.006666666666666667
6 0.20364583333333333 0.3904166666666667 0.014583333333333334 0.0125
6 0.23046875 0.4025 0.011979166666666667 0.01
6 0.2518229166666667 0.41125 0.0109375 0.010833333333333334
6 0.6231770833333333 0.38083333333333336 0.0109375 0.011666666666666667
6 0.6380208333333334 0.3725 0.011458333333333333 0.011666666666666667
2 0.008072916666666667 0.6225 0.016145833333333335 0.08333333333333333
0 0.24088541666666666 0.5375 0.008854166666666666 0.04
2 0.42421875 0.5245833333333333 0.0078125 0.010833333333333334
6 0.3148809523809524 0.3358928571428571 0.026636904761904744 0.007261904761904721
6 0.23385416666666667 0.339375 0.026041666666666668 0.005416666666666667
