5 0.49609375 0.5447916666666667 0.05260416666666667 0.07541666666666667
2 0.558984375 0.5360416666666666 0.038802083333333334 0.05125
2 0.45143229166666665 0.5277083333333333 0.025260416666666667 0.027916666666666666
0 0.9774739583333333 0.5625 0.023697916666666666 0.056666666666666664
2 0.5315104166666667 0.5244444444444444 0.019270833333333334 0.023333333333333334
2 0.5200520833333333 0.5141666666666667 0.0140625 0.023333333333333334
2 0.41263020833333336 0.5185416666666667 0.004427083333333333 0.01125
2 0.4241666666666666 0.5231666666666667 0.022708333333333285 0.03200000000000008
4 0.6183159722222222 0.4997916666666667 0.03229166666666667 0.03513888888888886
2 0.4638671875 0.5130208333333334 0.028776041666666665 0.013958333333333333
2 0.30684523809523806 0.5161904761904762 0.010416666666666666 0.010714285714285742
2 0.29380208333333335 0.5153333333333334 0.015104166666666667 0.014666666666666685
2 0.37515624999999997 0.5105833333333333 0.007604166666666619 0.006833333333333371
0 0.6680338541666667 0.51375 0.007161458333333333 0.03166666666666667
0 0.6475694444444445 0.5233333333333333 0.007986111111111072 0.035
2 0.2777343749999999 0.5116666666666666 0.009809027777777738 0.01194444444444438
0 0.5879687499999999 0.5128333333333334 0.003854166666666714 0.012333333333333295
0 0.36770833333333336 0.5204166666666666 0.004374999999999988 0.0175
