5 0.46640625 0.5945833333333334 0.14427083333333332 0.2125
2 0.40338541666666666 0.5166666666666667 0.019270833333333334 0.023333333333333334
2 0.4161458333333333 0.5164583333333334 0.010416666666666666 0.019583333333333335
2 0.628515625 0.563125 0.09453125000000012 0.0987500000000001
5 0.5765625 0.5208333333333334 0.0625 0.11
2 0.5419270833333333 0.5245833333333333 0.024479166666666666 0.05416666666666667
2 0.29244791666666664 0.5229166666666667 0.0515625 0.0475
0 0.2638020833333333 0.5254166666666666 0.009895833333333333 0.0425
6 0.48359375 0.43620833333333325 0.00916666666666662 0.004750000000000038
6 0.5122395833333333 0.43829166666666663 0.008854166666666666 0.006083333333333296
0 0.68125 0.52 0.009895833333333333 0.04083333333333333
4 0.9549479166666667 0.48083333333333333 0.09010416666666667 0.1425
0 0.022500000000000003 0.5319166666666666 0.020208333333333335 0.07783333333333341
0 0.24904513888888888 0.519375 0.007291666666666667 0.03375
4 0.4328125 0.49854166666666666 0.010416666666666666 0.01625
2 0.2523958333333333 0.504 0.020833333333333332 0.018333333333333333
2 0.22010416666666668 0.5029999999999999 0.023958333333333335 0.021666666666666667
2 0.19322916666666667 0.5070833333333333 0.027083333333333334 0.019166666666666665
6 0.6080729166666666 0.40166666666666667 0.008854166666666666 0.006666666666666667
6 0.5994791666666667 0.4041666666666667 0.008333333333333333 0.006666666666666667
6 0.28463541666666664 0.40875 0.009895833333333333 0.006666666666666667
6 0.29973958333333334 0.41541666666666666 0.0078125 0.006666666666666667
6 0.31328125 0.42291666666666666 0.0078125 0.005833333333333334
