5 0.4918619791666667 0.5434375 0.053515625 0.079375
2 0.5599609375 0.5336458333333334 0.042317708333333336 0.05520833333333333
2 0.4453125 0.5244166666666666 0.026041666666666668 0.031166666666666742
2 0.529079861111111 0.5218750000000001 0.019270833333333334 0.025138888888888954
2 0.5183407738095238 0.5101785714285715 0.015252976190476216 0.026071428571428613
0 0.6622395833333333 0.5207638888888889 0.011979166666666667 0.045694444444444475
2 0.41217447916666666 0.5155208333333333 0.011328125 0.015625
2 0.393359375 0.5227083333333333 0.03307291666666667 0.04541666666666667
4 0.6301041666666667 0.49524999999999997 0.03854166666666667 0.04083333333333333
2 0.46041666666666664 0.50875 0.030208333333333334 0.010833333333333334
2 0.28424479166666666 0.510625 0.00546875 0.010416666666666666
2 0.2732291666666667 0.5101666666666667 0.018125000000000006 0.013999999999999962
2 0.3637152777777778 0.5062500000000001 0.0076388888888889285 0.00805555555555562
0 0.6983854166666668 0.5113333333333333 0.008437499999999905 0.03799999999999992
0 0.6856119791666667 0.5232291666666666 0.004296875 0.025625
2 0.255 0.50675 0.016458333333333346 0.014833333333333296
0 0.6098307291666667 0.5103125 0.005078125 0.017708333333333333
2 0.4418229166666666 0.5094166666666667 0.0078125 0.006833333333333371
1 0.609765625 0.52125 0.00390625 0.014166666666666666
2 0.4578125 0.5106666666666666 0.008333333333333333 0.010666666666666628
0 0.34885416666666663 0.5150833333333332 0.005208333333333333 0.025499999999999926
