2 0.14557291666666666 0.5383333333333333 0.09635416666666667 0.058333333333333334
2 0.36284722222222215 0.5184722222222223 0.028125 0.025833333333333333
2 0.4242187499999999 0.5097222222222223 0.011631944444444405 0.016666666666666666
6 0.5064236111111111 0.4493055555555556 0.007291666666666667 0.005833333333333334
2 0.15377604166666667 0.5090972222222223 0.026128472222222233 0.013472222222222191
0 0.21458333333333332 0.5254166666666666 0.011458333333333333 0.049166666666666664
2 0.31328125 0.5051666666666667 0.010104166666666655 0.013999999999999962
2 0.28756510416666664 0.5033854166666667 0.013411458333333333 0.0159375
2 0.5221354166666666 0.5120833333333333 0.009895833333333333 0.034166666666666665
2 0.45065104166666664 0.5104166666666666 0.01171875 0.014166666666666666
2 0.12494791666666669 0.5099166666666666 0.024270833333333346 0.02216666666666659
5 0.08973958333333334 0.50875 0.0390625 0.03216666666666659
6 0.3453125 0.4354166666666667 0.00625 0.004166666666666667
5 0.48674768518518524 0.5424074074074074 0.060763888888888985 0.09351851851851857
2 0.633203125 0.5559375 0.10130208333333333 0.118125
2 0.5562934027777778 0.5286805555555556 0.03515625 0.04125
2 0.538671875 0.5070833333333333 0.029947916666666668 0.05583333333333333
4 0.775625 0.47783333333333333 0.12625000000000006 0.08433333333333337
6 0.3606770833333333 0.4429166666666667 0.0046875 0.004166666666666667
6 0.35355902777777776 0.4390277777777778 0.005034722222222203 0.004166666666666667
6 0.48541666666666666 0.4479166666666667 0.007291666666666667 0.004166666666666667
2 0.43333333333333335 0.5175 0.029166666666666667 0.02666666666666667
0 0.31635416666666666 0.5155833333333333 0.00625 0.0325
2 0.2682291666666667 0.5054166666666666 0.0125 0.015833333333333335
2 0.0421875 0.5154166666666666 0.021875 0.018333333333333333
6 0.30755208333333334 0.4875 0.0046875 0.008333333333333333
0 0.34401041666666665 0.5175 0.0046875 0.021666666666666667
