5 0.5234375 0.5529166666666666 0.06458333333333334 0.09583333333333334
2 0.5981770833333333 0.5408333333333334 0.0359375 0.041666666666666664
0 0.19375 0.5370833333333334 0.0125 0.0575
2 0.5558333333333331 0.5175833333333334 0.014999999999999857 0.019166666666666665
2 0.5760416666666668 0.5191666666666666 0.02791666666666662 0.04866666666666655
2 0.06927083333333334 0.6433333333333333 0.13854166666666667 0.195
6 0.5203125 0.4425 0.009375 0.005
2 0.2182291666666666 0.5131666666666667 0.08937499999999998 0.02666666666666667
2 0.27984375000000006 0.5146666666666665 0.026770833333333292 0.018666666666666554
6 0.5490625000000001 0.44325 0.010833333333333427 0.006166666666666742
4 0.4442187500000001 0.5154166666666665 0.024270833333333405 0.04116666666666655
5 0.40208333333333335 0.5383333333333333 0.059375 0.06833333333333333
6 0.3109375 0.41208333333333336 0.009375 0.005833333333333334
0 0.7046875 0.5266666666666666 0.008333333333333333 0.035
2 0.47213541666666664 0.5195833333333333 0.008854166666666666 0.0125
2 0.3113541666666667 0.5364166666666668 0.05124999999999993 0.0451666666666667
2 0.45921875000000006 0.5301666666666666 0.024062500000000025 0.027333333333333296
0 0.2986979166666667 0.5454166666666667 0.019270833333333334 0.0525
2 0.48203125 0.5216666666666666 0.015104166666666667 0.021666666666666667
3 0.2981770833333333 0.5595833333333333 0.021354166666666667 0.03916666666666667
2 0.49192708333333335 0.51875 0.013020833333333334 0.0175
6 0.32744791666666667 0.4195833333333333 0.008854166666666666 0.0075
6 0.2558333333333333 0.3873333333333333 0.0308333333333333 0.021666666666666667
6 0.34255208333333337 0.42741666666666667 0.0078125 0.006499999999999962
6 0.6549479166666666 0.4008333333333333 0.0078125 0.008333333333333333
6 0.645 0.40491666666666665 0.009375 0.009833333333333295
2 0.4981770833333333 0.5166666666666667 0.0067708333333333336 0.013333333333333334
6 0.4105729166666666 0.3845 0.018229166666666668 0.003999999999999962
