2 0.3412109375 0.5211458333333333 0.03372395833333333 0.028958333333333332
2 0.4171875 0.5145833333333333 0.014583333333333334 0.019166666666666665
6 0.5075520833333333 0.44625 0.0078125 0.005833333333333334
2 0.09690755208333333 0.51203125 0.0333984375 0.023645833333333335
0 0.14944661458333333 0.5298958333333333 0.015169270833333333 0.06
2 0.2955729166666667 0.5066666666666667 0.0265625 0.018333333333333333
2 0.2663690476190476 0.5044642857142857 0.011011904761904745 0.019166666666666665
2 0.5266145833333333 0.51725 0.013645833333333357 0.04016666666666661
2 0.4276041666666667 0.5135416666666667 0.007291666666666667 0.017083333333333332
2 0.4440104166666667 0.5141666666666667 0.0140625 0.016666666666666666
2 0.06267361111111111 0.5148611111111111 0.039930555555555566 0.03527777777777781
5 0.023372395833333334 0.5086458333333334 0.04674479166666667 0.04020833333333333
6 0.3263020833333333 0.42791666666666667 0.00625 0.004166666666666667
5 0.4826388888888889 0.5521759259259259 0.07604166666666666 0.11638888888888886
2 0.7529513888888889 0.6083333333333334 0.23090277777777785 0.24388888888888896
2 0.5703125 0.5391666666666667 0.04583333333333333 0.05333333333333334
2 0.5475260416666666 0.51125 0.037760416666666664 0.07
4 0.8505208333333333 0.47708333333333336 0.18333333333333332 0.10916666666666666
6 0.34522569444444445 0.4365277777777778 0.005034722222222262 0.004722222222222286
6 0.33541666666666664 0.4320833333333333 0.005208333333333333 0.004166666666666667
6 0.48385416666666664 0.4452777777777777 0.007291666666666667 0.004166666666666667
2 0.384375 0.5275 0.035416666666666666 0.03666666666666667
0 0.28932291666666665 0.5204166666666666 0.005729166666666666 0.0375
2 0.24369791666666665 0.50575 0.01864583333333331 0.01816666666666663
0 0.3173828125 0.5209375 0.005078125 0.030208333333333334
6 0.27130208333333333 0.4840833333333333 0.0109375 0.010166666666666704
2 0.43406249999999996 0.5115000000000001 0.00625 0.01
0 0.32109375 0.5229166666666667 0.005729166666666666 0.0275
0 0.049062499999999995 0.5261666666666668 0.010416666666666666 0.03533333333333341
0 0.06281250000000001 0.5293333333333333 0.009583333333333336 0.03333333333333333
