5 0.48203125 0.5595833333333333 0.07760416666666667 0.11583333333333333
2 0.5716145833333334 0.5420833333333334 0.0421875 0.049166666666666664
0 0.16354166666666667 0.5175 0.011458333333333333 0.023333333333333334
2 0.13307291666666668 0.5725 0.1234375 0.08833333333333333
2 0.5264583333333333 0.5169166666666667 0.014999999999999977 0.021166666666666552
2 0.5476041666666666 0.5185 0.030208333333333334 0.053999999999999965
2 0.29244791666666664 0.5604166666666667 0.0828125 0.07583333333333334
6 0.48687500000000006 0.44258333333333333 0.008958333333333356 0.005166666666666705
2 0.19520833333333337 0.5114166666666667 0.08020833333333334 0.025833333333333333
2 0.255625 0.5133333333333332 0.025416666666666643 0.02033333333333322
6 0.5160937500000001 0.44383333333333347 0.008645833333333405 0.006666666666666667
4 0.4214236111111112 0.5110648148148144 0.0197685185185185 0.030907407407407276
5 0.40804687500000003 0.5276666666666667 0.03682291666666663 0.048499999999999946
6 0.28411458333333334 0.41458333333333336 0.008854166666666666 0.005833333333333334
4 0.9721788194444444 0.4859722222222223 0.05564236111111119 0.1422222222222222
0 0.6630952380952382 0.5258333333333334 0.008333333333333333 0.03833333333333333
2 0.28859375000000004 0.5263333333333334 0.04593750000000003 0.025
2 0.3844010416666667 0.531375 0.01317708333333331 0.023250000000000076
2 0.4376302083333333 0.5242499999999999 0.017447916666666667 0.023333333333333334
0 0.3455729166666667 0.5320833333333334 0.009895833333333333 0.035833333333333335
2 0.45234375 0.5191666666666667 0.011979166666666667 0.018333333333333333
3 0.34598958333333335 0.5416666666666666 0.010520833333333358 0.025
0 0.38197916666666665 0.5157499999999999 0.004166666666666667 0.013166666666666629
6 0.29994791666666665 0.4214166666666667 0.008437500000000023 0.0075
6 0.23661458333333332 0.3926666666666667 0.028645833333333332 0.018333333333333333
6 0.31453125000000004 0.42808333333333337 0.008854166666666666 0.0075
6 0.6129687500000001 0.405 0.0078125 0.008333333333333333
6 0.6043229166666666 0.4078333333333334 0.0078125 0.008333333333333333
6 0.38479166666666664 0.39 0.016666666666666666 0.006666666666666667
