5 0.46796875 0.5933333333333334 0.1390625 0.20666666666666667
2 0.62734375 0.56625 0.09010416666666667 0.09416666666666666
2 0.2635416666666667 0.54125 0.06666666666666667 0.0625
0 0.1234375 0.52875 0.014583333333333334 0.06583333333333333
2 0.38177083333333334 0.5229166666666667 0.025 0.025833333333333333
2 0.5333333333333333 0.51625 0.022916666666666665 0.035833333333333335
2 0.56328125 0.5179166666666667 0.049479166666666664 0.0875
2 0.41380208333333335 0.5208333333333334 0.0234375 0.03
6 0.48359375 0.4370833333333333 0.008854166666666666 0.005833333333333334
2 0.19244791666666666 0.505 0.08385416666666666 0.025
2 0.2518229166666667 0.5054166666666666 0.0203125 0.019166666666666665
0 0.2640624999999999 0.5100000000000002 0.006944444444444405 0.01444444444444457
6 0.5122395833333333 0.43833333333333335 0.008854166666666666 0.005
4 0.4278645833333333 0.49916666666666665 0.015104166666666667 0.018333333333333333
5 0.433984375 0.5079166666666667 0.015364583333333274 0.017499999999999905
6 0.28463541666666664 0.40958333333333335 0.008854166666666666 0.005833333333333334
4 0.95703125 0.4775 0.0859375 0.15333333333333332
0 0.661328125 0.52125 0.006510416666666667 0.03916666666666667
2 0.2986979166666667 0.5283333333333333 0.0328125 0.04
0 0.3848958333333333 0.5066666666666667 0.004166666666666667 0.006666666666666667
6 0.3 0.41458333333333336 0.008333333333333333 0.0075
6 0.23984375 0.3875 0.028645833333333332 0.018333333333333333
6 0.3138020833333333 0.42291666666666666 0.008854166666666666 0.0075
6 0.6078125 0.40125 0.007291666666666667 0.0075
6 0.59921875 0.40458333333333335 0.0078125 0.0075
6 0.38229166666666664 0.38625 0.016666666666666666 0.004166666666666667
