5 0.49563802083333336 0.539375 0.055338541666666664 0.07916666666666666
2 0.5848958333333333 0.5359375 0.055989583333333336 0.07020833333333333
2 0.39557291666666666 0.5291666666666667 0.0484375 0.03833333333333333
2 0.5442708333333334 0.5222023809523809 0.023958333333333335 0.03059523809523815
2 0.5321428571428571 0.509702380952381 0.02157738095238102 0.038928571428571486
0 0.8598958333333333 0.5275 0.03125 0.10833333333333334
2 0.39348958333333334 0.5097916666666666 0.013541666666666667 0.007916666666666667
4 0.7013020833333333 0.4841666666666667 0.06302083333333333 0.06
2 0.4625520833333333 0.5061666666666667 0.025312500000000012 0.013333333333333334
2 0.2484375 0.5108333333333334 0.011458333333333333 0.011666666666666667
2 0.22024739583333333 0.513125 0.016015625 0.02
2 0.3453125 0.5066666666666667 0.009375 0.01
0 0.9318749999999999 0.5056666666666666 0.03125 0.08200000000000007
0 0.8886979166666668 0.53075 0.026979166666666762 0.0928333333333334
0 0.9166666666666666 0.5395833333333333 0.030208333333333334 0.07083333333333333
2 0.18854166666666666 0.5091666666666667 0.025 0.02
0 0.8651041666666667 0.5104166666666666 0.025 0.0575
2 0.44114583333333335 0.5095833333333334 0.010416666666666666 0.014166666666666666
1 0.8627604166666667 0.5302777777777778 0.0359375 0.05222222222222229
2 0.4597916666666667 0.5093333333333334 0.010000000000000024 0.013333333333333334
2 0.32317708333333334 0.5054166666666666 0.0067708333333333336 0.0125
2 0.42604166666666665 0.5131944444444445 0.027083333333333334 0.015277777777777715
2 0.52109375 0.5101041666666667 0.0046875 0.022291666666666668
2 0.15169270833333334 0.5116666666666667 0.0203125 0.019166666666666665
2 0.447265625 0.509375 0.00625 0.012083333333333333
0 0.3000520833333333 0.5200833333333332 0.0067708333333333336 0.034166666666666665
