5 0.47734375 0.56375 0.0828125 0.1225
2 0.5723958333333333 0.5429166666666667 0.04479166666666667 0.050833333333333335
0 0.15859375 0.5308333333333334 0.011979166666666667 0.051666666666666666
2 0.20677083333333332 0.5570833333333334 0.0875 0.06916666666666667
2 0.5239583333333333 0.5154166666666665 0.016249999999999966 0.02216666666666659
2 0.5452604166666667 0.51725 0.031145833333333428 0.054500000000000076
2 0.31994791666666667 0.55 0.06697916666666662 0.06333333333333334
6 0.48333333333333334 0.44166666666666665 0.008333333333333333 0.005
2 0.1933333333333333 0.5089166666666666 0.07958333333333331 0.025833333333333333
2 0.2509375 0.5103333333333333 0.02479166666666665 0.020333333333333408
6 0.51234375 0.44258333333333344 0.008645833333333287 0.006166666666666742
4 0.4197048611111112 0.5060648148148145 0.02008101851851857 0.02490740740740724
5 0.41135416666666663 0.5238750000000001 0.03312500000000001 0.04324999999999998
6 0.28203125 0.41375 0.008854166666666666 0.005833333333333334
4 0.9644345238095239 0.4850595238095237 0.07113095238095243 0.14726190476190473
0 0.6595238095238095 0.5240476190476191 0.008333333333333333 0.039047619047619074
2 0.28609375 0.5315833333333334 0.0453125 0.038499999999999944
2 0.3883854166666667 0.5277499999999999 0.014895833333333285 0.022000000000000075
2 0.43645833333333345 0.52125 0.016666666666666725 0.023333333333333334
0 0.35572916666666665 0.5283333333333333 0.010416666666666666 0.03333333333333333
2 0.4482291666666666 0.516 0.010833333333333368 0.01633333333333326
3 0.3548958333333333 0.5366666666666666 0.009583333333333381 0.024000000000000056
0 0.3796875 0.5159166666666666 0.004166666666666667 0.0175
6 0.2984375 0.42008333333333336 0.008333333333333333 0.0075
6 0.23630208333333333 0.38983333333333337 0.028645833333333332 0.018333333333333333
6 0.31182291666666667 0.42675 0.008854166666666666 0.0075
6 0.6088541666666667 0.40508333333333335 0.007291666666666667 0.0075
6 0.6003124999999999 0.4071666666666667 0.008750000000000095 0.007666666666666704
6 0.38177083333333334 0.38883333333333336 0.016666666666666666 0.006666666666666667
