5 0.5282552083333333 0.5439583333333333 0.05234375 0.07458333333333333
2 0.5893229166666667 0.5352083333333333 0.03697916666666667 0.04875
2 0.4861979166666667 0.5258333333333334 0.0265625 0.023333333333333334
0 0.16203125000000002 0.5404166666666667 0.012395833333333309 0.055499999999999924
0 0.8518229166666667 0.546875 0.016145833333333335 0.03625
2 0.5649181547619048 0.5258928571428573 0.01763392857142847 0.024166666666666666
2 0.5535416666666667 0.5154166666666666 0.0125 0.024166666666666666
1 0.14869791666666668 0.5541666666666667 0.013020833333333334 0.03166666666666667
0 0.650595238095238 0.5190476190476191 0.005654761904761922 0.031190476190476202
2 0.459375 0.51875 0.013802083333333333 0.011666666666666667
2 0.47390625000000003 0.5205 0.014687499999999964 0.024333333333333276
4 0.64953125 0.5031666666666667 0.02927083333333324 0.03533333333333341
2 0.4973958333333333 0.5129166666666667 0.026041666666666668 0.0125
2 0.358125 0.5149166666666667 0.01083333333333331 0.010166666666666704
2 0.3458333333333333 0.5145833333333333 0.0125 0.0125
2 0.4176041666666667 0.51125 0.006666666666666643 0.0075
0 0.6793526785714284 0.5151785714285715 0.004389880952380901 0.02821428571428574
0 0.660625 0.5171666666666667 0.003125 0.022333333333333295
0 0.41953125 0.5191666666666668 0.0036458333333333334 0.014333333333333372
