2 0.44140625 0.5270833333333333 0.05260416666666667 0.06916666666666667
2 0.18541666666666667 0.62875 0.3333333333333333 0.31416666666666665
5 0.46536458333333336 0.5004166666666666 0.044270833333333336 0.07916666666666666
2 0.5065104166666666 0.50875 0.021354166666666667 0.029166666666666667
6 0.47734375 0.24708333333333332 0.0140625 0.059166666666666666
6 0.36953125 0.2625 0.0140625 0.056666666666666664
6 0.89140625 0.032916666666666664 0.03697916666666667 0.06583333333333333
2 0.49166666666666664 0.505 0.009375 0.011666666666666667
2 0.3765625 0.5275 0.058333333333333334 0.06666666666666667
2 0.04348958333333333 0.5 0.0515625 0.015
