2 0.51171875 0.5120833333333333 0.027604166666666666 0.04083333333333333
5 0.4479166666666667 0.4979166666666667 0.06041666666666667 0.10083333333333333
6 0.15963541666666667 0.03875 0.0359375 0.0775
6 0.14453125 0.45125 0.008854166666666666 0.0275
5 0.06536458333333334 0.49416666666666664 0.05677083333333333 0.04833333333333333
2 0.023697916666666666 0.47041666666666665 0.034895833333333334 0.024166666666666666
5 0.16848958333333333 0.5008333333333334 0.030729166666666665 0.03166666666666667
2 0.19479166666666667 0.49916666666666665 0.007291666666666667 0.02666666666666667
2 0.22109375 0.5070833333333333 0.05364583333333333 0.04083333333333333
6 0.4127604166666667 0.33458333333333334 0.008854166666666666 0.0375
6 0.010416666666666666 0.3179166666666667 0.014583333333333334 0.060833333333333336
6 0.4859375 0.325 0.009375 0.03833333333333333
2 0.25234375 0.5033333333333333 0.03697916666666667 0.03833333333333333
2 0.4 0.54125 0.08229166666666667 0.10583333333333333
2 0.2911458333333333 0.505 0.04375 0.035
2 0.48776041666666664 0.5029166666666667 0.021354166666666667 0.014166666666666666
2 0.11640625 0.7404166666666666 0.2328125 0.5191666666666667
6 0.7684895833333333 0.16631944444444446 0.023784722222222263 0.07541666666666667
6 0.7058854166666666 0.23141666666666671 0.019270833333333334 0.061500000000000006
