2 0.52265625 0.5145833333333333 0.024479166666666666 0.035833333333333335
5 0.46848958333333335 0.5025 0.05364583333333333 0.08833333333333333
2 0.3489583333333333 0.5279166666666667 0.0625 0.06583333333333333
6 0.09088541666666666 0.44958333333333333 0.008854166666666666 0.034166666666666665
2 0.20598958333333334 0.5016666666666667 0.0171875 0.016666666666666666
6 0.40390625 0.30625 0.0109375 0.04583333333333333
6 0.49296875 0.29375 0.0109375 0.0475
2 0.23671875 0.5095833333333334 0.04739583333333333 0.04583333333333333
2 0.43203125 0.5370833333333334 0.06510416666666667 0.08583333333333333
2 0.27630208333333334 0.5129166666666667 0.0515625 0.035833333333333335
2 0.50234375 0.5079166666666667 0.018229166666666668 0.010833333333333334
2 0.15234375 0.7333333333333333 0.3046875 0.5333333333333333
6 0.9143229166666667 0.03666666666666667 0.033854166666666664 0.07333333333333333
6 0.6712673611111111 0.3935416666666667 0.01579861111111119 0.05125
