2 0.5325520833333334 0.5820833333333333 0.13177083333333334 0.18916666666666668
5 0.34479166666666666 0.5075 0.2125 0.29833333333333334
6 0.2234375 0.2579166666666667 0.014583333333333334 0.060833333333333336
6 0.34765625 0.2679166666666667 0.013020833333333334 0.0575
6 0.11536458333333334 0.35333333333333333 0.0109375 0.041666666666666664
6 0.1640625 0.37083333333333335 0.009375 0.03333333333333333
5 0.13229166666666667 0.49833333333333335 0.084375 0.06166666666666667
5 0.20807291666666666 0.5029166666666667 0.0328125 0.034166666666666665
2 0.026302083333333334 0.51625 0.0484375 0.035833333333333335
2 0.06666666666666667 0.5120833333333333 0.04895833333333333 0.0375
6 0.49557291666666664 0.37125 0.0078125 0.030833333333333334
6 0.234375 0.46208333333333335 0.00625 0.020833333333333332
6 0.44114583333333335 0.37416666666666665 0.007291666666666667 0.03
2 0.48072916666666665 0.5045833333333334 0.009375 0.010833333333333334
6 0.6018229166666667 0.43188240270727657 0.0067708333333333336 0.03
