2 0.5036458333333333 0.5258333333333334 0.034375 0.045
5 0.42994791666666665 0.5095833333333334 0.06822916666666666 0.11416666666666667
6 0.08463541666666667 0.16291666666666665 0.0265625 0.08583333333333333
6 0.26640625 0.18208333333333335 0.022395833333333334 0.07916666666666666
6 0.006510416666666667 0.33208333333333334 0.013020833333333334 0.05583333333333333
6 0.17864583333333334 0.46625 0.007291666666666667 0.024166666666666666
5 0.07604166666666666 0.51125 0.09479166666666666 0.0625
2 0.05807291666666667 0.48875 0.050520833333333334 0.04083333333333333
5 0.171875 0.5122222222222222 0.04305555555555556 0.03111111111111114
2 0.20572916666666666 0.5120833333333333 0.022916666666666665 0.0275
2 0.23828125 0.5170833333333333 0.050520833333333334 0.035833333333333335
6 0.4166666666666667 0.36583333333333334 0.008333333333333333 0.03166666666666667
6 0.0796875 0.3525 0.0125 0.03833333333333333
6 0.47994791666666664 0.36 0.0078125 0.03333333333333333
2 0.2671875 0.51375 0.030208333333333334 0.0375
2 0.36484375 0.5583333333333333 0.1046875 0.12
2 0.30104166666666665 0.5166666666666667 0.041666666666666664 0.03
2 0.47682291666666665 0.515 0.0265625 0.016666666666666666
2 0.09583333333333334 0.7595833333333334 0.19166666666666668 0.48083333333333333
6 0.7003472222222222 0.25027777777777777 0.017708333333333333 0.056666666666666664
