2 0.5046875 0.5345833333333333 0.0375 0.0525
5 0.42734375 0.51625 0.08072916666666667 0.12416666666666666
6 0.16614583333333333 0.235 0.01875 0.07
6 0.31197916666666664 0.24833333333333332 0.016666666666666666 0.065
6 0.06536458333333334 0.35541666666666666 0.0140625 0.0425
6 0.20390625 0.47541666666666665 0.0067708333333333336 0.0225
2 0.02673611111111111 0.5309722222222223 0.03819444444444444 0.028055555555555525
5 0.10755208333333334 0.51625 0.07552083333333333 0.059166666666666666
2 0.09270833333333334 0.4995833333333333 0.041666666666666664 0.035833333333333335
5 0.18229166666666666 0.5191666666666667 0.030208333333333334 0.03166666666666667
2 0.21927083333333333 0.5191666666666667 0.014583333333333334 0.021666666666666667
2 0.25494791666666666 0.5204166666666666 0.0484375 0.03916666666666667
2 0.46458333333333335 0.52125 0.007291666666666667 0.019166666666666665
6 0.4244791666666667 0.38458333333333333 0.007291666666666667 0.030833333333333334
6 0.12291666666666666 0.37333333333333335 0.0125 0.03833333333333333
6 0.4828125 0.3779166666666667 0.007291666666666667 0.030833333333333334
2 0.27734375 0.5129166666666667 0.028645833333333332 0.024166666666666666
2 0.3338541666666667 0.5691666666666667 0.13229166666666667 0.13166666666666665
2 0.4786458333333333 0.5204166666666666 0.020833333333333332 0.014166666666666666
2 0.07838541666666667 0.80875 0.15677083333333333 0.3825
6 0.5955729166666667 0.44375 0.0078125 0.029166666666666667
2 0.0067708333333333336 0.5329166666666667 0.013541666666666667 0.030833333333333334
