2 0.5192708333333333 0.5104166666666666 0.027083333333333334 0.035833333333333335
5 0.46119791666666665 0.5 0.05364583333333333 0.095
2 0.37135416666666665 0.5175 0.042708333333333334 0.05333333333333334
6 0.11119791666666666 0.4483333333333333 0.008854166666666666 0.035
5 0.15416666666666667 0.49166666666666664 0.028125 0.023333333333333334
2 0.20572916666666666 0.50875 0.06145833333333333 0.04583333333333333
6 0.40703125 0.31375 0.009895833333333333 0.0425
6 0.4901041666666667 0.30291666666666667 0.010416666666666666 0.04416666666666667
2 0.24270833333333333 0.505625 0.042708333333333334 0.04541666666666667
2 0.4197916666666667 0.5345833333333333 0.06770833333333333 0.09083333333333334
2 0.28229166666666666 0.5075 0.04791666666666667 0.035
2 0.49713541666666666 0.5016666666666667 0.0203125 0.011666666666666667
2 0.13697916666666668 0.7358333333333333 0.27395833333333336 0.5283333333333333
6 0.8490885416666667 0.07916666666666666 0.030989583333333334 0.1
6 0.7565104166666666 0.185 0.018229166666666668 0.06666666666666667
6 0.6549479166666666 0.3958333333333333 0.011979166666666667 0.04666666666666667
