2 0.5263020833333333 0.5255833333333333 0.006145833333333369 0.014166666666666666
2 0.517795138888889 0.5258333333333333 0.013020833333333334 0.017777777777777715
2 0.4739583333333333 0.5279166666666667 0.015885416666666666 0.015833333333333335
2 0.46369047619047615 0.5278571428571429 0.008184523809523843 0.022142857142857224
2 0.45416666666666666 0.52875 0.01875 0.0275
2 0.4394717261904762 0.5307142857142857 0.022395833333333334 0.032380952380952406
2 0.42817708333333343 0.5359166666666668 0.013229166666666714 0.03450000000000008
2 0.4096354166666666 0.5396666666666666 0.036354166666666646 0.04133333333333326
2 0.5302083333333333 0.5254166666666666 0.005208333333333333 0.025
5 0.5502604166666667 0.52375 0.03802083333333333 0.060833333333333336
2 0.36770833333333336 0.5533333333333333 0.058333333333333334 0.06166666666666667
2 0.5567708333333333 0.5346666666666667 0.014999999999999977 0.05
2 0.581875 0.5416666666666666 0.05520833333333333 0.07066666666666672
0 0.3494791666666667 0.5195 0.013125000000000024 0.015666666666666627
0 0.3396484375 0.5417708333333333 0.012369791666666666 0.05520833333333333
0 0.33098958333333334 0.5420833333333334 0.0078125 0.05583333333333333
0 0.32369791666666664 0.5391666666666667 0.011979166666666667 0.06166666666666667
2 0.49609375 0.5381666666666667 0.038437500000000034 0.051999999999999984
0 0.6763454861111111 0.5522916666666666 0.026128472222222143 0.11125
6 0.68046875 0.42703125 0.013932291666666667 0.04510416666666667
6 0.504296875 0.298125 0.009635416666666667 0.04375
6 0.38958333333333334 0.29333333333333333 0.010416666666666666 0.045
0 0.6936979166666666 0.5448333333333333 0.013854166666666619 0.07466666666666669
6 0.7685937499999999 0.21783333333333332 0.025729166666666595 0.06666666666666664
6 0.22427083333333334 0.4129999999999999 0.011249999999999982 0.04499999999999995
2 0.9645833333333333 0.5755555555555555 0.07083333333333333 0.11777777777777772
6 0.9786458333333333 0.29375 0.042708333333333334 0.12416666666666666
