2 0.15104166666666666 0.57625 0.10625 0.0925
0 0.6434895833333333 0.58375 0.03697916666666667 0.18416666666666667
6 0.33828125 0.15458333333333332 0.0171875 0.07583333333333334
6 0.12942708333333333 0.13 0.021354166666666667 0.08166666666666667
2 0.36380208333333336 0.5370833333333334 0.0328125 0.0425
6 0.38984375 0.48375 0.0036458333333333334 0.0125
6 0.62578125 0.38458333333333333 0.0203125 0.07083333333333333
6 0.36276041666666664 0.4816666666666667 0.0036458333333333334 0.013333333333333334
2 0.23359375 0.5516666666666666 0.06197916666666667 0.06166666666666667
2 0.2635416666666667 0.5441666666666667 0.03125 0.04666666666666667
2 0.28854166666666664 0.5354166666666667 0.030208333333333334 0.03916666666666667
2 0.3094039351851852 0.5312962962962963 0.026793981481481488 0.03333333333333333
2 0.3234375 0.5323611111111111 0.012847222222222203 0.026944444444444476
2 0.3854166666666667 0.5275 0.014583333333333334 0.02
2 0.39869791666666665 0.5279166666666667 0.0078125 0.0175
2 0.4317708333333333 0.5445833333333333 0.020833333333333332 0.06583333333333333
2 0.46501736111111114 0.5590277777777778 0.0765625 0.10916666666666666
0 0.10390625 0.54 0.0171875 0.06833333333333333
0 0.11171875 0.53125 0.008854166666666666 0.030833333333333334
0 0.11953125 0.5325 0.016145833333333335 0.03
0 0.14296875 0.5225 0.013020833333333334 0.018333333333333333
0 0.13177083333333334 0.5245833333333333 0.008333333333333333 0.0175
2 0.4203125 0.52875 0.041666666666666664 0.07583333333333334
2 0.34791666666666665 0.5283333333333333 0.008333333333333333 0.018333333333333333
6 0.33046875 0.48291666666666666 0.0046875 0.012166666666666685
6 0.32692708333333337 0.48116666666666674 0.004479166666666678 0.013000000000000018
