2 0.5188541666666667 0.5252500000000001 0.007083333333333345 0.014166666666666666
6 0.509375 0.48363095238095233 0.003125 0.0125
6 0.48480902777777773 0.48263888888888884 0.003298611111111131 0.0125
2 0.5089409722222222 0.5259722222222222 0.013715277777777797 0.019166666666666665
2 0.459375 0.5275 0.010416666666666666 0.015
2 0.45319010416666666 0.5284375 0.008984375 0.023333333333333334
2 0.4434895833333333 0.5279166666666667 0.019270833333333334 0.029166666666666667
2 0.4268229166666666 0.5309027777777778 0.022569444444444406 0.03430555555555562
2 0.4137152777777778 0.5369444444444444 0.01701388888888893 0.037777777777777716
2 0.39140625 0.5404166666666667 0.043229166666666666 0.04416666666666667
2 0.52265625 0.5275 0.005729166666666666 0.023333333333333334
5 0.5425347222222221 0.5241666666666667 0.0371527777777778 0.06611111111111115
2 0.3436197916666667 0.5560416666666667 0.06588541666666667 0.06833333333333333
2 0.5527604166666666 0.5393333333333333 0.01739583333333338 0.0573333333333333
2 0.5808333333333333 0.5455833333333334 0.06270833333333338 0.07883333333333335
0 0.3246354166666666 0.51975 0.0067708333333333336 0.0125
0 0.3150173611111111 0.5319444444444443 0.013368055555555595 0.03666666666666667
0 0.3055729166666667 0.54225 0.009062500000000048 0.060833333333333336
0 0.2983333333333334 0.5389999999999999 0.013125000000000024 0.06799999999999992
2 0.4880729166666667 0.5363333333333332 0.036562500000000026 0.04966666666666659
0 0.6995833333333332 0.5613333333333334 0.02312499999999993 0.13166666666666665
6 0.6981119791666667 0.41864583333333333 0.017057291666666665 0.057291666666666664
6 0.49557291666666664 0.26416666666666666 0.0109375 0.05
6 0.3611979166666667 0.25666666666666665 0.010590277777777797 0.04972222222222224
0 0.7178571428571429 0.55 0.014880952380952432 0.07714285714285722
6 0.8246354166666666 0.14766666666666667 0.03156249999999995 0.08733333333333333
6 0.16796875 0.3945833333333333 0.013645833333333357 0.052833333333333315
