2 0.5030381944444444 0.5301388888888889 0.0078125 0.014166666666666666
6 0.4940104166666667 0.4870833333333333 0.0036458333333333334 0.0125
6 0.46838541666666667 0.4865833333333333 0.003020833333333369 0.0125
2 0.4921354166666666 0.5301666666666667 0.013229166666666655 0.018666666666666647
2 0.43572916666666667 0.532 0.009375 0.023333333333333334
2 0.4243923611111111 0.5323611111111111 0.0203125 0.028611111111111143
2 0.40748697916666665 0.5355208333333333 0.024609375 0.035625
2 0.391015625 0.5427083333333333 0.02265625 0.03958333333333333
2 0.36861979166666664 0.5466666666666666 0.047135416666666666 0.0475
2 0.5067708333333333 0.5320833333333334 0.005208333333333333 0.023333333333333334
5 0.5273809523809523 0.5280952380952381 0.038541666666666606 0.06833333333333333
2 0.31497395833333336 0.564375 0.07369791666666667 0.07375
2 0.53796875 0.54425 0.01885416666666663 0.0575
2 0.5688802083333333 0.5522916666666666 0.06588541666666667 0.08375
0 0.2960069444444445 0.5255555555555556 0.007291666666666667 0.013333333333333334
0 0.2865451388888889 0.5316666666666667 0.014409722222222261 0.030555555555555617
0 0.27682291666666664 0.5485416666666667 0.009375 0.06541666666666666
0 0.26880208333333333 0.5454999999999999 0.013020833333333334 0.07433333333333328
2 0.47200520833333326 0.5395833333333333 0.03637152777777774 0.0475
0 0.7034374999999999 0.57025 0.02354166666666669 0.14583333333333334
6 0.6983854166666666 0.41333333333333333 0.0171875 0.0613333333333334
6 0.47572916666666665 0.2439166666666667 0.0125 0.05650000000000001
6 0.3280381944444445 0.23555555555555557 0.012673611111111071 0.055
0 0.7213541666666666 0.5560416666666667 0.0067708333333333336 0.08125
6 0.8555989583333333 0.094375 0.03567708333333333 0.10375
6 0.11072916666666667 0.38641666666666663 0.016666666666666666 0.05849999999999999
