2 0.1296875 0.7483333333333333 0.259375 0.5033333333333333
2 0.3065104166666666 0.5226388888888889 0.0428819444444444 0.039722222222222284
2 0.3342881944444444 0.5250000000000001 0.044270833333333336 0.030555555555555617
2 0.33229166666666665 0.60375 0.13020833333333334 0.1325
2 0.36106770833333335 0.5286666666666666 0.04140625 0.03316666666666663
2 0.33177083333333335 0.5308333333333334 0.016666666666666666 0.018333333333333333
2 0.41510416666666666 0.5295833333333333 0.0125 0.010833333333333334
2 0.434140625 0.5316666666666666 0.01151041666666668 0.015833333333333335
2 0.4583333333333333 0.5454166666666667 0.028125 0.034166666666666665
2 0.4518229166666667 0.5283333333333333 0.011979166666666667 0.013333333333333334
2 0.4713541666666667 0.5308333333333334 0.010416666666666666 0.016666666666666666
2 0.4884635416666667 0.5303333333333334 0.011927083333333382 0.016666666666666666
2 0.5010416666666667 0.5279166666666667 0.010416666666666666 0.015833333333333335
2 0.49730902777777775 0.5275000000000001 0.0067708333333333336 0.01555555555555562
2 0.50390625 0.5316666666666666 0.009895833333333333 0.016666666666666666
2 0.5358072916666666 0.5311666666666667 0.015989583333333356 0.01816666666666663
2 0.554765625 0.5306666666666666 0.015572916666666714 0.019166666666666665
2 0.6130208333333333 0.5146250000000001 0.057083333333333285 0.029750000000000037
5 0.65390625 0.4658333333333333 0.09427083333333333 0.14
2 0.6670312500000001 0.5120833333333332 0.022187499999999954 0.028166666666666628
2 0.5136979166666668 0.5302916666666668 0.014479166666666644 0.02158333333333341
2 0.4795138888888889 0.52875 0.004166666666666667 0.014722222222222286
2 0.4821800595238095 0.5287499999999999 0.0046875 0.013452380952380926
2 0.6955989583333333 0.50575 0.03484375000000005 0.0425
2 0.7346354166666667 0.5062962962962962 0.060127314814814765 0.04388888888888895
2 0.7834635416666667 0.50390625 0.059895833333333336 0.04739583333333333
2 0.9703125 0.57625 0.059375 0.25083333333333335
2 0.8955729166666667 0.48875 0.09010416666666667 0.0675
2 0.3868489583333333 0.5365416666666666 0.006510416666666667 0.01591666666666659
2 0.3932291666666667 0.5279166666666667 0.011458333333333333 0.010833333333333334
2 0.378125 0.5295833333333333 0.03125 0.030833333333333334
7 0.5331770833333334 0.5135000000000001 0.0046875 0.013333333333333334
5 0.5459201388888888 0.52 0.011458333333333333 0.019166666666666665
