2 0.48684895833333336 0.5214583333333334 0.008333333333333333 0.011666666666666667
2 0.46986607142857145 0.519702380952381 0.005505952380952432 0.01797619047619056
2 0.4646875 0.52 0.009375 0.016666666666666666
2 0.46067708333333335 0.5233333333333333 0.005729166666666666 0.016666666666666666
2 0.45625 0.52375 0.009375 0.0175
5 0.5209895833333333 0.5146666666666666 0.015312500000000047 0.03
2 0.4457812500000001 0.5264166666666668 0.019479166666666655 0.023500000000000038
2 0.5313020833333334 0.52 0.019895833333333356 0.028333333333333332
0 0.43307291666666664 0.52375 0.00546875 0.025
0 0.42886904761904765 0.5236904761904762 0.006547619047619098 0.024285714285714258
0 0.4231770833333333 0.5154166666666666 0.0046875 0.0125
0 0.41510416666666666 0.5275 0.008333333333333333 0.03166666666666667
2 0.501953125 0.5294270833333333 0.029427083333333333 0.0384375
6 0.5569010416666667 0.4828125 0.0046875 0.014791666666666667
6 0.5009895833333333 0.44125 0.0036458333333333334 0.013833333333333352
6 0.4641927083333333 0.44104166666666667 0.0033854166666666668 0.012916666666666667
6 0.56453125 0.43866666666666665 0.0048958333333333805 0.012666666666666705
6 0.4127604166666667 0.48066666666666674 0.0046875 0.014333333333333372
6 0.5776041666666667 0.47291666666666665 0.005208333333333333 0.019166666666666665
0 0.72421875 0.5816666666666667 0.024479166666666666 0.13833333333333334
2 0.6212239583333333 0.573125 0.09348958333333333 0.10708333333333334
2 0.5824869791666667 0.5484375 0.060807291666666666 0.08479166666666667
2 0.5540364583333334 0.5435416666666667 0.01796875 0.057916666666666665
2 0.5534895833333334 0.5328333333333333 0.022812500000000093 0.04899999999999996
2 0.3795572916666667 0.5409375 0.04869791666666667 0.055625
2 0.35 0.5579166666666666 0.0625 0.0675
0 0.30526041666666676 0.5404999999999999 0.013229166666666714 0.051666666666666666
0 0.28658854166666664 0.5377083333333333 0.012239583333333333 0.060833333333333336
