2 0.18932291666666667 0.7604166666666666 0.37864583333333335 0.4791666666666667
2 0.39114583333333336 0.6133333333333333 0.19583333333333333 0.225
2 0.4546875 0.5141666666666667 0.023958333333333335 0.025
2 0.46927083333333336 0.5133333333333333 0.040625 0.025
2 0.5044270833333333 0.565 0.07239583333333334 0.08833333333333333
2 0.49140625 0.5120833333333333 0.033854166666666664 0.0225
2 0.46875 0.51875 0.013541666666666667 0.015833333333333335
2 0.5330729166666667 0.5179166666666667 0.009895833333333333 0.010833333333333334
2 0.5502604166666667 0.5170833333333333 0.009895833333333333 0.010833333333333334
2 0.5760416666666667 0.5316666666666666 0.025 0.03333333333333333
2 0.5669270833333333 0.5175 0.011979166666666667 0.013333333333333334
2 0.5864583333333333 0.51875 0.010416666666666666 0.015833333333333335
2 0.6028645833333334 0.5183333333333333 0.011979166666666667 0.016666666666666666
2 0.6151041666666667 0.5158333333333334 0.009375 0.015
2 0.6122395833333333 0.515 0.0078125 0.015
2 0.61796875 0.52 0.009895833333333333 0.018333333333333333
2 0.64921875 0.51875 0.015104166666666667 0.0175
2 0.6653645833333334 0.5175 0.009895833333333333 0.018333333333333333
2 0.7237630208333333 0.50375 0.048046875 0.02666666666666667
5 0.7578125 0.45416666666666666 0.08645833333333333 0.125
2 0.7721354166666666 0.5 0.018229166666666668 0.025
2 0.6270833333333333 0.5170833333333333 0.014583333333333334 0.019166666666666665
2 0.59453125 0.51625 0.0046875 0.014166666666666666
2 0.5966145833333333 0.51625 0.0046875 0.014166666666666666
2 0.8054687500000001 0.4949999999999999 0.03260416666666662 0.03866666666666655
2 0.834375 0.49625 0.05520833333333333 0.04416666666666667
2 0.8807291666666667 0.4925 0.05625 0.043333333333333335
2 0.9580729166666667 0.54125 0.08385416666666666 0.1425
7 0.646875 0.4996666666666667 0.005208333333333333 0.012333333333333295
5 0.6604687499999999 0.5077499999999999 0.011979166666666667 0.019166666666666665
