2 0.5126860119047619 0.5190476190476191 0.01078869047619045 0.018095238095238053
2 0.46235119047619044 0.5200000000000001 0.006994047619047568 0.02071428571428574
2 0.45533854166666665 0.5189583333333333 0.014322916666666666 0.025416666666666667
2 0.44296875 0.5216666666666666 0.0203125 0.02666666666666667
2 0.4342447916666667 0.5260416666666666 0.01171875 0.029583333333333333
2 0.4202690972222222 0.5277083333333333 0.02890625 0.03430555555555553
2 0.5221354166666666 0.5216666666666666 0.0036458333333333334 0.015
5 0.5366071428571428 0.5146428571428572 0.028571428571428588 0.05071428571428574
2 0.39205729166666664 0.5372916666666666 0.04348958333333333 0.04708333333333333
2 0.5427734375 0.5245833333333333 0.011067708333333334 0.04125
2 0.5611979166666666 0.5282500000000001 0.041770833333333354 0.05550000000000002
0 0.37442708333333324 0.5169166666666666 0.01072916666666662 0.02216666666666659
0 0.36567708333333326 0.5303333333333333 0.010104166666666655 0.04266666666666671
0 0.3563368055555556 0.5266666666666666 0.007986111111111131 0.04861111111111114
0 0.21354166666666666 0.5555833333333333 0.027291666666666683 0.1025
2 0.49244791666666665 0.5333333333333333 0.03958333333333333 0.055
0 0.6239955357142857 0.5327380952380952 0.01688988095238102 0.08047619047619056
6 0.6276909722222223 0.44583333333333325 0.011284722222222144 0.03361111111111105
6 0.5005208333333333 0.349375 0.007291666666666667 0.03208333333333333
6 0.4165104166666666 0.34525000000000006 0.007395833333333357 0.03183333333333337
0 0.6371527777777778 0.5148611111111111 0.00486111111111119 0.024166666666666666
0 0.6325520833333333 0.5195833333333333 0.0109375 0.05416666666666667
0 0.6496875000000001 0.53 0.011041666666666571 0.056333333333333256
6 0.6690104166666667 0.31701388888888893 0.013888888888888928 0.042916666666666665
6 0.29713541666666665 0.43375 0.008854166666666666 0.0325
6 0.14859375 0.3780833333333333 0.013854166666666678 0.05783333333333331
6 0.11510416666666666 0.42625 0.0125 0.0325
6 0.04674479166666667 0.39729166666666665 0.019010416666666665 0.04875
2 0.8682291666666667 0.5495833333333333 0.15625 0.0825
6 0.7455729166666667 0.39138888888888884 0.019270833333333334 0.05555555555555557
2 0.9802083333333333 0.5495833333333333 0.03958333333333333 0.07916666666666666
2 0.9682291666666667 0.8716666666666667 0.06354166666666666 0.25666666666666665
