2 0.05286458333333333 0.8325 0.10572916666666667 0.335
2 0.17057291666666666 0.6525 0.3411458333333333 0.32166666666666666
2 0.33255208333333336 0.5129166666666667 0.0328125 0.0325
2 0.35162760416666666 0.5116666666666667 0.044921875 0.02625
2 0.36875 0.5729166666666666 0.103125 0.10583333333333333
2 0.3769965277777778 0.512638888888889 0.03802083333333333 0.02361111111111114
2 0.35234375 0.5183333333333333 0.013020833333333334 0.016666666666666666
2 0.42434895833333336 0.51875 0.010677083333333334 0.010833333333333334
2 0.44244791666666666 0.5183333333333333 0.010416666666666666 0.011666666666666667
2 0.4674479166666667 0.5320833333333334 0.0265625 0.035833333333333335
2 0.4596354166666667 0.5166666666666667 0.011979166666666667 0.013333333333333334
2 0.4786458333333333 0.5195833333333333 0.010416666666666666 0.015833333333333335
2 0.4954861111111111 0.5188888888888888 0.011458333333333333 0.016666666666666666
2 0.5080729166666667 0.5158333333333334 0.009895833333333333 0.015
2 0.5044270833333333 0.5155555555555555 0.0067708333333333336 0.015
2 0.5106770833333333 0.5191666666666667 0.009895833333333333 0.016666666666666666
2 0.5411458333333333 0.5183333333333333 0.014583333333333334 0.018333333333333333
2 0.5598958333333334 0.5179166666666667 0.013541666666666667 0.019166666666666665
2 0.6145833333333334 0.5030833333333333 0.052083333333333336 0.028166666666666628
5 0.6502604166666667 0.45375 0.08802083333333334 0.12583333333333332
2 0.6635416666666667 0.5004166666666666 0.020833333333333332 0.0275
2 0.5197916666666667 0.51875 0.014583333333333334 0.019166666666666665
2 0.4875 0.5175 0.005208333333333333 0.015
2 0.48932291666666666 0.5166666666666667 0.0046875 0.015
2 0.6912760416666667 0.4946875 0.03177083333333333 0.03854166666666667
2 0.725 0.49645833333333333 0.05625 0.042916666666666665
2 0.7713541666666667 0.4925 0.05416666666666667 0.043333333333333335
2 0.921875 0.55 0.15625 0.22
2 0.375 0.5170833333333333 0.007291666666666667 0.0125
2 0.8682291666666667 0.47791666666666666 0.06666666666666667 0.059166666666666666
2 0.39916666666666667 0.5231666666666667 0.008333333333333333 0.015666666666666725
7 0.5393749999999999 0.5004166666666666 0.005208333333333333 0.010833333333333334
5 0.551953125 0.5083333333333333 0.01171875 0.019166666666666665
