2 0.11041666666666666 0.7266666666666667 0.22083333333333333 0.47833333333333333
2 0.3005729166666667 0.5224166666666666 0.04718750000000007 0.04183333333333337
2 0.327734375 0.5235416666666667 0.048177083333333336 0.030416666666666668
2 0.32135416666666666 0.6091666666666666 0.14270833333333333 0.14166666666666666
2 0.35885416666666664 0.52875 0.0421875 0.034166666666666665
2 0.32906250000000004 0.5308333333333333 0.01729166666666669 0.019333333333333372
2 0.4160590277777778 0.5304166666666666 0.011631944444444405 0.010833333333333334
2 0.43499999999999994 0.5315833333333334 0.011458333333333333 0.016833333333333277
2 0.45859375 0.5445833333333333 0.028645833333333332 0.035833333333333335
2 0.45260416666666664 0.5275 0.0125 0.013333333333333334
2 0.47213541666666664 0.5316666666666666 0.0109375 0.016666666666666666
2 0.4903645833333333 0.5304166666666666 0.011979166666666667 0.0175
2 0.5026041666666666 0.5275 0.010416666666666666 0.015
2 0.49947916666666664 0.5279166666666667 0.008333333333333333 0.015833333333333335
2 0.5057291666666667 0.5316666666666666 0.010416666666666666 0.016666666666666666
2 0.5370833333333332 0.53125 0.01604166666666664 0.01816666666666663
2 0.5573567708333333 0.53 0.016015625 0.019166666666666665
2 0.6170572916666667 0.51375 0.05963541666666667 0.03125
5 0.6604166666666667 0.46166666666666667 0.096875 0.14166666666666666
2 0.67296875 0.5119166666666666 0.023854166666666763 0.029500000000000075
2 0.5153125 0.5298333333333333 0.015208333333333357 0.021666666666666667
2 0.48107638888888893 0.52875 0.004166666666666667 0.014166666666666666
2 0.48317708333333337 0.5281666666666667 0.0046875 0.014333333333333372
2 0.7020833333333333 0.5045833333333334 0.036458333333333336 0.0425
2 0.7432812500000001 0.5035833333333334 0.06260416666666681 0.0451666666666667
2 0.79375 0.5029761904761906 0.06235119047619051 0.04785714285714287
2 0.9096354166666667 0.4870833333333333 0.09427083333333333 0.06583333333333333
2 0.3858854166666666 0.5360833333333334 0.0078125 0.01783333333333322
2 0.393154761904762 0.5282142857142856 0.010714285714285765 0.01119047619047611
2 0.37734375 0.5304166666666666 0.033854166666666664 0.029166666666666667
7 0.5355729166666666 0.5115 0.006145833333333369 0.013333333333333334
5 0.5471874999999999 0.5205833333333334 0.011458333333333333 0.019166666666666665
