2 0.24817708333333333 0.5720833333333334 0.0859375 0.08083333333333333
0 0.68828125 0.58 0.027604166666666666 0.17
6 0.42291666666666666 0.20666666666666667 0.014583333333333334 0.06666666666666667
6 0.24921875 0.19041666666666668 0.016145833333333335 0.06583333333333333
6 0.88984375 0.029814814814814808 0.034895833333333334 0.059629629629629616
2 0.42994791666666665 0.5425 0.0328125 0.043333333333333335
6 0.45234375 0.48875 0.0036458333333333334 0.0125
6 0.675 0.40270833333333333 0.019270833333333334 0.06291666666666666
6 0.42630208333333336 0.4875 0.0036458333333333334 0.011666666666666667
2 0.31354166666666666 0.5529166666666666 0.05416666666666667 0.05583333333333333
2 0.33880208333333334 0.5470833333333334 0.027604166666666666 0.0425
2 0.35989583333333336 0.5383333333333333 0.027083333333333334 0.03833333333333333
2 0.37890625 0.53625 0.0234375 0.0325
2 0.39140625 0.53625 0.009895833333333333 0.0275
2 0.4485491071428572 0.5317857142857143 0.013467261904761921 0.02
2 0.4622395833333333 0.5325 0.0078125 0.016666666666666666
2 0.49661458333333336 0.5479166666666667 0.019270833333333334 0.060833333333333336
2 0.5294270833333333 0.5595833333333333 0.07239583333333334 0.10416666666666667
2 0.46484375 0.535 0.005729166666666666 0.025
0 0.20286458333333332 0.5529166666666666 0.015104166666666667 0.0825
0 0.20833333333333334 0.5458333333333333 0.009375 0.056666666666666664
0 0.21770833333333334 0.5379166666666667 0.014583333333333334 0.0325
0 0.23567708333333334 0.5270833333333333 0.013020833333333334 0.0175
0 0.22552083333333334 0.52875 0.005208333333333333 0.015833333333333335
2 0.48489583333333336 0.5325 0.03854166666666667 0.07333333333333333
2 0.4127604166666667 0.5329166666666667 0.009895833333333333 0.0175
6 0.39578125 0.4896666666666667 0.0046875 0.011666666666666667
6 0.3924479166666667 0.4875 0.0036458333333333334 0.011666666666666667
