2 0.48458333333333337 0.5160833333333333 0.007291666666666667 0.011833333333333371
2 0.466724537037037 0.5184722222222221 0.0077546296296296426 0.019166666666666665
2 0.4609375 0.5141666666666667 0.009895833333333333 0.0175
2 0.4571875 0.51725 0.00625 0.01883333333333335
2 0.4530208333333334 0.5178333333333334 0.01083333333333331 0.02
5 0.5223958333333333 0.5095833333333334 0.01875 0.030833333333333334
2 0.44031250000000005 0.5218333333333334 0.021666666666666678 0.02633333333333335
2 0.5333333333333333 0.515 0.021875 0.03
0 0.426953125 0.5180208333333334 0.0046875 0.026041666666666668
0 0.4222222222222222 0.5172222222222222 0.005902777777777739 0.028333333333333332
0 0.41546223958333334 0.5181770833333333 0.0037109375 0.028645833333333332
0 0.4015625 0.5223333333333333 0.008958333333333356 0.03633333333333335
2 0.4998139880952381 0.5286309523809524 0.032068452380952316 0.04226190476190481
6 0.5618489583333334 0.4744444444444444 0.004253472222222262 0.015277777777777809
6 0.5001302083333333 0.42875 0.0033854166666666668 0.015
6 0.45989583333333334 0.42611111111111116 0.0038194444444444643 0.016111111111111097
6 0.5711588541666667 0.4240625 0.006380208333333333 0.016041666666666666
6 0.403125 0.4716666666666667 0.005729166666666666 0.018333333333333333
6 0.5861979166666667 0.4633333333333333 0.005729166666666666 0.02
0 0.8967881944444446 0.6390277777777778 0.05434027777777774 0.2536111111111111
2 0.6799479166666667 0.601875 0.15729166666666666 0.16375
2 0.6050130208333333 0.5547916666666667 0.08059895833333333 0.1125
2 0.5654687499999999 0.5477500000000001 0.0296875 0.07016666666666671
2 0.565625 0.5308333333333334 0.035416666666666666 0.056666666666666664
2 0.3536458333333333 0.5404166666666667 0.06208333333333336 0.06583333333333333
2 0.30963541666666666 0.56125 0.08385416666666666 0.08083333333333333
0 0.2671875 0.5339999999999999 0.01416666666666669 0.05133333333333335
0 0.24973958333333332 0.5395833333333333 0.0109375 0.06416666666666666
0 0.23932291666666666 0.5370833333333334 0.015625 0.07166666666666667
