2 0.44700520833333335 0.54875 0.039322916666666666 0.051666666666666666
2 0.99296875 0.4297916666666667 0.0140625 0.02125
2 0.9380208333333333 0.46708333333333335 0.12395833333333334 0.0925
2 0.8364583333333333 0.4766666666666667 0.09375 0.06666666666666667
2 0.5497916666666668 0.5210833333333333 0.013541666666666667 0.02016666666666661
7 0.5515104166666667 0.4960833333333334 0.009479166666666572 0.015833333333333335
2 0.10104166666666667 0.5416666666666666 0.17604166666666668 0.09833333333333333
2 0.18406250000000002 0.5277499999999999 0.09145833333333335 0.05049999999999993
2 0.52578125 0.5216666666666666 0.018229166666666668 0.021666666666666667
2 0.4947916666666667 0.5229166666666667 0.014583333333333334 0.019166666666666665
2 0.4752604166666667 0.5283333333333333 0.016145833333333335 0.025
2 0.2125 0.5320833333333334 0.11145833333333334 0.0575
2 0.5760416666666667 0.51875 0.014583333333333334 0.019166666666666665
2 0.4317708333333333 0.52625 0.0125 0.015833333333333335
2 0.41041666666666665 0.5275 0.0125 0.015
2 0.37552083333333336 0.5266666666666666 0.015625 0.018333333333333333
2 0.48515625 0.5041666666666667 0.015104166666666667 0.011666666666666667
2 0.5080729166666667 0.5175 0.011979166666666667 0.015
2 0.48828125 0.5204166666666666 0.008854166666666666 0.015833333333333335
2 0.2942708333333333 0.53 0.08333333333333333 0.04833333333333333
2 0.33489583333333334 0.53125 0.05625 0.04083333333333333
2 0.2786458333333333 0.5416666666666666 0.022916666666666665 0.03666666666666667
2 0.007552083333333333 0.61375 0.015104166666666667 0.08416666666666667
2 0.6588541666666666 0.4945833333333333 0.06145833333333333 0.034166666666666665
5 0.7833333333333333 0.3781666666666667 0.2352083333333334 0.26466666666666677
