2 0.5155505952380952 0.5221428571428571 0.008035714285714235 0.01619047619047611
2 0.4700520833333333 0.5241666666666667 0.005208333333333333 0.018333333333333333
2 0.46432291666666675 0.5236363636363637 0.012263257575757672 0.022121212121212278
2 0.4548363095238095 0.5249404761904761 0.01592261904761904 0.023214285714285646
2 0.4488020833333334 0.5276666666666667 0.009062500000000048 0.025
2 0.4390625 0.5291666666666667 0.020833333333333332 0.028333333333333332
5 0.5342447916666667 0.5185416666666666 0.023350694444444407 0.04236111111111105
2 0.4195833333333333 0.5353333333333334 0.03249999999999999 0.036999999999999984
2 0.5358854166666667 0.5299166666666667 0.0030208333333334282 0.025166666666666705
2 0.5527777777777777 0.528611111111111 0.03263888888888881 0.045
0 0.4041666666666667 0.5261458333333333 0.0078125 0.029375
0 0.3971875000000001 0.5298333333333333 0.007500000000000047 0.03666666666666667
0 0.38580729166666666 0.5279166666666667 0.007552083333333333 0.04083333333333333
0 0.32443576388888895 0.5425 0.01623263888888887 0.06055555555555552
2 0.49869791666666674 0.5380952380952382 0.03846726190476192 0.05309523809523815
0 0.6047247023809524 0.5299404761904762 0.01138392857142847 0.06011904761904759
6 0.59921875 0.4661904761904762 0.008854166666666666 0.02380952380952389
6 0.5055989583333333 0.3958333333333333 0.0049479166666666664 0.023333333333333334
6 0.44375 0.3925 0.005208333333333333 0.023333333333333334
0 0.6108072916666667 0.52625 0.008072916666666667 0.04416666666666667
0 0.6149305555555554 0.5335416666666667 0.006423611111111072 0.03652777777777781
6 0.6203125 0.38333333333333336 0.010416666666666666 0.028333333333333332
6 0.35651041666666666 0.45770833333333333 0.00625 0.024583333333333332
6 0.29296875 0.4320833333333333 0.0067708333333333336 0.035833333333333335
6 0.21640625 0.4425 0.005729166666666666 0.023333333333333334
2 0.7496744791666666 0.5329166666666667 0.059765625 0.03833333333333333
6 0.6575086805555554 0.4411111111111111 0.01015625 0.03555555555555562
2 0.8497395833333333 0.7858333333333334 0.30052083333333335 0.42833333333333334
2 0.70546875 0.60625 0.1671875 0.1775
2 0.1 0.625 0.2 0.21
