2 0.08350694444444444 0.8230555555555555 0.16701388888888888 0.31388888888888894
2 0.45260416666666664 0.5466666666666666 0.034375 0.04666666666666667
2 0.9450520833333333 0.46375 0.10677083333333333 0.06916666666666667
2 0.867578125 0.4735416666666667 0.11692708333333333 0.07125
2 0.7861979166666667 0.47875 0.06614583333333333 0.0575
2 0.54484375 0.5208333333333334 0.0109375 0.017666666666666705
7 0.5464583333333334 0.49824999999999986 0.007500000000000047 0.014166666666666666
2 0.17494791666666668 0.5395 0.1394791666666667 0.08033333333333322
2 0.238125 0.52925 0.06979166666666672 0.04149999999999996
2 0.521875 0.5225 0.016666666666666666 0.023333333333333334
2 0.4934895833333333 0.52375 0.0140625 0.019166666666666665
2 0.4747395833333333 0.5275 0.0140625 0.018333333333333333
2 0.2546875 0.5316666666666666 0.09375 0.04833333333333333
2 0.5690104166666666 0.52125 0.015104166666666667 0.0175
2 0.43359375 0.5270833333333333 0.0109375 0.015833333333333335
2 0.4127604166666667 0.5283333333333333 0.0109375 0.013333333333333334
2 0.38046875 0.5295833333333333 0.015104166666666667 0.0175
2 0.4825520833333333 0.505 0.015104166666666667 0.01
2 0.5059895833333333 0.5191666666666667 0.011979166666666667 0.015
2 0.48776041666666664 0.5225 0.008854166666666666 0.016666666666666666
2 0.31692708333333336 0.5308333333333334 0.06927083333333334 0.041666666666666664
2 0.3489583333333333 0.5333333333333333 0.046875 0.03833333333333333
2 0.30833333333333335 0.5404166666666667 0.016666666666666666 0.030833333333333334
2 0.10364583333333334 0.5933333333333334 0.057291666666666664 0.10833333333333334
2 0.644921875 0.498125 0.048177083333333336 0.03625
5 0.7305989583333332 0.40680555555555553 0.17144097222222215 0.21361111111111106
