5 0.13619791666666667 0.5245833333333333 0.27239583333333334 0.5041666666666667
5 0.3111979166666667 0.5270833333333333 0.1890625 0.2975
6 0.3809895833333333 0.38125 0.005729166666666666 0.015833333333333335
6 0.42942708333333335 0.3958333333333333 0.005729166666666666 0.025
6 0.4700520833333333 0.4191666666666667 0.0046875 0.02
6 0.50625 0.41625 0.005208333333333333 0.0225
5 0.46796875 0.5016666666666667 0.013020833333333334 0.03
2 0.44244791666666666 0.5170833333333333 0.019270833333333334 0.024166666666666666
2 0.42083333333333334 0.5141666666666667 0.016666666666666666 0.023333333333333334
2 0.40911458333333334 0.5179166666666667 0.0109375 0.0325
