6 0.1984375 0.1025 0.029166666666666667 0.105
6 0.37838541666666664 0.16875 0.018229166666666668 0.08083333333333333
6 0.503125 0.31166666666666665 0.010416666666666666 0.05
6 0.58828125 0.2995833333333333 0.011979166666666667 0.0525
5 0.48802083333333335 0.5033333333333333 0.0125 0.025
6 0.28125 0.43583333333333335 0.017708333333333333 0.02
2 0.06458333333333334 0.6220833333333333 0.12916666666666668 0.2425
2 0.44869791666666664 0.5175 0.0171875 0.021666666666666667
2 0.46484375 0.5025 0.011979166666666667 0.013333333333333334
2 0.47265625 0.5116666666666667 0.008854166666666666 0.011666666666666667
