5 0.46677827380952386 0.5155952380952381 0.015252976190476157 0.03190476190476185
5 0.4982986111111111 0.5158611111111111 0.014583333333333334 0.0325
5 0.4835565476190476 0.5180357142857142 0.012202380952380902 0.02369047619047611
2 0.5101562500000002 0.5251666666666667 0.009062500000000107 0.014333333333333656
2 0.09635416666666667 0.54625 0.14166666666666666 0.10083333333333333
2 0.016927083333333332 0.5608333333333333 0.033854166666666664 0.11333333333333333
5 0.3038736979166667 0.5181770833333333 0.09095052083333334 0.058020833333333334
2 0.390162037037037 0.5177777777777778 0.04363425925925928 0.040740740740740765
2 0.21692708333333333 0.5370833333333334 0.057395833333333326 0.04816666666666663
5 0.27919921875 0.53515625 0.06666666666666667 0.04083333333333333
2 0.178125 0.5408333333333334 0.04375 0.055
5 0.06666666666666667 0.49333333333333335 0.13020833333333334 0.08166666666666667
