6 0.17265625 0.06458333333333334 0.030729166666666665 0.1125
6 0.36796875 0.14416666666666667 0.019270833333333334 0.08666666666666667
6 0.5036458333333333 0.30291666666666667 0.011458333333333333 0.0525
6 0.5927083333333333 0.28958333333333336 0.0125 0.0575
5 0.48802083333333335 0.50375 0.0125 0.025833333333333333
6 0.2721354166666667 0.43333333333333335 0.016145833333333335 0.02
2 0.005989583333333334 0.65875 0.011979166666666667 0.14083333333333334
2 0.4471354166666667 0.5183333333333333 0.018229166666666668 0.023333333333333334
2 0.46484375 0.5033333333333333 0.011979166666666667 0.013333333333333334
2 0.47239583333333335 0.5120833333333333 0.009375 0.0125
