5 0.46364583333333337 0.5176666666666667 0.01583333333333338 0.03366666666666674
5 0.49820075757575755 0.5169318181818181 0.014583333333333334 0.0325
5 0.4818229166666667 0.5199166666666666 0.013229166666666714 0.025499999999999926
2 0.5088778409090909 0.5254166666666666 0.008854166666666666 0.014166666666666666
2 0.0375 0.5620833333333334 0.075 0.1325
5 0.2880859375 0.5207291666666667 0.09934895833333333 0.061875
2 0.38307291666666665 0.52 0.04635416666666667 0.043333333333333335
2 0.18346354166666667 0.5439583333333333 0.06328125 0.05541666666666667
5 0.26781249999999995 0.5360833333333334 0.07041666666666666 0.04083333333333333
2 0.11171875 0.55 0.08697916666666666 0.06583333333333333
2 0.08671875 0.5420833333333334 0.04635416666666667 0.029166666666666667
6 0.45712594696969705 0.46534090909090914 0.002888257575757673 0.0125
2 0.2230034722222222 0.5445833333333333 0.0376736111111111 0.049166666666666664
5 0.028862847222222224 0.48986111111111114 0.05772569444444445 0.08138888888888896
