5 0.44789299242424246 0.5089393939393939 0.0328125 0.061060606060606044
5 0.506640625 0.5083333333333334 0.014583333333333334 0.0325
5 0.48250473484848483 0.5119696969696969 0.024289772727272663 0.04575757575757573
5 0.11875 0.5208333333333334 0.19360119047619048 0.1161904761904762
2 0.32760416666666664 0.5154166666666666 0.07447916666666667 0.0675
5 0.06393229166666667 0.5517708333333333 0.12786458333333334 0.08229166666666667
6 0.45026041666666666 0.43694444444444447 0.0036458333333333334 0.017777777777777715
6 0.47994791666666664 0.4411309523809523 0.0036458333333333334 0.016785714285714258
2 0.46835937499999997 0.5202083333333334 0.0027777777777777384 0.0125
6 0.5311631944444444 0.4505555555555556 0.003125 0.014166666666666666
6 0.5067708333333333 0.4529166666666667 0.003125 0.0125
