2 0.00390625 0.6829166666666666 0.0078125 0.0825
5 0.4752604166666667 0.5184722222222223 0.013020833333333334 0.02805555555555543
5 0.502323717948718 0.5154166666666666 0.014583333333333334 0.0325
5 0.49014136904761896 0.5198214285714287 0.010044642857142823 0.022023809523809442
2 0.5137500000000004 0.5245916666666662 0.009541666666666988 0.014716666666666925
2 0.22552083333333334 0.53625 0.08229166666666667 0.07083333333333333
2 0.14046875000000003 0.5441666666666667 0.10927083333333334 0.085
2 0.04453125 0.56125 0.0890625 0.1275
5 0.3328125 0.5180357142857143 0.07782738095238097 0.05107142857142852
2 0.4056175595238096 0.5183333333333334 0.03787202380952384 0.03595238095238092
2 0.00390625 0.5779166666666666 0.0078125 0.05416666666666667
2 0.09765625 0.561875 0.06510416666666667 0.08166666666666667
2 0.27513020833333335 0.5272916666666667 0.030989583333333334 0.02625
5 0.31796875 0.5295833333333333 0.058854166666666666 0.0325
5 0.1707465277777778 0.4886805555555556 0.10260416666666668 0.04347222222222219
