2 0.33828125 0.5558333333333333 0.06927083333333334 0.07166666666666667
2 0.020833333333333332 0.5675 0.041666666666666664 0.115
2 0.05355902777777777 0.5679166666666667 0.08871527777777777 0.09972222222222228
5 0.08984375 0.5469999999999999 0.1590625 0.11066666666666664
5 0.47890625 0.5169907407407408 0.011168981481481488 0.026018518518518573
5 0.5033482142857142 0.5154166666666666 0.014583333333333334 0.0325
5 0.4915277777777778 0.5189166666666667 0.008055555555555571 0.020388888888888915
2 0.5156409438775511 0.52328231292517 0.010065901360544416 0.015136054421768866
2 0.29125 0.53 0.05687499999999997 0.05333333333333334
2 0.2501302083333333 0.535 0.05546875 0.059166666666666666
2 0.18763020833333333 0.5421875 0.0890625 0.07645833333333334
5 0.3520833333333334 0.5151388888888888 0.06805555555555559 0.04027777777777772
2 0.4153645833333333 0.5175 0.034895833333333334 0.03166666666666667
2 0.1707465277777778 0.5541666666666667 0.05121527777777777 0.06944444444444448
2 0.23893229166666666 0.545625 0.022135416666666668 0.044583333333333336
5 0.34177083333333336 0.5243333333333333 0.043958333333333384 0.022000000000000075
5 0.23764880952380948 0.4917261904761904 0.07961309523809522 0.03226190476190472
