2 0.019270833333333334 0.595 0.03854166666666667 0.09166666666666666
6 0.40234375 0.36583333333333334 0.0078125 0.03333333333333333
6 0.46171875 0.3770833333333333 0.0067708333333333336 0.030833333333333334
6 0.5119791666666667 0.40708333333333335 0.005208333333333333 0.024166666666666666
6 0.5544270833333333 0.40166666666666667 0.005729166666666666 0.025
5 0.50859375 0.5045833333333334 0.013020833333333334 0.0275
6 0.3294270833333333 0.45666666666666667 0.0109375 0.02666666666666667
2 0.471875 0.5270833333333333 0.029166666666666667 0.035833333333333335
6 0.3932291666666667 0.4708333333333333 0.0125 0.011666666666666667
2 0.44583333333333336 0.5225 0.025 0.03333333333333333
2 0.4075520833333333 0.5320833333333334 0.04114583333333333 0.050833333333333335
