2 0.41484375 0.55375 0.05572916666666667 0.07083333333333333
2 0.45625 0.5408333333333334 0.019791666666666666 0.028333333333333332
2 0.48828125 0.5304166666666666 0.011979166666666667 0.0175
3 0.3138020833333333 0.5554166666666667 0.030729166666666665 0.06916666666666667
2 0.5377604166666666 0.5354166666666667 0.03802083333333333 0.059166666666666666
4 0.3875 0.5333333333333333 0.040625 0.065
2 0.19661458333333334 0.5870833333333333 0.10677083333333333 0.10083333333333333
2 0.9734375 0.9129166666666667 0.053125 0.17416666666666666
2 0.5536458333333333 0.5558333333333333 0.03854166666666667 0.051666666666666666
2 0.628125 0.5783333333333334 0.11041666666666666 0.125
2 0.7846354166666667 0.67125 0.25885416666666666 0.21583333333333332
2 0.53671875 0.5520833333333334 0.011979166666666667 0.03916666666666667
2 0.40911458333333334 0.48875 0.013020833333333334 0.0075
2 0.45286458333333335 0.48333333333333334 0.018229166666666668 0.008333333333333333
