5 0.8169270833333333 0.5316666666666666 0.2265625 0.37333333333333335
0 0.675 0.5558333333333333 0.03229166666666667 0.12833333333333333
2 0.08880208333333334 0.5991666666666666 0.17760416666666667 0.14833333333333334
2 0.41953125 0.5504166666666667 0.12760416666666666 0.13916666666666666
2 0.6028645833333334 0.5279166666666667 0.03697916666666667 0.049166666666666664
2 0.2557291666666667 0.5691666666666667 0.14791666666666667 0.1
2 0.7033854166666667 0.5725 0.0296875 0.09666666666666666
0 0.9481770833333333 0.5445833333333333 0.04635416666666667 0.13583333333333333
2 0.6135416666666667 0.47208333333333335 0.014583333333333334 0.005833333333333334
2 0.6455729166666667 0.5166666666666667 0.0171875 0.021666666666666667
3 0.5526041666666667 0.5183333333333333 0.014583333333333334 0.035
4 0.5822916666666667 0.5091666666666667 0.021875 0.03833333333333333
2 0.52734375 0.525 0.030729166666666665 0.03666666666666667
2 0.6934895833333333 0.54 0.022395833333333334 0.04
2 0.4979166666666667 0.5316666666666666 0.025 0.03833333333333333
2 0.4791666666666667 0.53125 0.03229166666666667 0.050833333333333335
2 0.6260416666666667 0.47125 0.010416666666666666 0.0075
