2 0.5200520833333333 0.53875 0.0578125 0.07416666666666667
2 0.09114583333333333 0.6520833333333333 0.18229166666666666 0.3075
2 0.30364583333333334 0.5570833333333334 0.12083333333333333 0.12416666666666666
2 0.39479166666666665 0.5266666666666666 0.05416666666666667 0.07333333333333333
2 0.6268229166666667 0.5445833333333333 0.06822916666666666 0.07916666666666666
2 0.7122395833333334 0.5779166666666666 0.14114583333333333 0.15916666666666668
2 0.8604166666666667 0.71375 0.2791666666666667 0.35583333333333333
2 0.4859375 0.5154166666666666 0.026041666666666668 0.034166666666666665
2 0.603125 0.5266666666666666 0.046875 0.06833333333333333
2 0.5333333333333333 0.5070833333333333 0.01875 0.0225
2 0.5635416666666667 0.5108333333333334 0.020833333333333332 0.02666666666666667
2 0.5497395833333333 0.51 0.0036458333333333334 0.016666666666666666
0 0.6622395833333333 0.5066666666666667 0.0109375 0.03833333333333333
6 0.5255208333333333 0.415 0.004166666666666667 0.016666666666666666
6 0.42291666666666666 0.4608333333333333 0.004166666666666667 0.016666666666666666
0 0.7375 0.49666666666666665 0.020833333333333332 0.023333333333333334
6 0.48333333333333334 0.41458333333333336 0.004166666666666667 0.015833333333333335
2 0.46119791666666665 0.5141666666666667 0.019270833333333334 0.028333333333333332
2 0.5541666666666667 0.5095833333333334 0.007291666666666667 0.0225
0 0.42473958333333334 0.52 0.0046875 0.016666666666666666
2 0.47109375 0.51 0.0078125 0.016666666666666666
6 0.6197916666666666 0.45194444444444437 0.005208333333333333 0.021666666666666667
6 0.5918402777777777 0.4647222222222222 0.004166666666666667 0.016666666666666666
6 0.6015625 0.41055555555555556 0.005555555555555595 0.018333333333333333
