2 0.49661458333333336 0.5429166666666667 0.07239583333333334 0.09083333333333334
2 0.4549479166666667 0.5191666666666667 0.0359375 0.045
2 0.83046875 0.6304166666666666 0.3390625 0.38083333333333336
2 0.6661458333333333 0.55 0.09479166666666666 0.20666666666666667
2 0.57265625 0.51625 0.07864583333333333 0.06416666666666666
2 0.18541666666666667 0.5820833333333333 0.18541666666666667 0.17416666666666666
5 0.29713541666666665 0.5470833333333334 0.09739583333333333 0.11416666666666667
2 0.5158854166666667 0.50125 0.016145833333333335 0.024166666666666666
2 0.4015625 0.5204166666666666 0.04791666666666667 0.0575
0 0.013802083333333333 0.5854166666666667 0.027604166666666666 0.15583333333333332
2 0.7013020833333333 0.47833333333333333 0.0140625 0.008333333333333333
2 0.4276041666666667 0.5125 0.026041666666666668 0.03833333333333333
2 0.4432291666666667 0.4975 0.015625 0.015
2 0.53203125 0.4975 0.0078125 0.018333333333333333
2 0.5309895833333333 0.4945833333333333 0.0109375 0.019166666666666665
2 0.46927083333333336 0.5 0.013541666666666667 0.016666666666666666
5 0.48671875 0.4925 0.0171875 0.011666666666666667
0 0.08671875 0.5883333333333334 0.03697916666666667 0.145
2 0.50859375 0.495 0.0421875 0.016666666666666666
2 0.5013020833333334 0.4945833333333333 0.0171875 0.009166666666666667
0 0.07083333333333333 0.5366666666666666 0.025 0.04
0 0.04088541666666667 0.5404166666666667 0.0265625 0.034166666666666665
0 0.55234375 0.5129166666666667 0.016145833333333335 0.06416666666666666
6 0.5630642361111111 0.46118055555555554 0.0032118055555554765 0.013194444444444382
