2 0.9817708333333334 0.7016666666666667 0.036458333333333336 0.165
2 0.49765625 0.5320833333333334 0.0609375 0.0775
2 0.44765625 0.5129166666666667 0.03697916666666667 0.04583333333333333
2 0.03229166666666667 0.53875 0.06458333333333334 0.08083333333333333
2 0.11927083333333334 0.5254166666666666 0.13229166666666667 0.10916666666666666
2 0.61015625 0.5308333333333334 0.08489583333333334 0.11166666666666666
2 0.5713541666666667 0.5191666666666667 0.019791666666666666 0.06666666666666667
2 0.5471354166666667 0.5029166666666667 0.044270833333333336 0.0425
2 0.34427083333333336 0.5295833333333333 0.07395833333333333 0.08083333333333333
5 0.3815104166666667 0.515 0.0453125 0.06666666666666667
0 0.678125 0.5245833333333333 0.019791666666666666 0.08916666666666667
2 0.509375 0.49041666666666667 0.014583333333333334 0.014166666666666666
2 0.42291666666666666 0.5054166666666666 0.028125 0.04083333333333333
0 0.29713541666666665 0.5270833333333333 0.0109375 0.0675
0 0.25755208333333335 0.51 0.0046875 0.035
2 0.6567708333333333 0.49125 0.023958333333333335 0.029166666666666667
2 0.44166666666666665 0.48833333333333334 0.0125 0.008333333333333333
2 0.4515625 0.4866666666666667 0.011458333333333333 0.008333333333333333
2 0.5231770833333333 0.49 0.0036458333333333334 0.015
2 0.5239583333333333 0.4870833333333333 0.009375 0.0175
5 0.48776041666666664 0.4866666666666667 0.021354166666666667 0.015
2 0.5020833333333333 0.48791666666666667 0.009375 0.010833333333333334
0 0.30494791666666665 0.52875 0.0140625 0.07083333333333333
2 0.5075520833333333 0.48791666666666667 0.0328125 0.015833333333333335
2 0.47239583333333335 0.4925 0.027083333333333334 0.02
0 0.2872395833333333 0.5041666666666667 0.008854166666666666 0.015
0 0.27786458333333336 0.5045833333333334 0.0078125 0.0175
2 0.7138020833333333 0.4820833333333333 0.0078125 0.0125
