2 0.47291666666666665 0.5466666666666666 0.08645833333333333 0.10833333333333334
2 0.4513020833333333 0.5066666666666667 0.028645833333333332 0.03333333333333333
2 0.6390625 0.5416666666666666 0.11979166666666667 0.125
5 0.0140625 0.67125 0.028125 0.19083333333333333
2 0.5122395833333333 0.5 0.022395833333333334 0.03
2 0.3265625 0.5320833333333334 0.090625 0.09583333333333334
2 0.8294270833333334 0.50125 0.09947916666666666 0.06916666666666667
2 0.38619791666666664 0.5158333333333334 0.0515625 0.056666666666666664
2 0.4200520833333333 0.5045833333333334 0.030729166666666665 0.04416666666666667
2 0.5505208333333333 0.5079166666666667 0.017708333333333333 0.04583333333333333
2 0.5359375 0.49375 0.015625 0.020833333333333332
2 0.5309895833333333 0.4895833333333333 0.016145833333333335 0.0225
2 0.45755208333333336 0.4891666666666667 0.016145833333333335 0.005
5 0.475 0.4866666666666667 0.017708333333333333 0.011666666666666667
2 0.5049479166666667 0.49083333333333334 0.0484375 0.021666666666666667
2 0.9252604166666667 0.47375 0.09635416666666667 0.059166666666666666
2 0.96796875 0.49 0.0640625 0.07333333333333333
0 0.5705729166666667 0.5329166666666667 0.03177083333333333 0.1275
0 0.909375 0.48375 0.020833333333333332 0.0625
2 0.49453125 0.49083333333333334 0.009895833333333333 0.006666666666666667
2 0.5502604166666667 0.5020833333333333 0.024479166666666666 0.0425
0 0.6872395833333333 0.5291666666666667 0.0265625 0.11
2 0.5755208333333334 0.5154166666666666 0.04375 0.0625
2 0.5856770833333333 0.5291666666666667 0.022395833333333334 0.07666666666666666
6 0.5727430555555555 0.4504166666666667 0.004166666666666667 0.015833333333333335
6 0.42721354166666664 0.4580208333333333 0.003125 0.011875
