2 0.8994791666666667 0.8054166666666667 0.20104166666666667 0.38916666666666666
2 0.6971354166666667 0.5320833333333334 0.14322916666666666 0.08583333333333333
2 0.4953125 0.52875 0.05520833333333333 0.06916666666666667
2 0.44296875 0.5154166666666666 0.0421875 0.0475
2 0.07421875 0.5216666666666666 0.03802083333333333 0.06666666666666667
2 0.08645833333333333 0.5029166666666667 0.06145833333333333 0.049166666666666664
2 0.14401041666666667 0.5070833333333333 0.05572916666666667 0.04416666666666667
2 0.19401041666666666 0.5079166666666667 0.050520833333333334 0.04416666666666667
2 0.234375 0.5091666666666667 0.059375 0.043333333333333335
2 0.29140625 0.5020833333333333 0.05572916666666667 0.059166666666666666
2 0.5606770833333333 0.5058333333333334 0.0421875 0.058333333333333334
2 0.5421875 0.4970833333333333 0.007291666666666667 0.020833333333333332
2 0.534375 0.4920833333333333 0.022916666666666665 0.029166666666666667
2 0.4075520833333333 0.5079166666666667 0.0359375 0.049166666666666664
5 0.4197916666666667 0.49166666666666664 0.023958333333333335 0.025
0 0.6067708333333334 0.50625 0.010416666666666666 0.0525
2 0.5065104166666666 0.48625 0.013020833333333334 0.0175
2 0.44244791666666666 0.48583333333333334 0.018229166666666668 0.013333333333333334
0 0.3848958333333333 0.5075 0.009375 0.041666666666666664
0 0.3575520833333333 0.5016666666666667 0.0109375 0.045
2 0.61640625 0.485 0.018229166666666668 0.021666666666666667
2 0.45416666666666666 0.4845833333333333 0.009375 0.010833333333333334
2 0.46171875 0.4870833333333333 0.009895833333333333 0.020833333333333332
2 0.5236979166666667 0.48833333333333334 0.0067708333333333336 0.02
2 0.5208333333333334 0.4825 0.005208333333333333 0.013333333333333334
2 0.4890625 0.4845833333333333 0.022916666666666665 0.015833333333333335
2 0.5205729166666667 0.48125 0.009895833333333333 0.0175
2 0.471875 0.4845833333333333 0.010416666666666666 0.014166666666666666
2 0.97734375 0.53125 0.0453125 0.04416666666666667
7 0.7015625 0.45208333333333334 0.003125 0.025833333333333333
5 0.48463541666666665 0.4775 0.0140625 0.006666666666666667
2 0.9856770833333334 0.5483333333333333 0.028645833333333332 0.043333333333333335
