2 0.8924479166666667 0.7954166666666667 0.21510416666666668 0.4091666666666667
2 0.15135416666666668 0.5784166666666666 0.191875 0.1955
2 0.7125 0.59625 0.18958333333333333 0.21416666666666667
2 0.521875 0.54 0.09166666666666666 0.07666666666666666
6 0.49635416666666665 0.3725 0.005208333333333333 0.025
6 0.43020833333333336 0.37041666666666667 0.00625 0.029166666666666667
2 0.55421875 0.51725 0.025937500000000096 0.03649999999999996
2 0.40598958333333335 0.5216666666666666 0.03177083333333333 0.041666666666666664
2 0.46114583333333337 0.5161666666666667 0.029166666666666667 0.03600000000000004
0 0.8546875 0.5491666666666667 0.034375 0.13833333333333334
0 0.7182291666666667 0.49125 0.008333333333333333 0.010833333333333334
6 0.33697916666666666 0.44083333333333335 0.007291666666666667 0.02666666666666667
0 0.3125 0.5225 0.016666666666666666 0.056666666666666664
2 0.5026041666666666 0.5004166666666666 0.019791666666666666 0.010833333333333334
6 0.6190104166666667 0.35625 0.008854166666666666 0.030833333333333334
6 0.19791666666666666 0.4375 0.009375 0.02666666666666667
6 0.2598958333333333 0.4116666666666667 0.008333333333333333 0.04
6 0.59765625 0.4475 0.0067708333333333336 0.025
6 0.6630208333333333 0.4175 0.010416666666666666 0.04
2 0.425 0.5166666666666667 0.020833333333333332 0.03166666666666667
5 0.44817708333333334 0.5095833333333334 0.019270833333333334 0.0325
2 0.4778645833333333 0.5091666666666667 0.008854166666666666 0.015
2 0.48671875 0.5095833333333334 0.013020833333333334 0.0175
2 0.43437500000000007 0.5147222222222222 0.014409722222222261 0.026111111111111047
2 0.44058779761904765 0.5138690476190476 0.011383928571428588 0.023928571428571483
