2 0.7302083333333333 0.535 0.17291666666666666 0.09833333333333333
2 0.49505208333333334 0.52375 0.05572916666666667 0.0725
2 0.4432291666666667 0.5083333333333333 0.03958333333333333 0.04666666666666667
2 0.01953125 0.5225 0.0390625 0.075
2 0.0484375 0.5 0.05625 0.056666666666666664
2 0.10572916666666667 0.5041666666666667 0.06458333333333334 0.04833333333333333
2 0.16015625 0.5045833333333334 0.05572916666666667 0.049166666666666664
2 0.20572916666666666 0.5066666666666667 0.06875 0.04833333333333333
2 0.26953125 0.49875 0.06302083333333333 0.06416666666666666
2 0.5658854166666667 0.5041666666666667 0.04635416666666667 0.065
2 0.5453125 0.49333333333333335 0.008333333333333333 0.02666666666666667
2 0.5361979166666667 0.4895833333333333 0.025520833333333333 0.0325
2 0.3997395833333333 0.5041666666666667 0.04114583333333333 0.05333333333333334
5 0.41354166666666664 0.49625 0.025 0.0475
0 0.6158854166666666 0.5033333333333333 0.013020833333333334 0.056666666666666664
2 0.5059895833333333 0.48125 0.013020833333333334 0.0175
2 0.43776041666666665 0.4816666666666667 0.0203125 0.015
0 0.3734375 0.5054166666666666 0.011458333333333333 0.04416666666666667
0 0.34401041666666665 0.4975 0.0109375 0.051666666666666666
2 0.6177083333333333 0.48125 0.016666666666666666 0.024166666666666666
2 0.4510416666666667 0.4795833333333333 0.009375 0.009166666666666667
2 0.459375 0.4825 0.010416666666666666 0.021666666666666667
2 0.5239583333333333 0.48375 0.00625 0.020833333333333332
2 0.5078125 0.48 0.028125 0.016666666666666666
2 0.51953125 0.47208333333333335 0.0078125 0.0075
2 0.4705729166666667 0.4795833333333333 0.009895833333333333 0.014166666666666666
7 0.73046875 0.4429166666666667 0.005729166666666666 0.030833333333333334
5 0.48802083333333335 0.47625 0.014583333333333334 0.014166666666666666
2 0.49583333333333335 0.47875 0.008333333333333333 0.014166666666666666
