2 0.1025 0.59475 0.205 0.23283333333333342
2 0.7765625 0.6270833333333333 0.265625 0.2808333333333333
2 0.5528645833333333 0.54125 0.1078125 0.08083333333333333
6 0.49713541666666666 0.36375 0.005729166666666666 0.0275
6 0.42682291666666666 0.36333333333333334 0.0067708333333333336 0.03
2 0.5590104166666667 0.5090833333333334 0.022604166666666595 0.020833333333333332
2 0.40255208333333337 0.5225833333333333 0.03343749999999997 0.04516666666666661
2 0.4622916666666666 0.516 0.02979166666666663 0.037000000000000074
0 0.9033854166666667 0.56 0.0421875 0.15833333333333333
0 0.73359375 0.49083333333333334 0.008854166666666666 0.013333333333333334
6 0.32734375 0.43666666666666665 0.0067708333333333336 0.03
0 0.29661458333333335 0.5241666666666667 0.0171875 0.06333333333333334
2 0.5065104166666666 0.51125 0.025520833333333333 0.0325
6 0.14921875 0.41625 0.015104166666666667 0.035833333333333335
6 0.6307291666666667 0.3441666666666667 0.011458333333333333 0.035
6 0.17786458333333333 0.4320833333333333 0.009895833333333333 0.0325
6 0.23567708333333334 0.4033333333333333 0.009895833333333333 0.043333333333333335
6 0.60546875 0.4429166666666667 0.0067708333333333336 0.0275
6 0.6809895833333334 0.40375 0.0109375 0.034166666666666665
2 0.4231770833333333 0.5166666666666667 0.022395833333333334 0.03333333333333333
5 0.4484375 0.50875 0.019791666666666666 0.0325
2 0.47890625 0.5083333333333333 0.008854166666666666 0.015
2 0.48802083333333335 0.5091666666666667 0.014583333333333334 0.018333333333333333
2 0.4327008928571428 0.5152380952380952 0.015104166666666667 0.027142857142857035
2 0.43980654761904764 0.5139880952380954 0.013095238095238078 0.02559523809523815
2 0.5440104166666667 0.49666666666666665 0.025520833333333333 0.011666666666666667
2 0.5184895833333333 0.5075 0.0046875 0.01
