2 0.8848958333333333 0.7891666666666667 0.23020833333333332 0.4216666666666667
2 0.6927083333333334 0.53125 0.14166666666666666 0.08416666666666667
2 0.4953125 0.5291666666666667 0.05625 0.07
2 0.44296875 0.5154166666666666 0.04114583333333333 0.049166666666666664
2 0.08463541666666667 0.5229166666666667 0.03177083333333333 0.06416666666666666
2 0.09505208333333333 0.5033333333333333 0.05364583333333333 0.04833333333333333
2 0.14869791666666668 0.5083333333333333 0.0546875 0.043333333333333335
2 0.19635416666666666 0.5083333333333333 0.04583333333333333 0.045
2 0.23828125 0.5095833333333334 0.0578125 0.0425
2 0.29453125 0.5016666666666667 0.0546875 0.058333333333333334
2 0.5604166666666667 0.50625 0.041666666666666664 0.059166666666666666
2 0.5416666666666666 0.4970833333333333 0.007291666666666667 0.0225
2 0.534375 0.4925 0.022916666666666665 0.03
2 0.40911458333333334 0.5070833333333333 0.0359375 0.0475
5 0.4205729166666667 0.49041666666666667 0.0234375 0.0225
0 0.60546875 0.5058333333333334 0.008854166666666666 0.051666666666666666
2 0.5065104166666666 0.4866666666666667 0.013020833333333334 0.016666666666666666
2 0.4427083333333333 0.4866666666666667 0.017708333333333333 0.013333333333333334
0 0.38645833333333335 0.5075 0.009375 0.041666666666666664
0 0.35963541666666665 0.5020833333333333 0.0109375 0.04416666666666667
2 0.61640625 0.485 0.0171875 0.021666666666666667
2 0.4546875 0.48541666666666666 0.009375 0.0125
2 0.46197916666666666 0.4875 0.009375 0.021666666666666667
2 0.5236979166666667 0.48833333333333334 0.0067708333333333336 0.02
2 0.5208333333333334 0.4825 0.005208333333333333 0.013333333333333334
2 0.48776041666666664 0.4845833333333333 0.025520833333333333 0.015833333333333335
2 0.5200520833333333 0.48041666666666666 0.008854166666666666 0.015833333333333335
2 0.4713541666666667 0.4845833333333333 0.010416666666666666 0.014166666666666666
2 0.9721354166666667 0.52375 0.0546875 0.0525
7 0.6973958333333333 0.4529166666666667 0.003125 0.020833333333333332
2 0.9768229166666667 0.5420833333333334 0.04635416666666667 0.049166666666666664
