2 0.4908854166666667 0.5479166666666667 0.08072916666666667 0.1025
2 0.45989583333333334 0.5154166666666666 0.028125 0.04416666666666667
2 0.89375 0.7066666666666667 0.2125 0.5316666666666666
2 0.60234375 0.5275 0.10364583333333334 0.08666666666666667
2 0.022135416666666668 0.6866666666666666 0.044270833333333336 0.18333333333333332
5 0.13046875 0.5916666666666667 0.2609375 0.21666666666666667
2 0.52265625 0.5033333333333333 0.018229166666666668 0.028333333333333332
2 0.3770833333333333 0.525 0.065625 0.07333333333333333
2 0.7643229166666666 0.5 0.0578125 0.051666666666666666
2 0.41640625 0.5141666666666667 0.0390625 0.04666666666666667
2 0.43828125 0.5025 0.0203125 0.03166666666666667
2 0.5497395833333333 0.51 0.0036458333333333334 0.03166666666666667
2 0.54296875 0.4975 0.0140625 0.02
2 0.5395833333333333 0.49375 0.015625 0.020833333333333332
2 0.471875 0.49416666666666664 0.013541666666666667 0.008333333333333333
5 0.48723958333333334 0.49125 0.018229166666666668 0.0125
2 0.51484375 0.495 0.04114583333333333 0.02
2 0.8682291666666667 0.47833333333333333 0.07708333333333334 0.04666666666666667
2 0.9046875 0.49083333333333334 0.08020833333333334 0.06
0 0.5640625 0.52125 0.027083333333333334 0.08916666666666667
2 0.971875 0.47625 0.05625 0.05416666666666667
5 0.9927083333333333 0.45666666666666667 0.014583333333333334 0.015
0 0.79765625 0.52625 0.027604166666666666 0.1175
0 0.8690104166666667 0.47625 0.008854166666666666 0.0225
2 0.5046875 0.495 0.008333333333333333 0.006666666666666667
2 0.5494791666666666 0.50375 0.008333333333333333 0.035833333333333335
6 0.57578125 0.4579166666666667 0.004166666666666667 0.015
