2 0.4705729166666667 0.535 0.05572916666666667 0.07
2 0.07005208333333333 0.6095833333333334 0.14010416666666667 0.1925
2 0.28020833333333334 0.5441666666666667 0.09375 0.115
2 0.6765625 0.59875 0.16354166666666667 0.17083333333333334
2 0.9234375 0.8454166666666667 0.153125 0.30916666666666665
2 0.4453125 0.515 0.019791666666666666 0.03166666666666667
2 0.5989583333333334 0.54375 0.07916666666666666 0.10916666666666666
2 0.4921875 0.51125 0.019791666666666666 0.029166666666666667
2 0.5302083333333333 0.5133333333333333 0.025 0.03333333333333333
2 0.51328125 0.5116666666666667 0.0067708333333333336 0.02
0 0.6528645833333333 0.49833333333333335 0.016145833333333335 0.03166666666666667
6 0.48359375 0.3954166666666667 0.0046875 0.019166666666666665
6 0.3546875 0.4504166666666667 0.005208333333333333 0.020833333333333332
0 0.8 0.53625 0.03125 0.12916666666666668
6 0.43020833333333336 0.39416666666666667 0.004166666666666667 0.02
2 0.40651041666666665 0.5170833333333333 0.025520833333333333 0.034166666666666665
2 0.5184895833333333 0.5108333333333334 0.008854166666666666 0.02666666666666667
0 0.34713541666666664 0.51625 0.008854166666666666 0.04416666666666667
2 0.42213541666666665 0.51375 0.015104166666666667 0.025833333333333333
0 0.565625 0.5108333333333334 0.009375 0.05
2 0.42864583333333334 0.5120833333333333 0.009375 0.0225
2 0.5059895833333333 0.5070833333333333 0.0078125 0.0175
6 0.24635416666666668 0.44416666666666665 0.005208333333333333 0.013333333333333334
0 0.7309895833333333 0.5120833333333333 0.013020833333333334 0.07416666666666667
6 0.6067708333333334 0.43694444444444447 0.008333333333333333 0.027222222222222286
6 0.5643229166666667 0.4558333333333333 0.0067708333333333336 0.021666666666666667
6 0.5791666666666667 0.38708333333333333 0.008333333333333333 0.025833333333333333
6 0.31050347222222224 0.43625 0.0046875 0.026388888888888858
