2 0.8111979166666666 0.6766666666666666 0.3234375 0.29833333333333334
2 0.2377025462962963 0.5592592592592592 0.12748842592592596 0.13666666666666666
2 0.6421875 0.5608333333333333 0.115625 0.14333333333333334
2 0.4861979166666667 0.5375 0.06614583333333333 0.075
0 0.89296875 0.5258333333333334 0.044270833333333336 0.09333333333333334
6 0.49270833333333336 0.38625 0.005208333333333333 0.024166666666666666
6 0.43359375 0.38333333333333336 0.005729166666666666 0.023333333333333334
2 0.5433159722222222 0.5162962962962961 0.027488425925925892 0.03648148148148143
2 0.4089988425925926 0.5192129629629628 0.029456018518518513 0.03898148148148143
2 0.45546875 0.5154166666666666 0.0234375 0.034166666666666665
0 0.78515625 0.50375 0.0171875 0.04583333333333333
0 0.6825520833333333 0.4970833333333333 0.018229166666666668 0.025833333333333333
6 0.35078125 0.44666666666666666 0.005729166666666666 0.02666666666666667
0 0.33541666666666664 0.5195833333333333 0.0125 0.0475
2 0.5013020833333334 0.50875 0.022395833333333334 0.024166666666666666
6 0.221875 0.435 0.008333333333333333 0.02666666666666667
6 0.6005208333333333 0.37375 0.008333333333333333 0.0275
6 0.22786458333333334 0.44458333333333333 0.0078125 0.0225
6 0.29375 0.425 0.005208333333333333 0.03166666666666667
6 0.5830729166666667 0.45166666666666666 0.005729166666666666 0.021666666666666667
6 0.63359375 0.42875 0.009895833333333333 0.034166666666666665
2 0.42682291666666666 0.5145833333333333 0.018229166666666668 0.029166666666666667
5 0.44635416666666666 0.5079166666666667 0.017708333333333333 0.0325
2 0.4336805555555555 0.5129166666666667 0.012326388888888928 0.025
2 0.4396205357142857 0.5125595238095239 0.009598214285714234 0.0225
2 0.5182291666666666 0.5075 0.008333333333333333 0.02
2 0.5336805555555555 0.5079166666666667 0.023090277777777737 0.03277777777777781
