2 0.4973958333333333 0.5358333333333334 0.05625 0.07166666666666667
2 0.022395833333333334 0.7033333333333334 0.04479166666666667 0.18333333333333332
2 0.24583333333333332 0.5645833333333333 0.14895833333333333 0.1425
2 0.36223958333333334 0.5270833333333333 0.058854166666666666 0.08083333333333333
2 0.6200520833333333 0.55 0.0828125 0.09
2 0.7361979166666667 0.5975 0.19010416666666666 0.20333333333333334
2 0.8872395833333333 0.7841666666666667 0.22552083333333334 0.43166666666666664
2 0.46458333333333335 0.5133333333333333 0.025 0.03333333333333333
2 0.5877604166666667 0.5266666666666666 0.0515625 0.075
2 0.51171875 0.5054166666666666 0.018229166666666668 0.0225
2 0.5434895833333333 0.5095833333333334 0.021354166666666667 0.0275
2 0.52890625 0.5075 0.005729166666666666 0.018333333333333333
0 0.6471354166666666 0.5008333333333334 0.013020833333333334 0.03333333333333333
6 0.50390625 0.40958333333333335 0.0036458333333333334 0.015833333333333335
6 0.3958333333333333 0.45666666666666667 0.004166666666666667 0.016666666666666666
0 0.7286458333333333 0.49416666666666664 0.020833333333333332 0.023333333333333334
6 0.4591145833333333 0.40958333333333335 0.0036458333333333334 0.0175
2 0.43697916666666664 0.5120833333333333 0.020833333333333332 0.029166666666666667
2 0.53359375 0.5075 0.0078125 0.023333333333333334
0 0.39739583333333334 0.5191666666666667 0.00625 0.018333333333333333
2 0.4479166666666667 0.5104166666666666 0.009375 0.0225
0 0.5708333333333333 0.4945833333333333 0.00625 0.015833333333333335
6 0.603125 0.4475 0.00625 0.023333333333333334
6 0.57265625 0.46125 0.0046875 0.0175
6 0.5828993055555556 0.4048611111111111 0.00642361111111119 0.021944444444444475
