2 0.47239583333333335 0.5375 0.05625 0.07
2 0.05625 0.6195833333333334 0.1125 0.1975
2 0.27369791666666665 0.5479166666666667 0.0984375 0.11916666666666667
2 0.69453125 0.6125 0.1828125 0.18666666666666668
2 0.9674479166666666 0.8725 0.06510416666666667 0.255
2 0.4479166666666667 0.5179166666666667 0.020833333333333332 0.030833333333333334
2 0.60625 0.5495833333333333 0.084375 0.11416666666666667
2 0.4940104166666667 0.51375 0.0203125 0.029166666666666667
2 0.5328125 0.5166666666666667 0.026041666666666668 0.03333333333333333
2 0.51640625 0.5141666666666667 0.0067708333333333336 0.021666666666666667
0 0.65859375 0.5029166666666667 0.016145833333333335 0.030833333333333334
6 0.4859375 0.39625 0.005208333333333333 0.019166666666666665
6 0.3546875 0.4525 0.005208333333333333 0.02
0 0.8158854166666667 0.5458333333333333 0.0328125 0.12666666666666668
6 0.4315104166666667 0.39416666666666667 0.0046875 0.02
2 0.4075520833333333 0.5191666666666667 0.0265625 0.035
2 0.5216145833333333 0.51375 0.009895833333333333 0.0275
0 0.3453125 0.5195833333333333 0.009375 0.04416666666666667
2 0.42291666666666666 0.5166666666666667 0.015625 0.02666666666666667
0 0.5700520833333333 0.5129166666666667 0.008854166666666666 0.050833333333333335
2 0.43046875 0.515 0.009895833333333333 0.023333333333333334
2 0.50859375 0.51 0.0078125 0.018333333333333333
6 0.24192708333333332 0.4429166666666667 0.005729166666666666 0.0175
0 0.7447916666666666 0.5095833333333334 0.009375 0.060833333333333336
2 0.4348958333333333 0.51375 0.005208333333333333 0.019166666666666665
6 0.6119791666666666 0.43736111111111114 0.008333333333333333 0.028611111111111094
6 0.5682291666666667 0.4579166666666667 0.0076388888888889285 0.023055555555555524
6 0.5837239583333333 0.38635416666666667 0.008333333333333333 0.024791666666666667
6 0.30798611111111107 0.43597222222222226 0.004861111111111131 0.02750000000000005
