2 0.46901041666666665 0.53375 0.05572916666666667 0.06916666666666667
2 0.08177083333333333 0.6275 0.16354166666666667 0.2633333333333333
2 0.28567708333333336 0.5404166666666667 0.0890625 0.11083333333333334
2 0.66171875 0.59 0.14947916666666666 0.15833333333333333
2 0.8927083333333333 0.7766666666666666 0.21458333333333332 0.44666666666666666
2 0.4432291666666667 0.51375 0.019791666666666666 0.030833333333333334
2 0.5924479166666666 0.5404166666666667 0.07447916666666667 0.10416666666666667
2 0.4901041666666667 0.5095833333333334 0.019791666666666666 0.029166666666666667
2 0.5276041666666667 0.5120833333333333 0.025 0.0325
2 0.5111979166666667 0.51 0.0067708333333333336 0.02
0 0.6471354166666666 0.49833333333333335 0.016145833333333335 0.03
6 0.4817708333333333 0.3954166666666667 0.004166666666666667 0.019166666666666665
6 0.35494791666666664 0.4504166666666667 0.005729166666666666 0.020833333333333332
0 0.78515625 0.535 0.0296875 0.11833333333333333
6 0.4296875 0.395 0.004166666666666667 0.018333333333333333
2 0.40572916666666664 0.515 0.025 0.03333333333333333
2 0.51640625 0.5091666666666667 0.008854166666666666 0.02666666666666667
0 0.34869791666666666 0.5154166666666666 0.009895833333333333 0.0425
2 0.4205729166666667 0.5125 0.015104166666666667 0.025
0 0.5619791666666667 0.50625 0.010416666666666666 0.04583333333333333
2 0.4278645833333333 0.5108333333333334 0.009895833333333333 0.021666666666666667
2 0.5036458333333333 0.5054166666666666 0.008333333333333333 0.0175
6 0.24973958333333332 0.4454166666666667 0.0046875 0.015833333333333335
6 0.6015625 0.4370833333333333 0.007291666666666667 0.0275
6 0.5611111111111112 0.45513888888888887 0.00625 0.020277777777777714
6 0.5755208333333334 0.3877083333333333 0.00859375 0.02625
6 0.31276041666666665 0.435 0.0046875 0.02666666666666667
