2 0.5434895833333333 0.5341666666666667 0.06197916666666667 0.08
2 0.8958333333333334 0.735 0.11354166666666667 0.30333333333333334
0 0.9536458333333333 0.7066666666666667 0.09270833333333334 0.5866666666666667
2 0.15520833333333334 0.6016666666666667 0.27708333333333335 0.22166666666666668
2 0.36276041666666664 0.5395833333333333 0.09427083333333333 0.1025
2 0.4322916666666667 0.5166666666666667 0.04791666666666667 0.06666666666666667
2 0.6359375 0.5295833333333333 0.053125 0.07083333333333333
2 0.69296875 0.5516666666666666 0.09739583333333333 0.12666666666666668
2 0.8057291666666667 0.61625 0.23645833333333333 0.20916666666666667
2 0.5091145833333334 0.5095833333333334 0.025520833333333333 0.034166666666666665
2 0.6208333333333333 0.5145833333333333 0.041666666666666664 0.060833333333333336
2 0.5591145833333333 0.5016666666666667 0.019270833333333334 0.025
2 0.5880208333333333 0.5025 0.019791666666666666 0.025
2 0.5736979166666667 0.5004166666666666 0.005729166666666666 0.0125
0 0.6822916666666666 0.48625 0.009375 0.014166666666666666
6 0.5513020833333333 0.41208333333333336 0.0036458333333333334 0.014166666666666666
6 0.4544270833333333 0.45625 0.0036458333333333334 0.014166666666666666
0 0.73671875 0.49083333333333334 0.0046875 0.02
6 0.5114583333333333 0.4116666666666667 0.004166666666666667 0.015
2 0.4903645833333333 0.50625 0.018229166666666668 0.025833333333333333
2 0.5786458333333333 0.5016666666666667 0.00625 0.021666666666666667
6 0.6392361111111111 0.4459722222222222 0.005208333333333333 0.019166666666666665
6 0.6140625 0.45708333333333334 0.004166666666666667 0.015833333333333335
6 0.6229166666666667 0.4075 0.005208333333333333 0.016666666666666666
