2 0.7911458333333333 0.5579166666666666 0.221875 0.1325
2 0.49505208333333334 0.5258333333333334 0.05677083333333333 0.07166666666666667
2 0.44453125 0.5091666666666667 0.03802083333333333 0.045
2 0.008333333333333333 0.5045833333333334 0.016666666666666666 0.04416666666666667
2 0.04895833333333333 0.5104166666666666 0.07604166666666666 0.05583333333333333
2 0.11119791666666666 0.5104166666666666 0.0640625 0.05416666666666667
2 0.16302083333333334 0.51375 0.08020833333333334 0.05583333333333333
2 0.23802083333333332 0.5033333333333333 0.07604166666666666 0.07166666666666667
2 0.5744791666666667 0.51125 0.05416666666666667 0.07416666666666667
2 0.55078125 0.5058333333333334 0.0109375 0.04833333333333333
2 0.5385416666666667 0.49416666666666664 0.028125 0.035
2 0.38697916666666665 0.5104166666666666 0.04895833333333333 0.059166666666666666
5 0.4075520833333333 0.5016666666666667 0.033854166666666664 0.051666666666666666
0 0.6278645833333333 0.50875 0.0140625 0.06416666666666666
2 0.5065104166666666 0.48583333333333334 0.013020833333333334 0.016666666666666666
2 0.43333333333333335 0.4945833333333333 0.021875 0.034166666666666665
0 0.35703125 0.5108333333333334 0.013020833333333334 0.04833333333333333
0 0.32473958333333336 0.5033333333333333 0.0109375 0.056666666666666664
2 0.6270833333333333 0.48541666666666666 0.026041666666666668 0.025833333333333333
2 0.4484375 0.4825 0.009375 0.008333333333333333
2 0.45703125 0.48583333333333334 0.0109375 0.02
2 0.5252604166666667 0.48875 0.0067708333333333336 0.0225
2 0.5205729166666667 0.48 0.0067708333333333336 0.008333333333333333
2 0.5216145833333333 0.485 0.008854166666666666 0.015
2 0.5208333333333334 0.48041666666666666 0.009375 0.015833333333333335
2 0.4700520833333333 0.48375 0.0109375 0.015833333333333335
7 0.7838541666666666 0.43625 0.007291666666666667 0.034166666666666665
5 0.4859375 0.48041666666666666 0.017708333333333333 0.014166666666666666
2 0.4981770833333333 0.48291666666666666 0.008854166666666666 0.014166666666666666
0 0.3455729166666667 0.49083333333333334 0.008854166666666666 0.015
2 0.5153645833333333 0.48125 0.0078125 0.014166666666666666
