2 0.6044270833333333 0.5229166666666667 0.016145833333333335 0.0175
2 0.5604166666666667 0.5245833333333333 0.021875 0.035833333333333335
2 0.525 0.5258333333333334 0.019791666666666666 0.025
5 0.503125 0.5116666666666667 0.017708333333333333 0.03333333333333333
5 0.49375 0.5241666666666667 0.015625 0.035
5 0.47421875 0.5266666666666666 0.034895833333333334 0.05333333333333334
2 0.46484375 0.5354166666666667 0.0390625 0.049166666666666664
6 0.6192708333333333 0.35 0.011458333333333333 0.04833333333333333
6 0.5346354166666667 0.35083333333333333 0.009895833333333333 0.045
5 0.41796875 0.5175 0.028645833333333332 0.03666666666666667
6 0.40390625 0.43291666666666667 0.0067708333333333336 0.030833333333333334
5 0.8286458333333333 0.4816666666666667 0.34270833333333334 0.56
2 0.3924479166666667 0.5179166666666667 0.016145833333333335 0.029166666666666667
5 0.3958333333333333 0.50875 0.021875 0.0325
2 0.5395833333333333 0.5208333333333334 0.014583333333333334 0.016666666666666666
2 0.5026041666666666 0.5229166666666667 0.007291666666666667 0.020833333333333332
6 0.35130208333333335 0.26916666666666667 0.0203125 0.05333333333333334
6 0.13567708333333334 0.24166666666666667 0.0515625 0.115
2 0.5044270833333333 0.5204166666666666 0.0140625 0.019166666666666665
2 0.5888020833333333 0.5241666666666667 0.019270833333333334 0.015
