2 0.39010416666666664 0.55375 0.08020833333333334 0.1075
2 0.5153645833333333 0.5220833333333333 0.027604166666666666 0.035833333333333335
2 0.6013020833333333 0.5408333333333334 0.0640625 0.1
5 0.9971354166666667 0.6683333333333333 0.005729166666666666 0.07666666666666666
2 0.7875 0.5891666666666666 0.13229166666666667 0.11666666666666667
2 0.709375 0.565 0.08020833333333334 0.07833333333333334
2 0.6739583333333333 0.5470833333333334 0.0625 0.07583333333333334
2 0.47734375 0.515 0.0203125 0.02666666666666667
5 0.48151041666666666 0.51125 0.019270833333333334 0.030833333333333334
6 0.51296875 0.42608333333333337 0.005729166666666666 0.022833333333333313
6 0.55234375 0.42875 0.0046875 0.020833333333333332
2 0.540625 0.51125 0.008333333333333333 0.010833333333333334
5 0.4973958333333333 0.49541666666666667 0.013541666666666667 0.0125
2 0.44036458333333334 0.5066666666666667 0.018229166666666668 0.025
2 0.5596354166666667 0.5220833333333333 0.03177083333333333 0.0475
6 0.421875 0.44583333333333336 0.00625 0.025
2 0.4158854166666667 0.44708333333333333 0.005729166666666666 0.025833333333333333
2 0.49270833333333336 0.5104166666666666 0.008333333333333333 0.024166666666666666
2 0.9091145833333333 0.6291666666666667 0.18177083333333333 0.17166666666666666
0 0.3380208333333333 0.5508333333333333 0.036458333333333336 0.10166666666666667
5 0.6880208333333333 0.5070833333333333 0.04791666666666667 0.0375
6 0.44921875 0.46416666666666667 0.0046875 0.016666666666666666
2 0.5013020833333334 0.50875 0.008854166666666666 0.015833333333333335
2 0.49713541666666666 0.5091666666666667 0.005729166666666666 0.018333333333333333
6 0.41796875 0.44625 0.0078125 0.0275
6 0.6567708333333333 0.3975 0.00625 0.02
2 0.6666666666666666 0.45166666666666666 0.00625 0.018333333333333333
6 0.4432291666666667 0.41458333333333336 0.008333333333333333 0.020833333333333332
6 0.6549479166666666 0.4716666666666667 0.005729166666666666 0.02
