2 0.18932291666666667 0.6354166666666666 0.3182291666666667 0.29583333333333334
2 0.3609375 0.5958333333333333 0.1 0.12666666666666668
2 0.4166666666666667 0.5595833333333333 0.058333333333333334 0.0725
2 0.44114583333333335 0.5516666666666666 0.03229166666666667 0.058333333333333334
2 0.45026041666666666 0.5416666666666666 0.03802083333333333 0.058333333333333334
2 0.46484375 0.5366666666666666 0.016145833333333335 0.051666666666666666
2 0.47109375 0.53875 0.016145833333333335 0.035833333333333335
2 0.4825520833333333 0.52875 0.0171875 0.025833333333333333
2 0.9484375 0.6791666666666667 0.103125 0.17666666666666667
2 0.8356770833333333 0.6216666666666667 0.17447916666666666 0.145
2 0.73125 0.5879166666666666 0.09479166666666666 0.0875
2 0.6770833333333334 0.5691666666666667 0.06041666666666667 0.065
2 0.64609375 0.5529166666666666 0.0484375 0.06416666666666666
5 0.08880208333333334 0.4191666666666667 0.17760416666666667 0.13166666666666665
2 0.3697916666666667 0.5245833333333333 0.04895833333333333 0.0275
2 0.39114583333333336 0.5175 0.03333333333333333 0.021666666666666667
2 0.3541666666666667 0.5066666666666667 0.016666666666666666 0.01
2 0.51484375 0.5291666666666667 0.016145833333333335 0.02
2 0.61640625 0.5458333333333333 0.0328125 0.04833333333333333
2 0.6044270833333333 0.5408333333333334 0.033854166666666664 0.045
2 0.5403645833333334 0.5304166666666666 0.018229166666666668 0.0275
5 0.5830729166666667 0.5329166666666667 0.027604166666666666 0.0375
2 0.5674479166666667 0.535 0.009895833333333333 0.023333333333333334
2 0.5640625 0.53375 0.007291666666666667 0.020833333333333332
2 0.5653645833333333 0.53125 0.016145833333333335 0.0225
2 0.49453125 0.5229166666666667 0.009895833333333333 0.014166666666666666
5 0.49453125 0.52125 0.013020833333333334 0.015833333333333335
6 0.51390625 0.47875 0.0034375000000000117 0.0125
6 0.5333333333333333 0.48125 0.004166666666666667 0.0125
2 0.5311979166666667 0.5216666666666666 0.006354166666666631 0.01
5 0.5026041666666666 0.5116666666666667 0.010416666666666666 0.008333333333333333
