2 0.5989583333333334 0.5279166666666667 0.0125 0.015833333333333335
2 0.5666666666666667 0.5325 0.028125 0.043333333333333335
2 0.5263020833333333 0.5345833333333333 0.0234375 0.029166666666666667
5 0.50859375 0.5179166666666667 0.015104166666666667 0.0275
5 0.50078125 0.52875 0.011979166666666667 0.029166666666666667
5 0.484375 0.5304166666666666 0.027083333333333334 0.04083333333333333
2 0.47890625 0.5366666666666666 0.0296875 0.03666666666666667
6 0.5861979166666667 0.40708333333333335 0.0067708333333333336 0.0325
6 0.5283854166666667 0.4066666666666667 0.0067708333333333336 0.03166666666666667
2 0.68515625 0.5670833333333334 0.0921875 0.11416666666666667
5 0.8208333333333333 0.5425 0.13125 0.09333333333333334
2 0.9390625 0.6425 0.121875 0.20333333333333334
2 0.029947916666666668 0.8733333333333333 0.059895833333333336 0.25333333333333335
5 0.4361979166666667 0.5229166666666667 0.0234375 0.030833333333333334
6 0.4359375 0.46375 0.005208333333333333 0.0225
2 0.41796875 0.5275 0.0026041666666666665 0.016666666666666666
5 0.4200520833333333 0.5166666666666667 0.0078125 0.028333333333333332
2 0.54296875 0.5270833333333333 0.0140625 0.014166666666666666
2 0.5083333333333333 0.52875 0.00625 0.0175
6 0.41432291666666665 0.375 0.011979166666666667 0.03166666666666667
6 0.7763020833333333 0.34 0.011979166666666667 0.035
6 0.7473958333333334 0.47291666666666665 0.009375 0.025833333333333333
6 0.3494791666666667 0.41083333333333333 0.016666666666666666 0.045
6 0.82890625 0.42291666666666666 0.015104166666666667 0.034166666666666665
5 0.90078125 0.55125 0.043229166666666666 0.06416666666666666
2 0.509375 0.52625 0.0125 0.0175
2 0.5869791666666667 0.5304166666666666 0.010416666666666666 0.009166666666666667
