2 0.3572916666666667 0.56625 0.109375 0.13916666666666666
2 0.5158854166666667 0.5208333333333334 0.027604166666666666 0.035
2 0.6119791666666666 0.54625 0.071875 0.1075
2 0.89375 0.6258333333333334 0.2125 0.16833333333333333
2 0.7619791666666667 0.5808333333333333 0.11145833333333334 0.09833333333333333
2 0.7052083333333333 0.5558333333333333 0.078125 0.09
2 0.47630208333333335 0.515 0.022395833333333334 0.028333333333333332
5 0.48098958333333336 0.51125 0.0203125 0.0325
6 0.5143229166666666 0.4194166666666666 0.005729166666666666 0.024166666666666618
6 0.5565104166666667 0.42125 0.0046875 0.0225
2 0.5419270833333333 0.5121666666666667 0.008854166666666666 0.011000000000000038
5 0.49765625 0.4945833333333333 0.0140625 0.0125
2 0.43723958333333335 0.5058333333333334 0.0203125 0.02666666666666667
2 0.5619791666666667 0.5204166666666666 0.03229166666666667 0.050833333333333335
6 0.41140625 0.43633333333333335 0.0078125 0.03
2 0.405625 0.4395 0.005833333333333357 0.028333333333333332
2 0.49244791666666665 0.5104166666666666 0.008854166666666666 0.025833333333333333
2 0.9861979166666667 0.7008333333333333 0.027604166666666666 0.13
0 0.2877604166666667 0.5629166666666666 0.04739583333333333 0.1325
5 0.7109375 0.5075 0.06145833333333333 0.043333333333333335
6 0.44578124999999996 0.46166666666666667 0.0046875 0.02
2 0.5015625 0.5079166666666667 0.011458333333333333 0.015833333333333335
2 0.4984375 0.5095833333333334 0.005208333333333333 0.0175
6 0.40703125 0.438125 0.01015625 0.034166666666666665
6 0.67421875 0.38616666666666666 0.0078125 0.02400000000000001
2 0.6878124999999999 0.44775 0.007291666666666667 0.024166666666666666
6 0.4375 0.403 0.008333333333333333 0.023333333333333334
6 0.6697395833333334 0.47041666666666665 0.0067708333333333336 0.020833333333333332
2 0.5786458333333333 0.5075 0.008333333333333333 0.01
