2 0.14609375 0.7033333333333334 0.2921875 0.31666666666666665
2 0.309375 0.59 0.15625 0.18
2 0.390625 0.56 0.05625 0.12
2 0.4127604166666667 0.5583333333333333 0.0578125 0.07166666666666667
2 0.46145833333333336 0.5304166666666666 0.026041666666666668 0.03916666666666667
2 0.9278645833333333 0.6491666666666667 0.14427083333333332 0.2633333333333333
2 0.215625 0.5304166666666666 0.071875 0.0475
2 0.24635416666666668 0.5045833333333334 0.040625 0.020833333333333332
2 0.5088541666666667 0.5283333333333333 0.020833333333333332 0.02666666666666667
2 0.7635416666666667 0.5804166666666667 0.12708333333333333 0.1275
2 0.6940104166666666 0.56125 0.0796875 0.09583333333333334
2 0.5466145833333333 0.53125 0.027604166666666666 0.03916666666666667
5 0.6216145833333333 0.5379166666666667 0.05364583333333333 0.06583333333333333
2 0.590625 0.5375 0.022916666666666665 0.035
2 0.5794270833333334 0.5354166666666667 0.013020833333333334 0.030833333333333334
2 0.5791666666666667 0.5304166666666666 0.025 0.034166666666666665
2 0.4830729166666667 0.5204166666666666 0.013020833333333334 0.0175
5 0.48359375 0.5179166666666667 0.016145833333333335 0.020833333333333332
6 0.5065624999999999 0.4645000000000001 0.004166666666666667 0.015
6 0.53125 0.46625 0.004166666666666667 0.014166666666666666
2 0.52890625 0.5168055555555555 0.0078125 0.010833333333333334
5 0.4940104166666667 0.5079166666666667 0.0109375 0.0125
2 0.5359375 0.5266666666666666 0.013541666666666667 0.03333333333333333
2 0.11458333333333333 0.53125 0.1125 0.04416666666666667
6 0.45723958333333337 0.4821666666666667 0.0036458333333333334 0.012333333333333295
5 0.07682291666666667 0.46541666666666665 0.15364583333333334 0.11916666666666667
2 0.045572916666666664 0.5295833333333333 0.09114583333333333 0.07916666666666666
2 0.4539583333333333 0.48225 0.003125 0.0125
2 0.4921875 0.5175 0.005208333333333333 0.016666666666666666
2 0.5963541666666666 0.5404166666666667 0.010416666666666666 0.034166666666666665
0 0.4278645833333333 0.5204166666666666 0.0078125 0.020833333333333332
5 0.6028645833333334 0.51375 0.005729166666666666 0.0125
