2 0.13046875 0.7329166666666667 0.2609375 0.5341666666666667
2 0.290625 0.62125 0.18229166666666666 0.1725
2 0.396875 0.56375 0.07708333333333334 0.08583333333333333
2 0.42864583333333334 0.5529166666666666 0.042708333333333334 0.0675
2 0.4421875 0.5404166666666667 0.042708333333333334 0.06583333333333333
2 0.45859375 0.5345833333333333 0.018229166666666668 0.05583333333333333
2 0.46536458333333336 0.5370833333333334 0.019270833333333334 0.03916666666666667
2 0.47942708333333334 0.5258333333333334 0.018229166666666668 0.02666666666666667
2 0.9078125 0.65875 0.184375 0.1825
2 0.78515625 0.6016666666666667 0.1359375 0.10833333333333334
2 0.7036458333333333 0.5741666666666667 0.078125 0.075
2 0.6614583333333334 0.5541666666666667 0.05520833333333333 0.07166666666666667
5 0.05234375 0.40208333333333335 0.1046875 0.1325
2 0.35078125 0.5220833333333333 0.05364583333333333 0.0325
2 0.384375 0.51125 0.03125 0.020833333333333332
2 0.3375 0.5045833333333334 0.022916666666666665 0.014166666666666666
2 0.5135416666666667 0.5254166666666666 0.016666666666666666 0.020833333333333332
2 0.6263020833333334 0.5458333333333333 0.0390625 0.05333333333333334
2 0.6111979166666667 0.5404166666666667 0.03697916666666667 0.049166666666666664
2 0.5403645833333334 0.5270833333333333 0.019270833333333334 0.0275
5 0.5864583333333333 0.5304166666666666 0.03125 0.03916666666666667
2 0.56953125 0.5325 0.0109375 0.025
2 0.5658854166666667 0.53125 0.008854166666666666 0.0225
2 0.5661458333333333 0.5283333333333333 0.016666666666666666 0.023333333333333334
2 0.49270833333333336 0.5191666666666667 0.010416666666666666 0.015
5 0.4921875 0.5175 0.013541666666666667 0.016666666666666666
6 0.5124479166666667 0.4748333333333334 0.0036458333333333334 0.013333333333333334
6 0.5322916666666667 0.47625 0.00625 0.0125
2 0.5294270833333333 0.5183333333333333 0.0078125 0.01
5 0.5010416666666667 0.5083333333333333 0.010416666666666666 0.011666666666666667
