2 0.621875 0.5291666666666667 0.014583333333333334 0.016666666666666666
2 0.5838541666666667 0.5316666666666666 0.025 0.03833333333333333
2 0.5458333333333333 0.5325 0.020833333333333332 0.02666666666666667
5 0.5263020833333333 0.5183333333333333 0.016145833333333335 0.03166666666666667
5 0.51796875 0.52875 0.013020833333333334 0.0325
5 0.5002604166666667 0.5308333333333334 0.030729166666666665 0.04666666666666667
2 0.4934895833333333 0.5375 0.0328125 0.041666666666666664
6 0.6213541666666667 0.3858333333333333 0.008333333333333333 0.04
6 0.55234375 0.3854166666666667 0.0078125 0.03916666666666667
5 0.4484375 0.5216666666666666 0.027083333333333334 0.03333333333333333
6 0.44427083333333334 0.4525 0.005208333333333333 0.025
5 0.88203125 0.4425 0.2359375 0.8066666666666666
2 0.4276041666666667 0.5225 0.007291666666666667 0.023333333333333334
5 0.42994791666666665 0.51375 0.011979166666666667 0.030833333333333334
2 0.5611979166666666 0.5270833333333333 0.015104166666666667 0.015833333333333335
2 0.52578125 0.5283333333333333 0.0067708333333333336 0.02
6 0.41458333333333336 0.33708333333333335 0.014583333333333334 0.03916666666666667
6 0.3098958333333333 0.36041666666666666 0.019791666666666666 0.06583333333333333
2 0.5270833333333333 0.5258333333333334 0.013541666666666667 0.018333333333333333
2 0.5609375 0.5283333333333333 0.009375 0.013333333333333334
2 0.6083333333333333 0.53 0.016666666666666666 0.015
