2 0.62421875 0.5304166666666666 0.0140625 0.0175
2 0.5877604166666667 0.5341666666666667 0.025520833333333333 0.04
2 0.54921875 0.535 0.021354166666666667 0.02666666666666667
5 0.5299479166666666 0.5195833333333333 0.016145833333333335 0.030833333333333334
5 0.5221354166666666 0.53 0.013020833333333334 0.03166666666666667
5 0.5052083333333334 0.5316666666666666 0.029166666666666667 0.045
2 0.4984375 0.5383333333333333 0.03229166666666667 0.041666666666666664
6 0.6208333333333333 0.39375 0.008333333333333333 0.0375
6 0.5546875 0.3929166666666667 0.007291666666666667 0.035833333333333335
2 0.8088541666666667 0.5916666666666667 0.078125 0.11
5 0.8364583333333333 0.5345833333333333 0.022916666666666665 0.0425
5 0.45390625 0.5229166666666667 0.025520833333333333 0.0325
6 0.4515625 0.45666666666666667 0.005208333333333333 0.02666666666666667
5 0.9018229166666667 0.4841666666666667 0.19635416666666666 0.8966666666666666
2 0.43333333333333335 0.5245833333333333 0.005208333333333333 0.0225
5 0.4361979166666667 0.515 0.0109375 0.03
2 0.5296875 0.5291666666666667 0.00625 0.018333333333333333
6 0.42421875 0.3491666666666667 0.013020833333333334 0.03666666666666667
6 0.86171875 0.30583333333333335 0.015104166666666667 0.043333333333333335
6 0.8096354166666667 0.46458333333333335 0.009895833333333333 0.019166666666666665
6 0.3341145833333333 0.38 0.0203125 0.056666666666666664
2 0.5309895833333333 0.5270833333333333 0.011979166666666667 0.019166666666666665
2 0.565625 0.5304166666666666 0.0125 0.0125
2 0.6109375 0.5320833333333334 0.017708333333333333 0.014166666666666666
