2 0.20833333333333334 0.6479166666666667 0.2677083333333333 0.23083333333333333
2 0.34427083333333336 0.58875 0.103125 0.12916666666666668
2 0.3919270833333333 0.5575 0.07552083333333333 0.10666666666666667
2 0.42890625 0.5445833333333333 0.028645833333333332 0.0825
2 0.4375 0.54625 0.03854166666666667 0.05416666666666667
2 0.4674479166666667 0.5291666666666667 0.022395833333333334 0.03333333333333333
2 0.9028645833333333 0.64875 0.19427083333333334 0.17416666666666666
2 0.77109375 0.5854166666666667 0.12447916666666667 0.1275
2 0.28854166666666664 0.5245833333333333 0.07916666666666666 0.04083333333333333
2 0.33515625 0.5120833333333333 0.0359375 0.025833333333333333
2 0.29453125 0.5070833333333333 0.0453125 0.0275
2 0.50859375 0.5283333333333333 0.019270833333333334 0.023333333333333334
2 0.6809895833333334 0.5641666666666667 0.0734375 0.08833333333333333
2 0.6416666666666667 0.5516666666666666 0.04583333333333333 0.07
2 0.5411458333333333 0.53 0.022916666666666665 0.03333333333333333
5 0.6010416666666667 0.5366666666666666 0.04375 0.055
2 0.5783854166666667 0.53625 0.016145833333333335 0.029166666666666667
2 0.5705729166666667 0.5341666666666667 0.009895833333333333 0.02666666666666667
2 0.5703125 0.5308333333333334 0.019791666666666666 0.03
2 0.48489583333333336 0.5195833333333333 0.0125 0.015833333333333335
5 0.48463541666666665 0.5175 0.016145833333333335 0.02
6 0.5069270833333334 0.4679999999999999 0.003854166666666714 0.015
6 0.5296875 0.46958333333333335 0.004166666666666667 0.0125
2 0.5275520833333334 0.5190833333333333 0.0078125 0.009833333333333295
5 0.4947916666666667 0.50875 0.010416666666666666 0.0125
2 0.4583333333333333 0.51375 0.007291666666666667 0.015833333333333335
2 0.5302083333333333 0.5283333333333333 0.00625 0.02666666666666667
2 0.21640625 0.51875 0.0609375 0.029166666666666667
6 0.4623958333333333 0.485 0.003125 0.01
5 0.20598958333333334 0.47 0.0390625 0.08166666666666667
