2 0.12526041666666668 0.785 0.25052083333333336 0.43
2 0.33958333333333335 0.5883333333333334 0.12604166666666666 0.12833333333333333
2 0.39739583333333334 0.565 0.0625 0.08833333333333333
2 0.4205729166666667 0.5466666666666666 0.0546875 0.08166666666666667
2 0.44505208333333335 0.5375 0.0234375 0.06833333333333333
2 0.45208333333333334 0.5395833333333333 0.028125 0.04583333333333333
2 0.47265625 0.5258333333333334 0.021354166666666667 0.03
2 0.91328125 0.66125 0.1734375 0.19583333333333333
2 0.7825520833333334 0.5970833333333333 0.13489583333333333 0.1125
2 0.7033854166666667 0.5629166666666666 0.08072916666666667 0.0925
2 0.32135416666666666 0.5233333333333333 0.07291666666666667 0.03833333333333333
2 0.36171875 0.5129166666666667 0.04114583333333333 0.025833333333333333
2 0.3177083333333333 0.5020833333333333 0.036458333333333336 0.014166666666666666
2 0.5109375 0.5245833333333333 0.017708333333333333 0.0225
2 0.6497395833333334 0.5504166666666667 0.05364583333333333 0.0675
2 0.6208333333333333 0.5429166666666667 0.034375 0.0575
2 0.5401041666666667 0.52625 0.020833333333333332 0.030833333333333334
5 0.59296875 0.53125 0.03697916666666667 0.0475
2 0.5731770833333333 0.5316666666666666 0.013020833333333334 0.02666666666666667
2 0.5692708333333333 0.53 0.0125 0.025
2 0.5690104166666666 0.5266666666666666 0.0203125 0.02666666666666667
2 0.48802083333333335 0.5170833333333333 0.011458333333333333 0.015833333333333335
5 0.48776041666666664 0.5158333333333334 0.0140625 0.018333333333333333
6 0.5090104166666667 0.47058333333333335 0.0036458333333333334 0.013500000000000038
6 0.5302083333333333 0.4725 0.005208333333333333 0.015
2 0.5283854166666667 0.51625 0.0078125 0.009166666666666667
5 0.496875 0.5070833333333333 0.010416666666666666 0.0125
2 0.4630208333333333 0.5125 0.00625 0.016666666666666666
2 0.53046875 0.5254166666666666 0.005729166666666666 0.024166666666666666
2 0.27708333333333335 0.5291666666666667 0.01875 0.04
6 0.46739583333333334 0.485 0.003125 0.01
