2 0.6010416666666667 0.525 0.017708333333333333 0.018333333333333333
2 0.5526041666666667 0.5254166666666666 0.021875 0.034166666666666665
2 0.5197916666666667 0.5266666666666666 0.01875 0.023333333333333334
5 0.49635416666666665 0.51375 0.017708333333333333 0.034166666666666665
5 0.4861979166666667 0.5258333333333334 0.0171875 0.03666666666666667
5 0.46432291666666664 0.53 0.03697916666666667 0.058333333333333334
2 0.45338541666666665 0.5395833333333333 0.043229166666666666 0.05583333333333333
6 0.6278645833333333 0.32875 0.013020833333333334 0.05416666666666667
6 0.5307291666666667 0.3304166666666667 0.011458333333333333 0.0525
5 0.9419270833333333 0.5470833333333334 0.11614583333333334 0.15583333333333332
5 0.40625 0.5191666666666667 0.030208333333333334 0.03833333333333333
6 0.38359375 0.4245833333333333 0.0078125 0.034166666666666665
5 0.75234375 0.49416666666666664 0.2630208333333333 0.36833333333333335
2 0.3768229166666667 0.52 0.021354166666666667 0.03
5 0.38255208333333335 0.5108333333333334 0.022395833333333334 0.035
2 0.5333333333333333 0.52375 0.015625 0.014166666666666666
2 0.49609375 0.5254166666666666 0.0078125 0.020833333333333332
6 0.30755208333333334 0.21333333333333335 0.025520833333333333 0.07
6 0.9236979166666667 0.4325 0.016145833333333335 0.04666666666666667
2 0.4984375 0.5220833333333333 0.013541666666666667 0.020833333333333332
2 0.5854166666666667 0.52625 0.019791666666666666 0.014166666666666666
