2 0.14348958333333334 0.6916666666666667 0.2869791666666667 0.4216666666666667
2 0.31588541666666664 0.5804166666666667 0.12447916666666667 0.18583333333333332
2 0.3796875 0.5704166666666667 0.08020833333333334 0.0975
2 0.4546875 0.5291666666666667 0.030208333333333334 0.045
2 0.26458333333333334 0.5220833333333333 0.065625 0.0625
2 0.19609375 0.5070833333333333 0.0578125 0.0475
2 0.5091145833333334 0.5258333333333334 0.022395833333333334 0.028333333333333332
2 0.9002604166666667 0.6204166666666666 0.19947916666666668 0.20583333333333334
2 0.7838541666666666 0.5816666666666667 0.146875 0.14166666666666666
2 0.5520833333333334 0.5279166666666667 0.03229166666666667 0.049166666666666664
5 0.6458333333333334 0.5404166666666667 0.06875 0.08083333333333333
2 0.6033854166666667 0.5379166666666667 0.027604166666666666 0.04083333333333333
2 0.59140625 0.5345833333333333 0.0203125 0.034166666666666665
2 0.5875 0.5291666666666667 0.026041666666666668 0.03666666666666667
2 0.48125 0.51625 0.013541666666666667 0.019166666666666665
5 0.48203125 0.51375 0.0171875 0.0225
6 0.5067708333333333 0.45666666666666667 0.004166666666666667 0.015
6 0.5333333333333333 0.45708333333333334 0.004166666666666667 0.014166666666666666
2 0.5302604166666666 0.5147499999999999 0.007812499999999941 0.010833333333333334
5 0.49375 0.5033333333333333 0.011458333333333333 0.013333333333333334
2 0.5385416666666667 0.5229166666666667 0.015625 0.0375
6 0.45328125 0.47441666666666665 0.0036458333333333334 0.013833333333333352
5 0.028645833333333332 0.4395833333333333 0.057291666666666664 0.1125
2 0.44937499999999997 0.47441666666666665 0.003125 0.012833333333333408
2 0.49114583333333334 0.51375 0.005208333333333333 0.019166666666666665
2 0.6109375 0.54125 0.0125 0.0425
0 0.42083333333333334 0.5266666666666666 0.010416666666666666 0.04
5 0.6151041666666667 0.5083333333333333 0.016666666666666666 0.018333333333333333
