2 0.49605034722222224 0.5423611111111112 0.0636284722222222 0.1025
2 0.02109375 0.9008333333333334 0.0421875 0.195
2 0.421875 0.5191666666666667 0.01875 0.025
5 0.5630208333333333 0.5095833333333334 0.023958333333333335 0.029166666666666667
2 0.8739583333333333 0.4658333333333333 0.20520833333333333 0.11833333333333333
5 0.9533854166666667 0.27416666666666667 0.09322916666666667 0.35833333333333334
7 0.5598958333333334 0.48291666666666666 0.013541666666666667 0.0225
2 0.04973958333333333 0.5229166666666667 0.09947916666666666 0.07916666666666666
2 0.121875 0.5258333333333334 0.15729166666666666 0.055
2 0.17291666666666666 0.5216666666666666 0.121875 0.05333333333333334
2 0.3609700520833333 0.5154166666666666 0.022200520833333334 0.009166666666666667
2 0.24583333333333332 0.5333333333333333 0.04791666666666667 0.021666666666666667
