2 0.49279513888888893 0.5277777777777777 0.06614583333333333 0.10333333333333333
2 0.09348958333333333 0.78 0.18697916666666667 0.33
2 0.4166666666666667 0.49916666666666665 0.016666666666666666 0.023333333333333334
5 0.5544270833333333 0.49 0.0234375 0.028333333333333332
2 0.8216145833333334 0.45375 0.16510416666666666 0.10416666666666667
5 0.921875 0.2925 0.15625 0.43333333333333335
7 0.55078125 0.46541666666666665 0.013020833333333334 0.020833333333333332
2 0.06979166666666667 0.49291666666666667 0.13958333333333334 0.07583333333333334
2 0.15286458333333333 0.49916666666666665 0.13489583333333333 0.04833333333333333
2 0.19401041666666666 0.49625 0.1109375 0.049166666666666664
2 0.35422453703703705 0.5004166666666666 0.019097222222222203 0.009166666666666667
2 0.2559895833333333 0.51125 0.011979166666666667 0.005833333333333334
