2 0.5091145833333334 0.5629166666666666 0.08697916666666666 0.1425
2 0.43677083333333333 0.5532500000000001 0.04520833333333331 0.05550000000000002
5 0.28489583333333335 0.51625 0.15104166666666666 0.23083333333333333
2 0.94921875 0.48541666666666666 0.1015625 0.06916666666666667
2 0.44427083333333334 0.5175 0.0125 0.016666666666666666
5 0.5377604166666666 0.5133333333333333 0.030729166666666665 0.021666666666666667
2 0.98203125 0.61375 0.034895833333333334 0.034166666666666665
2 0.6421875 0.5008333333333334 0.020833333333333332 0.04
5 0.8622395833333333 0.43416666666666665 0.1328125 0.19
5 0.7203125 0.43625 0.15520833333333334 0.1825
7 0.5416666666666666 0.4979166666666667 0.008333333333333333 0.0125
2 0.33828125 0.5070833333333333 0.06614583333333333 0.0325
2 0.36692708333333335 0.5129166666666667 0.033854166666666664 0.019166666666666665
2 0.36744791666666665 0.51 0.043229166666666666 0.025
2 0.79296875 0.4945833333333333 0.0265625 0.025833333333333333
2 0.32083333333333336 0.5145833333333333 0.021875 0.0175
