2 0.5 0.5383333333333333 0.0625 0.09833333333333333
2 0.915625 0.4579166666666667 0.16875 0.13916666666666666
2 0.4270833333333333 0.5145833333333333 0.019791666666666666 0.025833333333333333
5 0.5505208333333333 0.505 0.06770833333333333 0.03
2 0.012239583333333333 0.5316666666666666 0.024479166666666666 0.04833333333333333
2 0.08203125 0.5232142857142857 0.1622767857142857 0.06333333333333334
2 0.13350694444444441 0.5161111111111112 0.13437499999999997 0.060000000000000095
2 0.2216796875 0.530625 0.07122395833333334 0.027916666666666666
2 0.7072916666666667 0.5083333333333333 0.030208333333333334 0.016666666666666666
2 0.36696428571428574 0.5142857142857142 0.022172619047619038 0.01
2 0.26796875 0.51875 0.019270833333333334 0.009166666666666667
7 0.5731770833333333 0.47708333333333336 0.015104166666666667 0.024166666666666666
