2 0.5068576388888889 0.561875 0.08350694444444441 0.13819444444444448
2 0.43125 0.55875 0.04895833333333333 0.0625
5 0.24791666666666667 0.5208333333333334 0.17083333333333334 0.25666666666666665
2 0.9638020833333333 0.4795833333333333 0.07239583333333334 0.0725
2 0.44244791666666666 0.5191666666666667 0.011979166666666667 0.016666666666666666
5 0.5393229166666667 0.51375 0.030729166666666665 0.024166666666666666
2 0.64140625 0.49875 0.0328125 0.04083333333333333
5 0.8890625 0.4216666666666667 0.14583333333333334 0.20333333333333334
5 0.7328125 0.42875 0.17291666666666666 0.2025
7 0.5416666666666666 0.49625 0.008333333333333333 0.0125
2 0.3260416666666667 0.50875 0.07604166666666666 0.0325
2 0.35911458333333335 0.5141666666666667 0.03697916666666667 0.02
2 0.3606770833333333 0.51125 0.04635416666666667 0.024166666666666666
2 0.80546875 0.49291666666666667 0.028645833333333332 0.024166666666666666
2 0.29678819444444443 0.5147222222222222 0.04635416666666667 0.03555555555555562
2 0.5604166666666667 0.5220833333333333 0.040625 0.020833333333333332
2 0.82421875 0.48875 0.008854166666666666 0.0175
