2 0.5139322916666667 0.5516666666666666 0.08515625 0.13166666666666665
2 0.40625 0.5625 0.0625 0.07666666666666666
5 0.09583333333333334 0.5266666666666666 0.19166666666666668 0.4
2 0.43411458333333336 0.5108333333333334 0.013020833333333334 0.02
5 0.5375 0.5054166666666666 0.03229166666666667 0.025833333333333333
2 0.6552083333333333 0.4870833333333333 0.03958333333333333 0.049166666666666664
5 0.9502604166666667 0.3858333333333333 0.09947916666666666 0.265
5 0.7848958333333333 0.39458333333333334 0.24166666666666667 0.26416666666666666
7 0.5395833333333333 0.4891666666666667 0.008333333333333333 0.015
2 0.28880208333333335 0.5029166666666667 0.09635416666666667 0.0375
2 0.33046875 0.50625 0.04739583333333333 0.0225
2 0.3341145833333333 0.5045833333333334 0.058854166666666666 0.0275
2 0.22864583333333333 0.5070833333333333 0.09166666666666666 0.0475
2 0.415625 0.5179166666666667 0.03125 0.0225
2 0.8755208333333333 0.47708333333333336 0.025 0.0325
2 0.18758680555555554 0.5152777777777777 0.028645833333333332 0.04083333333333333
2 0.3723958333333333 0.5095833333333334 0.019791666666666666 0.005833333333333334
5 0.14348958333333334 0.505 0.08385416666666666 0.06666666666666667
2 0.9020833333333333 0.47375 0.029166666666666667 0.0225
