2 0.498828125 0.54125 0.06484375 0.09833333333333333
2 0.9888020833333333 0.45125 0.022395833333333334 0.12083333333333333
2 0.43072916666666666 0.5158333333333334 0.020833333333333332 0.02666666666666667
5 0.5623534181636727 0.5065469061876247 0.07340319361277446 0.03351297405189617
2 0.028645833333333332 0.54 0.057291666666666664 0.04
2 0.06623263888888889 0.5193055555555555 0.13072916666666667 0.08212962962962962
2 0.16559895833333332 0.5355833333333334 0.09869791666666666 0.036166666666666646
2 0.74609375 0.5091666666666667 0.0296875 0.03333333333333333
2 0.36970486111111106 0.513888888888889 0.022395833333333334 0.01
2 0.2674479166666667 0.518287037037037 0.019618055555555566 0.009166666666666667
7 0.5921875 0.47541666666666665 0.017708333333333333 0.028333333333333332
