5 0.31572916666666667 0.5160833333333333 0.14 0.2041666666666666
2 0.5122395833333333 0.5685185185185184 0.09427083333333333 0.15444444444444447
2 0.9516666666666667 0.5534166666666666 0.09666666666666662 0.1421666666666667
2 0.6332291666666667 0.5026666666666667 0.022916666666666665 0.03833333333333333
5 0.7057291666666666 0.44416666666666665 0.13958333333333334 0.16833333333333333
5 0.8348958333333333 0.44166666666666665 0.11666666666666667 0.165
2 0.5498511904761905 0.515 0.016666666666666666 0.021666666666666667
2 0.44605654761904756 0.5173809523809524 0.0125 0.016666666666666666
2 0.9193229166666667 0.4914166666666666 0.09593749999999991 0.06350000000000004
2 0.44338541666666664 0.551 0.04135416666666671 0.052000000000000074
2 0.3577083333333333 0.5075 0.04458333333333329 0.027333333333333296
2 0.374609375 0.5108333333333334 0.04401041666666667 0.025
