2 0.4889756944444444 0.5515972222222222 0.06996527777777779 0.11041666666666666
2 0.13880208333333333 0.73125 0.27760416666666665 0.29083333333333333
2 0.40963541666666664 0.5233333333333333 0.0171875 0.025
5 0.54140625 0.51625 0.024479166666666666 0.0275
2 0.7614583333333333 0.48833333333333334 0.11979166666666667 0.08833333333333333
5 0.8872395833333333 0.3125 0.22552083333333334 0.43666666666666665
7 0.5375 0.49291666666666667 0.0125 0.019166666666666665
2 0.09010416666666667 0.5195833333333333 0.18020833333333333 0.0725
2 0.1875 0.5225 0.11041666666666666 0.041666666666666664
2 0.2171875 0.5204166666666666 0.09791666666666667 0.04583333333333333
2 0.3489820075757576 0.5200378787878788 0.02144886363636367 0.009166666666666667
