2 0.5130208333333334 0.5535416666666667 0.0859375 0.13375
2 0.41484375 0.5616666666666666 0.058854166666666666 0.07166666666666667
5 0.11901041666666666 0.5225 0.23697916666666666 0.35833333333333334
2 0.43671875 0.5091666666666667 0.0109375 0.011666666666666667
5 0.5403645833333334 0.50875 0.0296875 0.0225
2 0.6489583333333333 0.48875 0.03125 0.0475
5 0.9403645833333333 0.39666666666666667 0.11927083333333334 0.24833333333333332
5 0.7796875 0.4041666666666667 0.20625 0.24833333333333332
7 0.5416666666666666 0.49 0.008333333333333333 0.015
2 0.2989583333333333 0.5041666666666667 0.08958333333333333 0.03666666666666667
2 0.33958333333333335 0.5095833333333334 0.04479166666666667 0.024166666666666666
2 0.34296875 0.5058333333333334 0.05572916666666667 0.02666666666666667
2 0.8346354166666666 0.4820833333333333 0.0171875 0.024166666666666666
2 0.2462384259259259 0.5096759259259259 0.07962962962962962 0.048240740740740765
2 0.4466145833333333 0.5195833333333333 0.04635416666666667 0.0225
2 0.8630208333333333 0.48041666666666666 0.035416666666666666 0.029166666666666667
2 0.21302083333333333 0.5175 0.020833333333333332 0.035
2 0.3768229166666667 0.51125 0.015104166666666667 0.005833333333333334
5 0.18385416666666668 0.5045833333333334 0.05416666666666667 0.0525
