2 0.49114583333333334 0.5545833333333333 0.06875 0.1075
2 0.12552083333333333 0.7779166666666667 0.25104166666666666 0.33916666666666667
2 0.41328125 0.53 0.0171875 0.023333333333333334
5 0.5471354166666667 0.5204166666666666 0.024479166666666666 0.0275
2 0.784375 0.4870833333333333 0.140625 0.09583333333333334
5 0.9002604166666667 0.3145833333333333 0.19947916666666668 0.4375
7 0.5432291666666667 0.4970833333333333 0.0125 0.020833333333333332
2 0.08385416666666666 0.53 0.16770833333333332 0.07833333333333334
2 0.17578125 0.5325 0.1203125 0.043333333333333335
2 0.20963541666666666 0.5283333333333333 0.1015625 0.04666666666666667
2 0.35146780303030306 0.5269318181818181 0.020454545454545444 0.009166666666666667
