2 0.5032986111111111 0.5480555555555556 0.07881944444444447 0.1277777777777778
2 0.3645833333333333 0.5766666666666667 0.08229166666666667 0.09666666666666666
2 0.41328125 0.51125 0.0140625 0.020833333333333332
5 0.51875 0.5054166666666666 0.04479166666666667 0.024166666666666666
2 0.6572916666666667 0.4866666666666667 0.053125 0.058333333333333334
5 0.9841145833333333 0.3770833333333333 0.03177083333333333 0.28583333333333333
5 0.8328125 0.3625 0.334375 0.33666666666666667
7 0.5247395833333334 0.4866666666666667 0.0078125 0.013333333333333334
2 0.23958333333333334 0.5029166666666667 0.11145833333333334 0.04416666666666667
2 0.29140625 0.5070833333333333 0.0546875 0.025833333333333333
2 0.2950520833333333 0.50375 0.06822916666666666 0.029166666666666667
2 0.1360863095238095 0.5099404761904761 0.14330357142857145 0.06297619047619046
2 0.07083333333333333 0.5220833333333333 0.058333333333333334 0.060833333333333336
2 0.3510416666666668 0.5101041666666665 0.01875000000000006 0.006041666666666572
5 0.03078125 0.50575 0.0615625 0.08850000000000004
2 0.9239583333333333 0.47041666666666665 0.041666666666666664 0.034166666666666665
2 0.9588541666666667 0.4666666666666667 0.040625 0.03
