2 0.49244791666666665 0.5508333333333333 0.06822916666666666 0.10666666666666667
2 0.11510416666666666 0.8070833333333334 0.23020833333333332 0.3858333333333333
2 0.4153645833333333 0.5258333333333334 0.0171875 0.023333333333333334
5 0.5502604166666667 0.5158333333333334 0.022395833333333334 0.028333333333333332
2 0.7981770833333334 0.47875 0.15052083333333333 0.0975
5 0.9072916666666667 0.31 0.18541666666666667 0.43833333333333335
7 0.5458333333333333 0.49166666666666664 0.0125 0.018333333333333333
2 0.07890625 0.5270833333333333 0.1578125 0.07416666666666667
2 0.16796875 0.52875 0.1234375 0.04583333333333333
2 0.203125 0.5254166666666666 0.10625 0.049166666666666664
2 0.35243055555555547 0.5184722222222222 0.019791666666666607 0.009166666666666667
