2 0.49982638888888886 0.5476388888888889 0.07777777777777774 0.12583333333333332
2 0.35260416666666666 0.5829166666666666 0.08854166666666667 0.10416666666666667
2 0.40989583333333335 0.51125 0.013541666666666667 0.020833333333333332
5 0.5205729166666667 0.5054166666666666 0.034895833333333334 0.024166666666666666
2 0.6598958333333333 0.485 0.05520833333333333 0.06166666666666667
5 0.99453125 0.48375 0.008854166666666666 0.060833333333333336
5 0.8338541666666667 0.35125 0.33229166666666665 0.3591666666666667
7 0.521875 0.48583333333333334 0.008333333333333333 0.013333333333333334
2 0.22682291666666668 0.505 0.11614583333333334 0.04833333333333333
2 0.28072916666666664 0.5075 0.059375 0.02666666666666667
2 0.28567708333333336 0.505 0.07239583333333334 0.03
2 0.11354166666666667 0.5120833333333333 0.15 0.06583333333333333
2 0.035416666666666666 0.5229166666666667 0.06458333333333334 0.0625
2 0.34689503205128197 0.5106089743589745 0.019030448717948664 0.0062179487179488055
5 0.010850694444444446 0.5040277777777779 0.02170138888888889 0.08305555555555562
2 0.93125 0.46791666666666665 0.035416666666666666 0.0325
2 0.9684895833333333 0.46166666666666667 0.04739583333333333 0.03166666666666667
