2 0.4930121527777778 0.5257638888888888 0.06588541666666667 0.10291666666666667
2 0.08958333333333333 0.7808333333333334 0.17916666666666667 0.32666666666666666
2 0.4171875 0.49875 0.017708333333333333 0.0225
5 0.5552083333333333 0.49041666666666667 0.022916666666666665 0.0275
2 0.8268229166666666 0.4525 0.1703125 0.105
5 0.9244791666666666 0.29083333333333333 0.15104166666666666 0.435
7 0.5513020833333333 0.465 0.013020833333333334 0.02
2 0.06822916666666666 0.49375 0.13645833333333332 0.07583333333333334
2 0.15052083333333333 0.4995833333333333 0.13645833333333332 0.049166666666666664
2 0.19244791666666666 0.49583333333333335 0.1109375 0.05
2 0.35480324074074077 0.50125 0.019444444444444407 0.009166666666666667
2 0.2565104166666667 0.5116666666666667 0.016145833333333335 0.006666666666666667
