5 0.31421875000000005 0.516 0.14072916666666668 0.205
2 0.5114583333333333 0.5683333333333334 0.09375 0.15333333333333332
2 0.9527604166666668 0.5528333333333332 0.0944791666666666 0.142
2 0.6334375 0.5023333333333334 0.022916666666666665 0.03833333333333333
5 0.7075520833333333 0.4425 0.13489583333333333 0.16666666666666666
5 0.8348958333333333 0.4395833333333333 0.11979166666666667 0.16416666666666666
2 0.549702380952381 0.515 0.016666666666666666 0.021666666666666667
2 0.4453125 0.5175 0.0125 0.016666666666666666
2 0.9202604166666667 0.49066666666666664 0.0967708333333333 0.06400000000000006
2 0.4428125 0.5510833333333333 0.04145833333333335 0.05216666666666669
2 0.35661458333333335 0.5075 0.04552083333333332 0.02766666666666661
2 0.3741536458333333 0.5108333333333334 0.044140625 0.025
