2 0.5127604166666667 0.5502777777777778 0.08350694444444447 0.13111111111111115
2 0.39869791666666665 0.5654166666666667 0.06614583333333333 0.08083333333333333
5 0.07786458333333333 0.5366666666666666 0.15572916666666667 0.41833333333333333
2 0.42942708333333335 0.5108333333333334 0.0140625 0.02
5 0.53125 0.5054166666666666 0.040625 0.024166666666666666
2 0.6565104166666667 0.4866666666666667 0.0453125 0.05
5 0.9557291666666666 0.38625 0.08854166666666667 0.2708333333333333
5 0.79296875 0.3883333333333333 0.2578125 0.2683333333333333
7 0.5364583333333334 0.48833333333333334 0.008333333333333333 0.015
2 0.2796875 0.50125 0.09895833333333333 0.04083333333333333
2 0.32395833333333335 0.50625 0.04791666666666667 0.0225
2 0.32786458333333335 0.5029166666666667 0.0578125 0.0275
2 0.21197916666666666 0.5066666666666667 0.1 0.05
2 0.38697916666666665 0.5154166666666666 0.042708333333333334 0.0175
2 0.8734375 0.47791666666666666 0.03125 0.030833333333333334
2 0.16872106481481483 0.5157407407407407 0.03223379629629631 0.04240740740740743
2 0.3669704861111111 0.508888888888889 0.014149305555555595 0.005833333333333334
5 0.10390625 0.48791666666666667 0.1237847222222222 0.10083333333333333
2 0.90703125 0.47458333333333336 0.03697916666666667 0.030833333333333334
