5 0.31875 0.51625 0.13854166666666667 0.2025
2 0.5138020833333333 0.568888888888889 0.0953125 0.15666666666666676
2 0.9494791666666667 0.5545833333333333 0.10104166666666667 0.1425
2 0.6328125 0.5033333333333333 0.022916666666666665 0.03833333333333333
5 0.7052083333333333 0.4425 0.13854166666666667 0.165
5 0.8317708333333333 0.445 0.121875 0.16666666666666666
2 0.5505952380952382 0.5148809523809524 0.016666666666666666 0.021666666666666667
2 0.44754464285714285 0.517142857142857 0.0125 0.016666666666666666
2 0.9174479166666667 0.49291666666666667 0.09427083333333333 0.0625
2 0.44453125 0.5508333333333333 0.04114583333333333 0.051666666666666666
2 0.35989583333333336 0.5075 0.042708333333333334 0.02666666666666667
2 0.37552083333333336 0.5108333333333334 0.04375 0.025
