2 0.4965277777777778 0.5470833333333333 0.07673611111111107 0.12361111111111105
2 0.33671875 0.5891666666666666 0.0984375 0.11333333333333333
2 0.40520833333333334 0.51125 0.013541666666666667 0.020833333333333332
5 0.51640625 0.5054166666666666 0.034895833333333334 0.024166666666666666
2 0.6640625 0.4841666666666667 0.06041666666666667 0.06166666666666667
5 0.83671875 0.3333333333333333 0.3265625 0.395
7 0.5200520833333333 0.48583333333333334 0.008854166666666666 0.013333333333333334
2 0.21067708333333332 0.5054166666666666 0.12239583333333333 0.0475
2 0.26927083333333335 0.5083333333333333 0.0625 0.028333333333333332
2 0.27317708333333335 0.5045833333333334 0.07864583333333333 0.029166666666666667
2 0.08079427083333333 0.5128125 0.159765625 0.06770833333333333
2 0.010677083333333334 0.5266666666666666 0.021354166666666667 0.055
2 0.3420873397435897 0.5111217948717949 0.018389423076923053 0.00724358974358978
2 0.9520833333333333 0.46458333333333335 0.014583333333333334 0.025833333333333333
2 0.978125 0.46 0.04375 0.03666666666666667
