2 0.4957465277777778 0.540138888888889 0.06371527777777773 0.1025
2 0.029427083333333333 0.8929166666666667 0.058854166666666666 0.21416666666666667
2 0.42135416666666664 0.5175 0.017708333333333333 0.023333333333333334
5 0.5625 0.5079166666666667 0.022916666666666665 0.029166666666666667
2 0.8692708333333333 0.465 0.196875 0.11666666666666667
5 0.9510416666666667 0.27125 0.09791666666666667 0.3541666666666667
7 0.559375 0.48125 0.013541666666666667 0.0225
2 0.0515625 0.5208333333333334 0.10208333333333333 0.08
2 0.12395833333333334 0.5229166666666667 0.15625 0.05583333333333333
2 0.17421875 0.5195833333333333 0.12239583333333333 0.0525
2 0.360546875 0.51375 0.022135416666666668 0.009166666666666667
2 0.24609375 0.5316666666666666 0.049479166666666664 0.021666666666666667
