2 0.49748263888888894 0.5475 0.0769097222222222 0.12388888888888885
2 0.3411458333333333 0.5875 0.09583333333333334 0.11166666666666666
2 0.40651041666666665 0.5116666666666667 0.013020833333333334 0.02
5 0.5174479166666667 0.5054166666666666 0.034895833333333334 0.024166666666666666
2 0.6630208333333333 0.4841666666666667 0.058333333333333334 0.06166666666666667
5 0.8354166666666667 0.3383333333333333 0.32916666666666666 0.385
7 0.5205729166666667 0.48583333333333334 0.008854166666666666 0.013333333333333334
2 0.21458333333333332 0.505 0.12083333333333333 0.04666666666666667
2 0.27239583333333334 0.5079166666666667 0.06041666666666667 0.0275
2 0.2760416666666667 0.5054166666666666 0.07604166666666666 0.030833333333333334
2 0.08697916666666666 0.5129166666666667 0.16145833333333334 0.0675
2 0.016927083333333332 0.5245833333333333 0.033854166666666664 0.060833333333333336
2 0.3432892628205127 0.5109935897435898 0.018549679487179442 0.00698717948717956
2 0.9455729166666667 0.46458333333333335 0.0203125 0.0325
2 0.9744791666666667 0.4608333333333333 0.04791666666666667 0.035
