5 0.30682291666666667 0.5160833333333333 0.14406249999999998 0.21016666666666667
2 0.5114583333333333 0.56625 0.09114583333333333 0.15055555555555553
2 0.9596354166666666 0.5534166666666666 0.08072916666666667 0.14316666666666672
2 0.6351041666666666 0.5016666666666667 0.022916666666666665 0.03833333333333333
5 0.709375 0.43333333333333335 0.140625 0.15833333333333333
5 0.8380208333333333 0.4354166666666667 0.12604166666666666 0.16916666666666666
2 0.5489583333333333 0.515 0.016666666666666666 0.021666666666666667
2 0.4453125 0.5175 0.0125 0.016666666666666666
2 0.9277604166666668 0.4889166666666667 0.10031250000000007 0.06550000000000002
2 0.44114583333333335 0.551875 0.0421875 0.05291666666666667
2 0.3523958333333333 0.5079999999999999 0.0495833333333333 0.029333333333333277
2 0.371875 0.5108333333333334 0.04479166666666667 0.025
