2 0.49713541666666666 0.5375 0.06302083333333333 0.1
2 0.4236979166666667 0.515 0.019270833333333334 0.025
5 0.5669270833333333 0.5054166666666666 0.0234375 0.029166666666666667
2 0.8966145833333333 0.4583333333333333 0.20677083333333332 0.12833333333333333
5 0.9765625 0.2675 0.046875 0.3433333333333333
7 0.56484375 0.4775 0.0140625 0.023333333333333334
2 0.03567708333333333 0.5270833333333333 0.07135416666666666 0.059166666666666666
2 0.10260416666666666 0.5195833333333333 0.16666666666666666 0.060833333333333336
2 0.16197916666666667 0.5158333333333334 0.125 0.055
2 0.36307291666666675 0.5160833333333333 0.021562500000000047 0.009166666666666667
2 0.23671875 0.52875 0.0546875 0.0225
