5 0.3600520833333334 0.5123333333333334 0.12135416666666667 0.18233333333333335
2 0.5360863095238096 0.5774404761904761 0.1113095238095239 0.18392857142857139
2 0.9382291666666667 0.5528333333333334 0.12354166666666669 0.12400000000000005
2 0.6467708333333333 0.5033333333333333 0.025 0.03833333333333333
5 0.715625 0.4395833333333333 0.12708333333333333 0.12916666666666668
5 0.83203125 0.4483333333333333 0.11302083333333333 0.15333333333333332
2 0.5694661458333333 0.5144791666666667 0.016666666666666666 0.021666666666666667
2 0.46822916666666664 0.5164285714285713 0.0125 0.016666666666666666
2 0.9106770833333333 0.49700000000000005 0.08406249999999993 0.05800000000000002
2 0.4682812499999999 0.5475833333333334 0.038437500000000034 0.04716666666666668
2 0.3927083333333333 0.5070833333333333 0.030208333333333334 0.025833333333333333
2 0.4049768518518519 0.5094444444444446 0.032754629629629585 0.022037037037037046
