2 0.11588541666666667 0.6329166666666667 0.2203125 0.1775
2 0.2584375 0.58275 0.11854166666666668 0.11416666666666667
2 0.3450520833333333 0.5554166666666667 0.0765625 0.09083333333333334
2 0.49505208333333334 0.5516666666666666 0.04739583333333333 0.055
5 0.3758138020833333 0.52515625 0.028450520833333333 0.036145833333333335
2 0.5065625 0.5207916666666667 0.014583333333333334 0.02275000000000006
2 0.9747395833333333 0.8966666666666666 0.050520833333333334 0.20666666666666667
5 0.8268229166666666 0.5245833333333333 0.1796875 0.1125
2 0.6486979166666667 0.59125 0.1171875 0.1275
2 0.6072916666666667 0.5604166666666667 0.078125 0.10416666666666667
2 0.5716145833333334 0.5508333333333333 0.0359375 0.08333333333333333
2 0.48046875 0.5220833333333333 0.0171875 0.025833333333333333
2 0.4375 0.5325 0.020833333333333332 0.02666666666666667
2 0.5403645833333334 0.53125 0.0234375 0.029166666666666667
2 0.5270833333333333 0.5208333333333334 0.011458333333333333 0.02
5 0.6106770833333334 0.5033333333333333 0.0609375 0.025
2 0.45364583333333336 0.5225 0.019791666666666666 0.028333333333333332
2 0.4423611111111111 0.5309722222222221 0.019791666666666666 0.027870370370370285
2 0.5351236979166667 0.5288020833333333 0.0177734375 0.0284375
2 0.5244791666666667 0.5183333333333333 0.010416666666666666 0.02
5 0.9268229166666667 0.545 0.14635416666666667 0.15666666666666668
2 0.46458333333333335 0.5204166666666666 0.011458333333333333 0.0225
2 0.4515625 0.52625 0.009375 0.025833333333333333
2 0.49166666666666664 0.5116666666666667 0.010416666666666666 0.016666666666666666
2 0.46640625 0.5166666666666667 0.013020833333333334 0.02
2 0.5221354166666666 0.515 0.0078125 0.016666666666666666
2 0.5169270833333334 0.5083333333333333 0.0078125 0.015
0 0.69375 0.525 0.007291666666666667 0.028333333333333332
2 0.72265625 0.54 0.05572916666666667 0.056666666666666664
0 0.5643229166666667 0.51875 0.0036458333333333334 0.014166666666666666
