2 0.10208333333333333 0.66 0.20416666666666666 0.22833333333333333
5 0.24755208333333334 0.5847083333333333 0.166875 0.15258333333333327
5 0.8513020833333333 0.7345833333333334 0.29739583333333336 0.5141666666666667
2 0.70078125 0.6125 0.1484375 0.195
2 0.39869791666666665 0.5608333333333333 0.0390625 0.05
2 0.6033854166666667 0.5691666666666667 0.06614583333333333 0.08
2 0.41744791666666664 0.55375 0.027604166666666666 0.0425
2 0.4322916666666667 0.5508333333333333 0.026041666666666668 0.03833333333333333
2 0.5010416666666667 0.5570833333333334 0.04583333333333333 0.05583333333333333
5 0.4148697916666667 0.523875 0.014218749999999976 0.009416666666666629
2 0.51 0.524 0.012708333333333263 0.009166666666666667
2 0.5767447916666667 0.5520416666666667 0.046822916666666714 0.06808333333333337
5 0.6481770833333333 0.51875 0.058854166666666666 0.0325
2 0.5541666666666667 0.54875 0.021875 0.04083333333333333
2 0.5510416666666667 0.5441666666666667 0.027083333333333334 0.041666666666666664
2 0.5380208333333333 0.5429166666666667 0.010416666666666666 0.03916666666666667
2 0.48463541666666665 0.5416666666666666 0.016145833333333335 0.02666666666666667
2 0.4609375 0.5433333333333333 0.014583333333333334 0.021666666666666667
2 0.53046875 0.5395833333333333 0.011979166666666667 0.019166666666666665
2 0.5234375 0.5341666666666667 0.00625 0.015
2 0.5182291666666666 0.5266666666666666 0.007291666666666667 0.016666666666666666
5 0.61484375 0.5208333333333334 0.0390625 0.021666666666666667
2 0.4700520833333333 0.53625 0.0140625 0.020833333333333332
2 0.4640625 0.5408333333333334 0.013541666666666667 0.02
2 0.5294270833333333 0.5375 0.011979166666666667 0.02
2 0.521875 0.5325 0.00625 0.016666666666666666
0 0.6565104166666667 0.5308333333333334 0.015104166666666667 0.043333333333333335
5 0.6828125 0.5145833333333333 0.027083333333333334 0.020833333333333332
2 0.7260416666666667 0.5191666666666667 0.051041666666666666 0.016666666666666666
