2 0.11354166666666667 0.6433333333333333 0.22604166666666667 0.21666666666666667
5 0.2638020833333333 0.5783333333333334 0.1515625 0.13833333333333334
5 0.8411458333333334 0.6870833333333334 0.3177083333333333 0.4141666666666667
2 0.6838541666666667 0.5979166666666667 0.12708333333333333 0.1775
2 0.40182291666666664 0.5525 0.03802083333333333 0.04833333333333333
2 0.9955729166666667 0.5279166666666667 0.008854166666666666 0.0325
2 0.6002604166666666 0.5604166666666667 0.06302083333333333 0.07583333333333334
2 0.41796875 0.5475 0.0265625 0.04
2 0.43359375 0.5429166666666667 0.025520833333333333 0.0375
2 0.5010416666666667 0.5525 0.04583333333333333 0.056666666666666664
5 0.4158854166666667 0.52375 0.0140625 0.009166666666666667
2 0.51015625 0.52375 0.013020833333333334 0.009166666666666667
2 0.5744791666666667 0.5504166666666667 0.04479166666666667 0.06583333333333333
5 0.6440104166666667 0.5245833333333333 0.0578125 0.0525
2 0.5518229166666667 0.5425 0.0203125 0.04
2 0.54921875 0.5383333333333333 0.0265625 0.041666666666666664
2 0.5375 0.5366666666666666 0.010416666666666666 0.03833333333333333
2 0.48463541666666665 0.53625 0.016145833333333335 0.0275
2 0.46145833333333336 0.53625 0.014583333333333334 0.020833333333333332
2 0.5309895833333333 0.5329166666666667 0.011979166666666667 0.019166666666666665
2 0.5239583333333333 0.5275 0.007291666666666667 0.015
2 0.5184895833333333 0.5191666666666667 0.0078125 0.015
5 0.6161458333333333 0.515 0.035416666666666666 0.023333333333333334
2 0.4700520833333333 0.53 0.0140625 0.02
2 0.46484375 0.5341666666666667 0.011979166666666667 0.02
2 0.5302083333333333 0.5308333333333334 0.013541666666666667 0.02
2 0.5221354166666666 0.52625 0.0067708333333333336 0.015833333333333335
0 0.6528645833333333 0.5158333333333334 0.016145833333333335 0.03166666666666667
2 0.9854166666666667 0.50375 0.029166666666666667 0.0175
5 0.6854166666666667 0.5079166666666667 0.013541666666666667 0.019166666666666665
2 0.7223958333333333 0.5125 0.04895833333333333 0.013333333333333334
