2 0.5049479166666667 0.5266666666666666 0.024479166666666666 0.03166666666666667
2 0.07473958333333333 0.5508333333333333 0.14947916666666666 0.12833333333333333
2 0.2796875 0.5808333333333333 0.09375 0.10166666666666667
2 0.6416666666666667 0.5816666666666667 0.10416666666666667 0.10666666666666667
2 0.49244791666666665 0.51375 0.011979166666666667 0.0175
2 0.5098958333333333 0.5108333333333334 0.0125 0.013333333333333334
5 0.39401041666666664 0.5354166666666667 0.0484375 0.0625
2 0.32838541666666665 0.5570833333333334 0.0734375 0.08583333333333333
0 0.20494791666666667 0.555 0.0296875 0.09166666666666666
2 0.36770833333333336 0.5475 0.04375 0.06833333333333333
2 0.6052083333333333 0.55375 0.065625 0.0975
2 0.55625 0.5325 0.03125 0.041666666666666664
2 0.4239583333333333 0.5283333333333333 0.030208333333333334 0.041666666666666664
0 0.64765625 0.5175 0.0203125 0.023333333333333334
0 0.7091145833333333 0.5475 0.0171875 0.07
6 0.4825520833333333 0.46041666666666664 0.0026041666666666665 0.0125
2 0.55078125 0.5254166666666666 0.03177083333333333 0.04083333333333333
6 0.5065104166666666 0.46125 0.0026041666666666665 0.0125
2 0.6981770833333333 0.51625 0.0390625 0.0375
2 0.7356770833333334 0.52 0.0421875 0.05
2 0.7369791666666666 0.5033333333333333 0.03958333333333333 0.02666666666666667
2 0.440625 0.5270833333333333 0.014583333333333334 0.035833333333333335
2 0.44296875 0.5220833333333333 0.0234375 0.034166666666666665
2 0.4552083333333333 0.5204166666666666 0.011458333333333333 0.029166666666666667
0 0.4661458333333333 0.51875 0.004166666666666667 0.020833333333333332
6 0.44869791666666664 0.48625 0.0026041666666666665 0.0125
6 0.55390625 0.48541666666666666 0.0026041666666666665 0.0125
2 0.47213541666666664 0.515 0.009895833333333333 0.016666666666666666
2 0.48020833333333335 0.51375 0.011458333333333333 0.014166666666666666
2 0.5278645833333333 0.515 0.011979166666666667 0.018333333333333333
2 0.525 0.5108333333333334 0.011458333333333333 0.02
