2 0.49244791666666665 0.5225 0.0265625 0.03166666666666667
2 0.04192708333333333 0.57875 0.08385416666666666 0.12583333333333332
2 0.19947916666666668 0.5304166666666666 0.08958333333333333 0.0825
2 0.83828125 0.5566666666666666 0.3234375 0.28
2 0.34322916666666664 0.5529166666666666 0.05416666666666667 0.06583333333333333
2 0.5807291666666666 0.5520833333333334 0.059375 0.06916666666666667
2 0.48072916666666665 0.5083333333333333 0.013541666666666667 0.016666666666666666
2 0.4984375 0.5066666666666667 0.0125 0.016666666666666666
5 0.40572916666666664 0.5245833333333333 0.036458333333333336 0.050833333333333335
2 0.3671875 0.5391666666666667 0.04791666666666667 0.06
0 0.2916666666666667 0.5375 0.019791666666666666 0.06166666666666667
2 0.3919270833333333 0.53375 0.025520833333333333 0.050833333333333335
2 0.5630208333333333 0.5370833333333334 0.04375 0.0625
2 0.5359895833333332 0.52375 0.02385416666666664 0.0325
2 0.42734375 0.5204166666666666 0.021354166666666667 0.034166666666666665
2 0.07083333333333333 0.5345833333333333 0.07916666666666666 0.0525
2 0.0109375 0.5145833333333333 0.021875 0.0125
0 0.61328125 0.5283333333333333 0.011979166666666667 0.05
0 0.64296875 0.5329166666666667 0.013020833333333334 0.05416666666666667
6 0.47369791666666666 0.45875 0.0026041666666666665 0.0125
2 0.5309244791666666 0.5179166666666667 0.022265625 0.034166666666666665
6 0.49505208333333334 0.45958333333333334 0.0026041666666666665 0.0125
2 0.6544270833333333 0.5095833333333334 0.027604166666666666 0.0325
2 0.4390625 0.51875 0.011458333333333333 0.029166666666666667
2 0.4390625 0.515 0.020833333333333332 0.03
2 0.45026041666666666 0.51375 0.0078125 0.024166666666666666
0 0.45807291666666666 0.5108333333333334 0.0046875 0.016666666666666666
2 0.46458333333333335 0.5083333333333333 0.009375 0.016666666666666666
2 0.5140625 0.5083333333333333 0.010416666666666666 0.016666666666666666
2 0.5122395833333333 0.5029166666666667 0.0109375 0.014166666666666666
