2 0.2861458333333333 0.5824583333333334 0.09385416666666666 0.09458333333333334
2 0.878125 0.78375 0.24270833333333333 0.4325
2 0.3416927083333333 0.562 0.061093749999999974 0.07300000000000002
2 0.3828125 0.5478333333333334 0.05239583333333329 0.06283333333333341
2 0.49421875 0.5522083333333334 0.04479166666666667 0.05658333333333331
5 0.3888020833333333 0.5229166666666667 0.023958333333333335 0.02
2 0.5045833333333333 0.5239166666666667 0.013541666666666667 0.021666666666666667
2 0.7276041666666667 0.6308333333333334 0.215625 0.225
5 0.7408854166666666 0.51125 0.1140625 0.05583333333333333
2 0.5928385416666667 0.5639166666666667 0.06526041666666677 0.07716666666666659
2 0.5732638888888889 0.550138888888889 0.04965277777777786 0.07083333333333333
2 0.5507812499999999 0.5454166666666668 0.021145833333333287 0.06183333333333337
2 0.47734375 0.52875 0.0171875 0.0275
2 0.4434895833333333 0.53625 0.0171875 0.024166666666666666
2 0.5331597222222222 0.5336111111111111 0.02013888888888893 0.027222222222222286
2 0.5219401041666667 0.5253125 0.008723958333333334 0.018541666666666668
5 0.5955729166666667 0.5196428571428572 0.05022321428571435 0.04142857142857148
2 0.45651041666666664 0.5268518518518519 0.017071759259259287 0.025740740740740762
2 0.4473958333333333 0.5325 0.017708333333333333 0.02666666666666667
2 0.5286458333333333 0.5305416666666667 0.014999999999999977 0.02475000000000004
2 0.5203125 0.5225 0.009375 0.02
0 0.8140625 0.5354166666666667 0.0375 0.1025
5 0.7911458333333333 0.5225 0.11875 0.07333333333333333
2 0.9453125 0.5379166666666667 0.109375 0.07416666666666667
2 0.46640625 0.5241666666666667 0.008854166666666666 0.02
2 0.45416666666666666 0.5304166666666666 0.010416666666666666 0.024166666666666666
2 0.4896354166666666 0.5191666666666666 0.009895833333333333 0.015666666666666627
0 0.60078125 0.5208333333333334 0.0078125 0.011666666666666667
2 0.4666666666666667 0.5166666666666667 0.010416666666666666 0.008333333333333333
2 0.5184895833333333 0.52 0.0078125 0.015
2 0.5145833333333333 0.5133333333333333 0.008333333333333333 0.015
