2 0.5145833333333333 0.53875 0.03229166666666667 0.0375
2 0.22239583333333332 0.5583333333333333 0.08333333333333333 0.07666666666666666
2 0.3109375 0.5304166666666666 0.05416666666666667 0.05583333333333333
2 0.71484375 0.5425 0.1828125 0.135
2 0.4127604166666667 0.5483333333333333 0.0359375 0.04666666666666667
2 0.5815104166666667 0.5475 0.04114583333333333 0.04833333333333333
2 0.49973958333333335 0.5183333333333333 0.0140625 0.018333333333333333
2 0.5197916666666667 0.5158333333333334 0.0125 0.016666666666666666
5 0.44635416666666666 0.5291666666666667 0.028125 0.04
2 0.42604166666666665 0.5391666666666667 0.03229166666666667 0.045
0 0.37942708333333336 0.5366666666666666 0.008854166666666666 0.04666666666666667
2 0.44140625 0.5358333333333334 0.0140625 0.03666666666666667
2 0.5700520833333333 0.54125 0.028645833333333332 0.0425
2 0.5517708333333334 0.5295 0.019374999999999906 0.027333333333333296
2 0.46380208333333334 0.5254166666666666 0.0171875 0.029166666666666667
2 0.2078125 0.53 0.04791666666666667 0.03166666666666667
2 0.16145833333333334 0.53375 0.05520833333333333 0.0425
0 0.6130208333333333 0.5333333333333333 0.010416666666666666 0.043333333333333335
0 0.8653645833333333 0.5858333333333333 0.0265625 0.115
0 0.6286458333333333 0.53875 0.009375 0.04083333333333333
0 0.5994791666666667 0.5183333333333333 0.008333333333333333 0.025
0 0.9966145833333333 0.5583333333333333 0.0067708333333333336 0.07166666666666667
2 0.46901041666666665 0.52125 0.016145833333333335 0.025833333333333333
2 0.47708333333333336 0.52 0.005208333333333333 0.021666666666666667
2 0.53359375 0.51625 0.009895833333333333 0.015833333333333335
2 0.5315104166666667 0.5133333333333333 0.009895833333333333 0.015
