2 0.048177083333333336 0.68 0.09635416666666667 0.19
5 0.18697916666666667 0.6041666666666666 0.225 0.20333333333333334
5 0.9169270833333333 0.7875 0.16614583333333333 0.425
2 0.8059895833333334 0.64625 0.2828125 0.2875
2 0.38776041666666666 0.55375 0.043229166666666666 0.05416666666666667
2 0.61796875 0.5691666666666667 0.07864583333333333 0.09666666666666666
2 0.9635416666666666 0.5583333333333333 0.07291666666666667 0.105
2 0.4083333333333333 0.545 0.03125 0.045
2 0.42630208333333336 0.5404166666666667 0.028645833333333332 0.04083333333333333
2 0.49947916666666664 0.5491666666666667 0.046875 0.056666666666666664
5 0.4105468749999999 0.5236666666666667 0.01473958333333331 0.01
2 0.5090885416666666 0.5244583333333331 0.011510416666666738 0.009916666666666553
2 0.584375 0.5574583333333333 0.0537499999999999 0.0760833333333333
5 0.6596354166666667 0.5129166666666667 0.06614583333333333 0.0425
2 0.5567708333333333 0.5416666666666666 0.026041666666666668 0.045
2 0.5528645833333333 0.5366666666666666 0.028645833333333332 0.045
2 0.53984375 0.5345833333333333 0.0109375 0.0425
2 0.48359375 0.5325 0.016145833333333335 0.025
2 0.4578125 0.5325 0.015625 0.02
2 0.53046875 0.5304166666666666 0.013020833333333334 0.020833333333333332
2 0.5230143229166667 0.5256770833333333 0.006705729166666666 0.015729166666666666
2 0.5177083333333333 0.51625 0.007291666666666667 0.015833333333333335
5 0.60859375 0.51 0.0390625 0.021666666666666667
2 0.46796875 0.5266666666666666 0.0140625 0.021666666666666667
2 0.46171875 0.53 0.0140625 0.02
5 0.9669270833333333 0.5070833333333333 0.06614583333333333 0.03916666666666667
2 0.5294270833333333 0.5283333333333333 0.013020833333333334 0.021666666666666667
2 0.5216145833333333 0.5229166666666667 0.0078125 0.0175
0 0.6697916666666667 0.5329166666666667 0.01875 0.07916666666666666
5 0.6921875 0.52 0.03333333333333333 0.051666666666666666
2 0.7307291666666667 0.5283333333333333 0.07083333333333333 0.05
2 0.9385416666666667 0.5370833333333334 0.09583333333333334 0.0675
2 0.4747395833333333 0.5245833333333333 0.0067708333333333336 0.0175
2 0.46770833333333334 0.53 0.00625 0.018333333333333333
