2 0.9059895833333333 0.63875 0.18802083333333333 0.1925
0 0.23307291666666666 0.54875 0.022395833333333334 0.0675
0 0.25901041666666663 0.5461666666666667 0.01885416666666666 0.07899999999999996
2 0.3746527777777778 0.5359722222222223 0.05520833333333333 0.06768518518518524
5 0.40112847222222225 0.5231481481481481 0.04126157407407411 0.05888888888888886
2 0.6011284722222222 0.5534722222222223 0.08188657407407404 0.10120370370370371
5 0.5695891203703703 0.5349999999999999 0.03686342592592595 0.07259259259259257
2 0.5542245370370371 0.5283796296296296 0.016435185185185237 0.05805555555555562
2 0.4356770833333333 0.5194444444444445 0.02181712962962964 0.03
2 0.6838541666666667 0.525 0.021875 0.04833333333333333
2 0.5448784722222222 0.5245370370370369 0.018460648148148094 0.036296296296296285
2 0.6644386574074074 0.5222685185185185 0.034664351851851904 0.04064814814814819
2 0.6558159722222222 0.5189814814814815 0.04311342592592595 0.03722222222222219
2 0.4436921296296296 0.5177777777777778 0.015972222222222204 0.02814814814814819
2 0.45162037037037034 0.5160648148148148 0.015625 0.028425925925925907
2 0.48767361111111107 0.5391203703703704 0.05405092592592589 0.0625
5 0.4296875 0.5020833333333333 0.011458333333333333 0.009166666666666667
2 0.4236979166666667 0.5158333333333334 0.0046875 0.02
2 0.5056712962962963 0.512361111111111 0.012615740740740714 0.019166666666666665
2 0.5411458333333333 0.5195138888888889 0.02517361111111107 0.03625
5 0.6119791666666667 0.4961574074074073 0.02048611111111119 0.011759259259259238
2 0.53046875 0.5175 0.009375 0.025833333333333333
2 0.5297453703703704 0.5156018518518518 0.01192129629629631 0.027314814814814858
2 0.5245370370370371 0.5144444444444444 0.00682870370370369 0.026481481481481522
2 0.475 0.5141666666666667 0.01875 0.02666666666666667
2 0.4630208333333333 0.5145833333333333 0.007291666666666667 0.015833333333333335
2 0.5197916666666667 0.5133333333333332 0.007291666666666667 0.015666666666666627
2 0.5163194444444444 0.5098611111111111 0.0046875 0.0125
2 0.5127604166666667 0.5025 0.0067708333333333336 0.013333333333333334
2 0.37552083333333336 0.5333333333333333 0.051041666666666666 0.058333333333333334
0 0.26588541666666665 0.5416666666666666 0.018229166666666668 0.075
5 0.6880208333333333 0.49833333333333335 0.014583333333333334 0.01
