2 0.10104166666666667 0.6070833333333333 0.20208333333333334 0.2608333333333333
2 0.9372395833333333 0.83 0.12552083333333333 0.34
2 0.8158854166666667 0.6270833333333333 0.3296875 0.3075
2 0.4986979166666667 0.5195833333333333 0.043229166666666666 0.050833333333333335
2 0.2598958333333333 0.5216666666666666 0.06354166666666666 0.06
2 0.325 0.4995833333333333 0.04583333333333333 0.050833333333333335
2 0.6520833333333333 0.5016666666666667 0.134375 0.105
2 0.4127604166666667 0.5104166666666666 0.030729166666666665 0.03916666666666667
2 0.55625 0.50875 0.03333333333333333 0.04083333333333333
2 0.48385416666666664 0.4891666666666667 0.016666666666666666 0.021666666666666667
2 0.5078125 0.48625 0.014583333333333334 0.0225
5 0.4414583333333334 0.4960833333333333 0.024791666666666677 0.036833333333333274
2 0.4234895833333333 0.5043333333333334 0.02802083333333337 0.03733333333333339
2 0.4361979166666667 0.5016666666666667 0.013020833333333334 0.03333333333333333
2 0.5479166666666667 0.5045833333333334 0.022916666666666665 0.035833333333333335
2 0.5348437500000001 0.49408333333333343 0.013854166666666678 0.023833333333333352
2 0.49375 0.48 0.010416666666666666 0.013333333333333334
2 0.45755208333333336 0.4920833333333333 0.018229166666666668 0.025833333333333333
2 0.23203125 0.5033333333333333 0.028645833333333332 0.03666666666666667
2 0.2015625 0.5025 0.036458333333333336 0.03666666666666667
2 0.9541666666666667 0.51375 0.06458333333333334 0.0525
0 0.1609375 0.5245833333333333 0.022916666666666665 0.04583333333333333
0 0.9526041666666667 0.51125 0.016666666666666666 0.05583333333333333
0 0.59140625 0.49375 0.0078125 0.0275
2 0.9770833333333333 0.5720833333333334 0.04583333333333333 0.10583333333333333
2 0.46067708333333335 0.48791666666666667 0.015104166666666667 0.024166666666666666
2 0.46901041666666665 0.48791666666666667 0.0036458333333333334 0.0175
2 0.5213541666666667 0.4825 0.007291666666666667 0.013333333333333334
2 0.5205729166666667 0.47875 0.009895833333333333 0.014166666666666666
