2 0.013541666666666667 0.72875 0.027083333333333334 0.17416666666666666
5 0.1490234375 0.6148958333333333 0.26276041666666666 0.22666666666666666
5 0.9783854166666667 0.8675 0.043229166666666666 0.265
2 0.8434895833333333 0.6716666666666666 0.31197916666666664 0.3516666666666667
2 0.38229166666666664 0.5558333333333333 0.04479166666666667 0.056666666666666664
2 0.62578125 0.5733333333333334 0.0859375 0.10166666666666667
2 0.9450520833333333 0.5433333333333333 0.10989583333333333 0.07333333333333333
2 0.4049479166666667 0.5458333333333333 0.03177083333333333 0.04666666666666667
2 0.4231770833333333 0.5420833333333334 0.030729166666666665 0.0425
2 0.49947916666666664 0.55 0.046875 0.056666666666666664
5 0.40794270833333324 0.5230000000000001 0.014947916666666632 0.01
2 0.508359375 0.5242916666666666 0.010885416666666713 0.01091666666666659
2 0.5875 0.5596249999999999 0.05666666666666664 0.07974999999999995
5 0.66484375 0.5120833333333333 0.07447916666666667 0.0375
2 0.55859375 0.5433333333333333 0.028645833333333332 0.04666666666666667
2 0.5530598958333334 0.5378125 0.030078125 0.04604166666666667
2 0.5395833333333333 0.5358333333333334 0.013541666666666667 0.043333333333333335
2 0.4830729166666667 0.5316666666666666 0.016145833333333335 0.025
2 0.4556640625 0.5347916666666667 0.015494791666666667 0.019791666666666666
2 0.53046875 0.53125 0.0140625 0.020833333333333332
2 0.522265625 0.5246875 0.00625 0.015625
2 0.5164930555555556 0.5210185185185184 0.007291666666666667 0.01796296296296305
5 0.6052083333333333 0.5116666666666667 0.040625 0.021666666666666667
2 0.4663020833333333 0.527 0.014479166666666644 0.021666666666666667
2 0.4602864583333333 0.5310416666666666 0.0140625 0.020416666666666666
5 0.9815104166666667 0.5020833333333333 0.03697916666666667 0.0275
2 0.5283854166666667 0.5295833333333333 0.013020833333333334 0.020833333333333332
2 0.5213541666666667 0.5225 0.008333333333333333 0.016666666666666666
0 0.6763020833333333 0.53375 0.019270833333333334 0.0825
5 0.6830729166666667 0.5254166666666666 0.0609375 0.060833333333333336
2 0.7440104166666667 0.535 0.08072916666666667 0.06333333333333334
2 0.9919270833333333 0.525 0.016145833333333335 0.02
2 0.47369791666666666 0.5254166666666666 0.0067708333333333336 0.0175
2 0.46536458333333336 0.5295833333333333 0.0078125 0.019166666666666665
