2 0.4915625 0.5640000000000001 0.08020833333333334 0.1073333333333333
6 0.488125 0.3331666666666666 0.01875 0.051666666666666666
6 0.4021701388888889 0.34638888888888886 0.01857638888888881 0.04944444444444438
2 0.054947916666666666 0.6429166666666667 0.10989583333333333 0.17416666666666666
5 0.39401041666666664 0.5020833333333333 0.0578125 0.09083333333333334
6 0.6575520833333334 0.26708333333333334 0.022395833333333334 0.06583333333333333
2 0.48723958333333334 0.5070833333333333 0.022395833333333334 0.0275
0 0.23098958333333333 0.5595833333333333 0.015104166666666667 0.059166666666666666
2 0.3651041666666667 0.5075 0.013541666666666667 0.041666666666666664
2 0.58046875 0.5066666666666667 0.0484375 0.041666666666666664
3 0.6611979166666667 0.5525 0.05364583333333333 0.06
2 0.37864583333333335 0.5625 0.0875 0.09333333333333334
2 0.5408854166666667 0.5216666666666666 0.0421875 0.04
0 0.6583333333333333 0.53875 0.03333333333333333 0.0875
2 0.31588541666666664 0.53125 0.024479166666666666 0.035833333333333335
2 0.5486979166666667 0.49666666666666665 0.0109375 0.011666666666666667
2 0.9005208333333333 0.4708333333333333 0.07083333333333333 0.05333333333333334
6 0.55390625 0.42291666666666666 0.0067708333333333336 0.019166666666666665
6 0.6841145833333333 0.4170833333333333 0.011979166666666667 0.015833333333333335
6 0.5151041666666667 0.43083333333333335 0.004166666666666667 0.018333333333333333
6 0.4279296875 0.4116666666666667 0.009505208333333333 0.030416666666666668
6 0.38478422619047614 0.41297619047619044 0.0067708333333333336 0.02738095238095241
4 0.4640625 0.5027380952380953 0.016666666666666666 0.02738095238095241
2 0.5272135416666667 0.5028125 0.008854166666666666 0.013333333333333334
2 0.5247395833333334 0.5004166666666666 0.009375 0.015
