2 0.5063020833333333 0.5728333333333332 0.07927083333333323 0.10299999999999992
2 0.14401041666666667 0.60875 0.11927083333333334 0.10416666666666667
2 0.3567708333333333 0.54875 0.052083333333333336 0.059166666666666666
2 0.41484375 0.5308333333333334 0.0296875 0.03833333333333333
6 0.49749999999999994 0.427 0.008749999999999977 0.023333333333333334
6 0.45864583333333336 0.4325 0.008749999999999977 0.023333333333333334
2 0.4375 0.5195833333333333 0.023958333333333335 0.034166666666666665
2 0.45390625 0.5141666666666667 0.018229166666666668 0.02
5 0.47604166666666664 0.49875 0.019791666666666666 0.035833333333333335
2 0.2640625 0.5533333333333333 0.065625 0.03333333333333333
6 0.325 0.42625 0.013541666666666667 0.034166666666666665
6 0.37734375 0.4295833333333333 0.0067708333333333336 0.024166666666666666
6 0.5653645833333333 0.41291666666666665 0.0067708333333333336 0.0225
6 0.4317708333333333 0.44916666666666666 0.004166666666666667 0.018333333333333333
2 0.5375 0.50375 0.011458333333333333 0.019166666666666665
2 0.4921875 0.50625 0.011458333333333333 0.019166666666666665
2 0.46536458333333336 0.50125 0.0109375 0.025833333333333333
2 0.5047619047619047 0.5144047619047619 0.021875 0.013333333333333334
6 0.5861979166666667 0.46578125 0.005729166666666666 0.008229166666666666
6 0.51171875 0.45625 0.0036458333333333334 0.0125
6 0.4583333333333333 0.44875 0.004166666666666667 0.0125
6 0.4318080357142858 0.44922619047619045 0.0036458333333333334 0.015119047619047593
2 0.5174479166666667 0.5041666666666667 0.011979166666666667 0.015
2 0.5208333333333334 0.49833333333333335 0.0125 0.02
5 0.49 0.5310833333333332 0.03958333333333333 0.034166666666666665
