2 0.5088541666666667 0.5759166666666666 0.08020833333333334 0.10449999999999998
2 0.30546875 0.5670833333333334 0.0515625 0.05416666666666667
2 0.4023958333333333 0.5406666666666666 0.03499999999999996 0.04033333333333331
2 0.43552083333333336 0.5291666666666667 0.022708333333333344 0.029666666666666685
6 0.49973958333333335 0.4351666666666667 0.0078125 0.022333333333333344
6 0.4634457236842104 0.43964912280701735 0.00759320175438584 0.023333333333333334
2 0.4513020833333333 0.5208333333333334 0.018229166666666668 0.025
2 0.46588541666666666 0.51875 0.0140625 0.019166666666666665
5 0.4828125 0.5041666666666667 0.016666666666666666 0.03333333333333333
2 0.2791666666666667 0.555 0.04791666666666667 0.03166666666666667
6 0.34427083333333336 0.43625 0.010416666666666666 0.0275
6 0.39140625 0.4404166666666667 0.0067708333333333336 0.0275
6 0.5627604166666667 0.42291666666666666 0.0078125 0.0225
6 0.43723958333333335 0.45666666666666667 0.0036458333333333334 0.016666666666666666
2 0.5348958333333333 0.51 0.011458333333333333 0.018333333333333333
2 0.4953125 0.51125 0.0125 0.019166666666666665
0 0.35572916666666665 0.5420833333333334 0.008333333333333333 0.025833333333333333
6 0.5820023148148148 0.4725462962962962 0.004976851851851786 0.0075
6 0.5136979166666668 0.4624999999999999 0.0028124999999999288 0.011999999999999886
6 0.46235119047619044 0.4573214285714286 0.004166666666666667 0.0125
6 0.43723958333333335 0.45677083333333335 0.003125 0.016458333333333332
2 0.5163194444444444 0.5106944444444445 0.0125 0.015833333333333335
2 0.5206101190476191 0.5042857142857142 0.0125 0.02
5 0.4921875 0.53625 0.03958333333333333 0.034166666666666665
