2 0.5372395833333333 0.6008333333333333 0.0953125 0.12666666666666668
2 0.48385416666666664 0.55125 0.05520833333333333 0.059166666666666666
2 0.6885416666666667 0.52875 0.005208333333333333 0.029166666666666667
2 0.634375 0.54375 0.07291666666666667 0.050833333333333335
6 0.5083333333333333 0.16666666666666666 0.03854166666666667 0.11166666666666666
6 0.33046875 0.19416666666666665 0.03802083333333333 0.10166666666666667
6 0.42682291666666666 0.39208333333333334 0.013020833333333334 0.0375
2 0.50859375 0.5233333333333333 0.024479166666666666 0.02666666666666667
5 0.10703125 0.5145833333333333 0.2140625 0.42083333333333334
6 0.5447916666666667 0.4325 0.005208333333333333 0.023333333333333334
6 0.32447916666666665 0.4345833333333333 0.007291666666666667 0.0225
2 0.29192708333333334 0.5508333333333333 0.058854166666666666 0.05
5 0.47552083333333334 0.5154166666666666 0.023958333333333335 0.025833333333333333
6 0.3333333333333333 0.4345833333333333 0.005208333333333333 0.020833333333333332
2 0.547265625 0.5192708333333333 0.0078125 0.012291666666666666
6 0.5942708333333333 0.425 0.008333333333333333 0.023333333333333334
2 0.5690104166666666 0.5216666666666666 0.009895833333333333 0.011666666666666667
6 0.3690104166666667 0.39625 0.0078125 0.030833333333333334
2 0.5565104166666667 0.5579166666666666 0.06510416666666667 0.060833333333333336
2 0.3927083333333333 0.5279166666666667 0.0375 0.025833333333333333
0 0.6270833333333333 0.5116666666666667 0.004166666666666667 0.018333333333333333
2 0.5234375 0.52625 0.010416666666666666 0.0225
5 0.21276041666666667 0.54875 0.0421875 0.17583333333333334
5 0.8473958333333333 0.5113888888888889 0.06840277777777774 0.03666666666666667
2 0.5877604166666667 0.5225 0.016145833333333335 0.01
2 0.550390625 0.5208333333333334 0.009114583333333334 0.009166666666666667
2 0.3059895833333333 0.535 0.0296875 0.023333333333333334
2 0.540625 0.5245833333333333 0.007291666666666667 0.0075
0 0.9499348958333333 0.5060416666666666 0.016276041666666668 0.05333333333333334
6 0.9332465277777777 0.35625 0.0328125 0.04083333333333333
