2 0.5697916666666667 0.5695833333333333 0.10520833333333333 0.1325
2 0.40546875 0.5458333333333333 0.049479166666666664 0.07333333333333333
2 0.4354166666666667 0.5404166666666667 0.023958333333333335 0.04083333333333333
2 0.26171875 0.5470833333333334 0.0578125 0.034166666666666665
2 0.4947916666666667 0.5229166666666667 0.022916666666666665 0.029166666666666667
4 0.3111979166666667 0.5316666666666666 0.0765625 0.05
6 0.11875 0.17791666666666667 0.034375 0.10083333333333333
6 0.55859375 0.34708333333333335 0.0140625 0.03916666666666667
6 0.4713541666666667 0.36291666666666667 0.009375 0.04083333333333333
2 0.023958333333333335 0.6029166666666667 0.04791666666666667 0.09083333333333334
6 0.05026041666666667 0.3825 0.016145833333333335 0.05
6 0.0125 0.385 0.01875 0.043333333333333335
2 0.92421875 0.52125 0.1515625 0.11416666666666667
5 0.9822916666666667 0.465 0.035416666666666666 0.04
6 0.7362630208333333 0.43166666666666664 0.013671875 0.019166666666666665
0 0.61328125 0.5125 0.0109375 0.02666666666666667
