2 0.5375 0.5995833333333334 0.096875 0.12916666666666668
2 0.4921875 0.5441666666666667 0.053125 0.056666666666666664
2 0.64453125 0.5416666666666666 0.07552083333333333 0.051666666666666666
6 0.5057291666666667 0.12958333333333333 0.041666666666666664 0.1225
6 0.31171875 0.15833333333333333 0.0421875 0.11333333333333333
6 0.42161458333333335 0.385 0.013020833333333334 0.03833333333333333
2 0.50625 0.5204166666666666 0.021875 0.0275
5 0.0484375 0.4683333333333333 0.096875 0.35333333333333333
6 0.54359375 0.4269166666666666 0.0048958333333333805 0.024166666666666618
6 0.3177083333333333 0.42833333333333334 0.007291666666666667 0.021666666666666667
2 0.28359375 0.5470833333333334 0.07135416666666666 0.05416666666666667
5 0.4734375 0.5145833333333333 0.026041666666666668 0.035833333333333335
6 0.3265625 0.42791666666666667 0.005208333333333333 0.020833333333333332
2 0.5449032738095239 0.5188095238095239 0.00811011904761898 0.011666666666666667
6 0.5940104166666667 0.41833333333333333 0.008854166666666666 0.023333333333333334
2 0.5666666666666667 0.5179166666666667 0.010416666666666666 0.010833333333333334
6 0.3619791666666667 0.3883333333333333 0.008333333333333333 0.03333333333333333
2 0.5609375 0.55375 0.065625 0.0625
2 0.3888020833333333 0.52375 0.0390625 0.0225
0 0.6278645833333333 0.50875 0.0046875 0.0225
2 0.5208333333333334 0.5225520833333334 0.009505208333333333 0.023020833333333334
5 0.11953125 0.5508333333333333 0.08697916666666666 0.22333333333333333
1 0.68984375 0.5479166666666667 0.0109375 0.03916666666666667
0 0.6908854166666667 0.5275 0.009895833333333333 0.03333333333333333
5 0.846875 0.51 0.05416666666666667 0.035
2 0.5859375 0.51875 0.015625 0.01
2 0.547767857142857 0.520297619047619 0.009375 0.009166666666666667
2 0.2989583333333333 0.52875 0.022916666666666665 0.019166666666666665
2 0.5385416666666667 0.52 0.007291666666666667 0.008333333333333333
6 0.9757440476190476 0.3405952380952381 0.03511904761904769 0.044523809523809535
