2 0.5065104166666666 0.585 0.10885416666666667 0.14
2 0.5080729166666667 0.5008333333333334 0.034895833333333334 0.02666666666666667
2 0.7424479166666667 0.5066666666666667 0.0421875 0.05333333333333334
6 0.3302083333333333 0.31708333333333333 0.017708333333333333 0.05416666666666667
2 0.45286458333333335 0.5079166666666667 0.0328125 0.04416666666666667
6 0.4980902777777778 0.38666666666666666 0.007291666666666667 0.028888888888888905
6 0.20755208333333333 0.3854166666666667 0.008854166666666666 0.030833333333333334
2 0.21796875 0.5404166666666667 0.08697916666666666 0.0775
0 0.9981770833333333 0.4870833333333333 0.0036458333333333334 0.08583333333333333
5 0.4 0.49541666666666667 0.051041666666666666 0.0425
6 0.22265625 0.38625 0.0067708333333333336 0.0275
6 0.5588541666666667 0.3775 0.011458333333333333 0.03
6 0.24817708333333333 0.3225 0.011979166666666667 0.045
2 0.58984375 0.5383333333333333 0.09427083333333333 0.08333333333333333
2 0.31875 0.5083333333333333 0.052083333333333336 0.03166666666666667
0 0.5986979166666667 0.48625 0.005729166666666666 0.020833333333333332
2 0.4703125 0.50625 0.010416666666666666 0.029166666666666667
1 0.75859375 0.57875 0.0390625 0.08916666666666667
0 0.7552083333333334 0.5304166666666666 0.03958333333333333 0.13083333333333333
2 0.16510416666666666 0.53125 0.03229166666666667 0.05416666666666667
5 0.8533203125 0.4828125 0.042578125 0.03770833333333334
2 0.5421130952380953 0.49910714285714286 0.016666666666666666 0.010833333333333334
6 0.6834635416666667 0.44333333333333336 0.010026041666666667 0.011666666666666667
