2 0.5 0.575 0.075 0.09666666666666666
2 0.18828125 0.61125 0.14322916666666666 0.12583333333333332
2 0.36692708333333335 0.552 0.046770833333333366 0.05733333333333339
6 0.49484374999999997 0.4234166666666666 0.010312500000000035 0.025833333333333285
6 0.45171875 0.4298333333333333 0.009270833333333369 0.024999999999999953
2 0.41119791666666666 0.5366666666666666 0.0359375 0.043333333333333335
2 0.43802083333333336 0.5270833333333333 0.022916666666666665 0.0275
5 0.46536458333333336 0.5083333333333333 0.024479166666666666 0.041666666666666664
2 0.24817708333333333 0.56375 0.0453125 0.029166666666666667
6 0.29140625 0.4191666666666667 0.013020833333333334 0.043333333333333335
6 0.3533854166666667 0.4245833333333333 0.008854166666666666 0.029166666666666667
6 0.5739583333333333 0.41041666666666665 0.005208333333333333 0.0225
6 0.42473958333333334 0.4529166666666667 0.0036458333333333334 0.0175
2 0.5421875 0.5104166666666666 0.010416666666666666 0.0175
2 0.490625 0.51375 0.013541666666666667 0.019166666666666665
0 0.33046875 0.5475 0.0067708333333333336 0.03166666666666667
2 0.45546875 0.5133333333333333 0.009895833333333333 0.02666666666666667
2 0.5140625 0.5229166666666667 0.022916666666666665 0.0325
3 0.5703125 0.5341666666666667 0.023958333333333335 0.023333333333333334
2 0.030989583333333334 0.8854166666666666 0.06197916666666667 0.22916666666666666
2 0.5054315476190475 0.5219047619047619 0.02172619047619045 0.014761904761904721
6 0.538845486111111 0.4542361111111111 0.00407986111111119 0.013194444444444382
6 0.5943080357142857 0.46791666666666665 0.007068452380952313 0.009642857142857035
6 0.5112723214285714 0.4600595238095238 0.0036458333333333334 0.0125
6 0.45260416666666664 0.45125 0.005208333333333333 0.015833333333333335
6 0.4242559523809523 0.4513690476190476 0.004464285714285646 0.017976190476190368
2 0.5203125 0.51 0.011458333333333333 0.015
2 0.5217447916666667 0.5045833333333334 0.011979166666666667 0.019166666666666665
5 0.4871744791666667 0.53453125 0.0375 0.03197916666666667
6 0.5617897727272727 0.40969696969696967 0.0051136363636363315 0.019545454545454533
