2 0.49203125000000003 0.562875 0.08020833333333334 0.10808333333333328
6 0.488046875 0.32829166666666665 0.01953125 0.05291666666666667
6 0.39995659722222227 0.34159722222222216 0.019097222222222203 0.05111111111111109
2 0.01875 0.67875 0.0375 0.15583333333333332
5 0.39010416666666664 0.5004166666666666 0.059375 0.0825
6 0.6588541666666666 0.26458333333333334 0.01875 0.06583333333333333
2 0.4869791666666667 0.5075 0.022916666666666665 0.02666666666666667
0 0.2265625 0.5620833333333334 0.015625 0.059166666666666666
2 0.5833333333333334 0.5091666666666667 0.05 0.041666666666666664
3 0.6671875 0.5554166666666667 0.05520833333333333 0.0625
2 0.38203125 0.5629166666666666 0.08802083333333334 0.09083333333333334
2 0.5401041666666667 0.5241666666666667 0.046875 0.041666666666666664
0 0.6622395833333333 0.54125 0.03177083333333333 0.09416666666666666
2 0.31276041666666665 0.5325 0.022395833333333334 0.03333333333333333
2 0.5489583333333333 0.49833333333333335 0.011458333333333333 0.011666666666666667
2 0.9091145833333333 0.4725 0.0734375 0.05333333333333334
2 0.9552083333333333 0.47333333333333333 0.028125 0.05333333333333334
6 0.5545758928571428 0.4236309523809524 0.0067708333333333336 0.019166666666666714
6 0.6899739583333333 0.41479166666666667 0.01328125 0.014583333333333334
6 0.5155505952380952 0.4311904761904762 0.004166666666666667 0.018333333333333333
6 0.42734375 0.4091666666666667 0.009895833333333333 0.03166666666666667
6 0.38344494047619043 0.4124404761904762 0.0067708333333333336 0.028452380952380972
4 0.4637152777777777 0.5027777777777778 0.016666666666666666 0.027777777777777714
2 0.5276041666666667 0.503125 0.008854166666666666 0.013333333333333334
2 0.525 0.5 0.009375 0.015
