2 0.5577256944444444 0.5748611111111112 0.1137152777777778 0.1425
2 0.4200520833333333 0.5366666666666666 0.04739583333333333 0.06666666666666667
2 0.4473958333333333 0.53 0.021875 0.03833333333333333
2 0.2752604166666667 0.5466666666666666 0.05260416666666667 0.041666666666666664
2 0.5033854166666667 0.51625 0.0234375 0.030833333333333334
4 0.33125 0.5254166666666666 0.07708333333333334 0.049166666666666664
6 0.1765625 0.22291666666666668 0.029166666666666667 0.10416666666666667
6 0.03671875 0.23375 0.027604166666666666 0.0925
6 0.5619791666666667 0.3491666666666667 0.014583333333333334 0.04
6 0.48072916666666665 0.36583333333333334 0.009375 0.03833333333333333
2 0.0453125 0.5908333333333333 0.090625 0.07166666666666667
6 0.08958333333333333 0.38 0.015625 0.05
6 0.059375 0.3804166666666667 0.015625 0.05416666666666667
2 0.8526041666666667 0.51875 0.16354166666666667 0.10583333333333333
5 0.95859375 0.47208333333333335 0.0828125 0.060833333333333336
6 0.7297526041666667 0.4275 0.011067708333333334 0.01625
0 0.615625 0.505 0.010416666666666666 0.02666666666666667
