2 0.5338541666666666 0.6025 0.096875 0.13166666666666665
2 0.49661458333333336 0.5429166666666667 0.0515625 0.05416666666666667
2 0.6489583333333333 0.5445833333333333 0.07291666666666667 0.05416666666666667
6 0.503125 0.09416666666666666 0.046875 0.13333333333333333
6 0.28932291666666665 0.1225 0.0453125 0.125
6 0.41432291666666665 0.38166666666666665 0.013020833333333334 0.04
2 0.49973958333333335 0.5129166666666667 0.021354166666666667 0.010833333333333334
6 0.5393229166666667 0.42583333333333334 0.005729166666666666 0.025
6 0.30833333333333335 0.4245833333333333 0.007291666666666667 0.0225
0 0.08072916666666667 0.5854166666666667 0.025 0.09416666666666666
2 0.27421875 0.545 0.07760416666666667 0.05333333333333334
5 0.4669270833333333 0.5154166666666666 0.027604166666666666 0.035833333333333335
6 0.31692708333333336 0.4241666666666667 0.005729166666666666 0.021666666666666667
2 0.5396701388888888 0.5202777777777777 0.008854166666666666 0.011666666666666667
6 0.590625 0.42041666666666666 0.008333333333333333 0.0225
2 0.5604166666666667 0.5204166666666666 0.009375 0.009166666666666667
6 0.3528645833333333 0.38333333333333336 0.0078125 0.03333333333333333
2 0.5627604166666667 0.56125 0.0671875 0.07083333333333333
2 0.38046875 0.5229166666666667 0.0390625 0.024166666666666666
0 0.6239583333333333 0.5154166666666666 0.005208333333333333 0.029166666666666667
2 0.51640625 0.5229166666666667 0.0109375 0.019166666666666665
5 0.03125 0.55625 0.0625 0.27416666666666667
1 0.6877604166666667 0.5558333333333333 0.019270833333333334 0.041666666666666664
0 0.6893229166666667 0.5354166666666667 0.0140625 0.05583333333333333
5 0.8539496527777779 0.5171527777777777 0.0702256944444444 0.037361111111111144
2 0.5807291666666666 0.52125 0.015625 0.009166666666666667
2 0.5418836805555556 0.522361111111111 0.008940972222222144 0.009166666666666667
2 0.290625 0.52875 0.019791666666666666 0.020833333333333332
2 0.5322916666666667 0.5220833333333333 0.007291666666666667 0.009166666666666667
