2 0.5007486979166667 0.5803125 0.08834635416666667 0.11541666666666667
2 0.4171875 0.5595833333333333 0.06979166666666667 0.07583333333333334
2 0.6136067708333334 0.5172916666666667 0.040234375 0.04416666666666667
3 0.76328125 0.5979166666666667 0.08489583333333334 0.09583333333333334
0 0.7557291666666667 0.57 0.05 0.15166666666666667
2 0.5666666666666667 0.5341666666666667 0.05625 0.045
6 0.4822916666666667 0.275 0.026041666666666668 0.07333333333333333
6 0.36302083333333335 0.29541666666666666 0.026041666666666668 0.06916666666666667
6 0.7591145833333334 0.0675 0.0390625 0.12166666666666667
6 0.41484375 0.40708333333333335 0.009895833333333333 0.0325
2 0.9736979166666667 0.47458333333333336 0.05260416666666667 0.0625
2 0.4864583333333333 0.5154166666666666 0.023958333333333335 0.0225
5 0.31302083333333336 0.5279166666666667 0.11875 0.16916666666666666
6 0.51796875 0.43333333333333335 0.0046875 0.02
6 0.32200520833333335 0.43854166666666666 0.005989583333333334 0.012916666666666667
0 0.16822916666666668 0.5829166666666666 0.014583333333333334 0.07916666666666666
5 0.46119791666666665 0.51375 0.018229166666666668 0.029166666666666667
6 0.740625 0.15541666666666668 0.028125 0.09416666666666666
6 0.32916666666666666 0.44 0.005208333333333333 0.011666666666666667
2 0.5250434027777778 0.51125 0.008420138888888928 0.013333333333333334
6 0.56171875 0.4241666666666667 0.0078125 0.02
2 0.5486979166666667 0.5104166666666666 0.0109375 0.0125
6 0.3651041666666667 0.41125 0.00625 0.025833333333333333
2 0.5153645833333333 0.53375 0.04635416666666667 0.029166666666666667
2 0.3828125 0.5291666666666667 0.026041666666666668 0.021666666666666667
5 0.78515625 0.49333333333333335 0.05572916666666667 0.03
2 0.5652604166666667 0.5095 0.00927083333333331 0.005
2 0.5283854166666667 0.5125 0.009722222222222262 0.010833333333333334
2 0.5172619047619047 0.5149404761904761 0.008184523809523843 0.005833333333333334
0 0.8683407738095238 0.48148809523809516 0.016145833333333335 0.04845238095238093
6 0.7584635416666666 0.3928125 0.01953125 0.026041666666666668
