2 0.51015625 0.5875 0.1015625 0.13833333333333334
2 0.5057291666666667 0.5070833333333333 0.041666666666666664 0.030833333333333334
2 0.6888020833333334 0.5245833333333333 0.08072916666666667 0.05583333333333333
6 0.36640625 0.33916666666666667 0.015104166666666667 0.04666666666666667
2 0.46848958333333335 0.5079166666666667 0.0296875 0.04083333333333333
6 0.5111979166666667 0.39791666666666664 0.005729166666666666 0.0275
6 0.25 0.39208333333333334 0.007291666666666667 0.025833333333333333
2 0.23776041666666667 0.53 0.09114583333333333 0.065
5 0.42552083333333335 0.49541666666666667 0.03854166666666667 0.03916666666666667
6 0.26197916666666665 0.39208333333333334 0.007291666666666667 0.025833333333333333
6 0.5671875 0.39125 0.009375 0.025833333333333333
2 0.5288194444444444 0.5027083333333334 0.009375 0.008472222222222285
6 0.2947916666666667 0.3408333333333333 0.010416666666666666 0.04
2 0.5638020833333334 0.5429166666666667 0.0828125 0.07583333333333334
2 0.34010416666666665 0.5033333333333333 0.04791666666666667 0.02666666666666667
0 0.6033854166666667 0.49666666666666665 0.005729166666666666 0.03
2 0.4830729166666667 0.5066666666666667 0.0078125 0.02666666666666667
1 0.6875 0.5575 0.021875 0.06
0 0.6880208333333333 0.53 0.022916666666666665 0.09333333333333334
2 0.5522786458333333 0.50125 0.016015625 0.009583333333333333
0 0.9709635416666667 0.49583333333333335 0.014322916666666666 0.060833333333333336
6 0.6815848214285715 0.4546428571428571 0.009449404761904864 0.010714285714285742
