2 0.5018229166666667 0.5158333333333334 0.0203125 0.02666666666666667
0 0.26640625 0.5204166666666666 0.0109375 0.03916666666666667
0 0.7299479166666667 0.5408333333333334 0.03802083333333333 0.125
2 0.48359375 0.5079166666666667 0.015104166666666667 0.020833333333333332
2 0.49244791666666665 0.50125 0.0067708333333333336 0.0075
2 0.5327576754385964 0.5113157894736842 0.018311403508771917 0.025964912280701736
2 0.5143229166666666 0.5045833333333334 0.0036458333333333334 0.0075
2 0.46731770833333336 0.5072916666666667 0.004427083333333333 0.00625
2 0.5854166666666667 0.53625 0.06458333333333334 0.0875
0 0.7493489583333334 0.5414583333333334 0.023697916666666666 0.12375
2 0.5227864583333334 0.5120833333333333 0.004166666666666667 0.01875
2 0.5098090277777777 0.5066666666666667 0.0071180555555555355 0.013333333333333334
2 0.519921875 0.5104166666666666 0.00234375 0.008333333333333333
2 0.5244791666666667 0.5033333333333333 0.004166666666666667 0.006666666666666667
2 0.4934895833333333 0.5058333333333334 0.0036458333333333334 0.006666666666666667
