2 0.48541666666666666 0.5175 0.021875 0.028333333333333332
2 0.6427083333333333 0.5066666666666667 0.021875 0.018333333333333333
5 0.4734375 0.5079166666666667 0.013020833333333334 0.0175
2 0.5315104166666667 0.5175 0.024479166666666666 0.04
2 0.08671875 0.5516666666666666 0.1234375 0.06833333333333333
0 0.5815104166666667 0.515 0.0036458333333333334 0.035
0 0.5682291666666667 0.5141666666666667 0.004166666666666667 0.041666666666666664
2 0.511328125 0.5089583333333332 0.015364583333333333 0.020416666666666573
0 0.3333333333333333 0.514375 0.007291666666666667 0.028750000000000095
2 0.80390625 0.5 0.03177083333333333 0.02
2 0.4309895833333333 0.5079166666666667 0.019270833333333334 0.0125
2 0.49438244047619045 0.5075 0.0078125 0.013333333333333334
