2 0.5073567708333333 0.5142708333333333 0.020442708333333334 0.026875
0 0.146875 0.53 0.015625 0.056666666666666664
2 0.5234375 0.5004166666666666 0.007291666666666667 0.0125
2 0.4846788194444444 0.5060416666666666 0.016059027777777797 0.023194444444444476
2 0.49461805555555555 0.4993055555555556 0.007291666666666667 0.008611111111111142
2 0.5446354166666667 0.5124166666666667 0.024062500000000084 0.033833333333333354
2 0.5186197916666667 0.5028125 0.0036458333333333334 0.008958333333333334
2 0.4626953125 0.5048958333333333 0.008203125 0.009791666666666667
2 0.85390625 0.7208333333333333 0.2921875 0.525
2 0.5318576388888889 0.5131944444444444 0.005034722222222203 0.02472222222222219
2 0.5137152777777777 0.5038888888888889 0.008333333333333333 0.013333333333333334
2 0.5263020833333333 0.5094791666666667 0.0026041666666666665 0.012291666666666666
2 0.5333333333333333 0.5033333333333333 0.00625 0.014583333333333334
2 0.49531250000000004 0.5058333333333334 0.005555555555555595 0.013333333333333334
2 0.5282552083333333 0.5084375 0.004166666666666667 0.018125
2 0.5005208333333333 0.5004166666666666 0.004166666666666667 0.008611111111111142
