2 0.5861979166666667 0.5375 0.07239583333333334 0.09333333333333334
2 0.5440104166666667 0.5158333333333334 0.030729166666666665 0.04833333333333333
2 0.5299479166666666 0.51375 0.0109375 0.03916666666666667
2 0.525 0.5104166666666666 0.00625 0.025833333333333333
2 0.49713541666666666 0.5095833333333334 0.0203125 0.025833333333333333
2 0.40963541666666664 0.50375 0.0140625 0.0175
5 0.46458333333333335 0.5041666666666667 0.022916666666666665 0.03166666666666667
2 0.5158854166666667 0.50125 0.009895833333333333 0.015833333333333335
2 0.4778645833333333 0.5058333333333334 0.005729166666666666 0.018333333333333333
2 0.48515625 0.5004166666666666 0.0046875 0.015833333333333335
2 0.54921875 0.535 0.0234375 0.065
2 0.4786458333333333 0.50125 0.009375 0.0225
2 0.5486979166666667 0.5220833333333333 0.0234375 0.04083333333333333
0 0.18489583333333334 0.5154166666666666 0.010416666666666666 0.049166666666666664
0 0.1265625 0.5295833333333333 0.011458333333333333 0.03916666666666667
0 0.20651041666666667 0.5141666666666667 0.011979166666666667 0.04666666666666667
