2 0.7604166666666666 0.61 0.24479166666666666 0.275
2 0.62578125 0.5604166666666667 0.10052083333333334 0.13416666666666666
2 0.5674479166666667 0.53625 0.0359375 0.0625
2 0.5026041666666666 0.51625 0.021875 0.0275
2 0.13072916666666667 0.5479166666666667 0.1 0.0725
5 0.44453125 0.51875 0.043229166666666666 0.05416666666666667
2 0.5244791666666667 0.5116666666666667 0.0125 0.021666666666666667
2 0.465625 0.52 0.009375 0.03166666666666667
2 0.4669270833333333 0.5133333333333333 0.018229166666666668 0.03666666666666667
2 0.37734375 0.5191666666666667 0.028645833333333332 0.03
2 0.5768229166666666 0.5458333333333333 0.0328125 0.07666666666666666
2 0.5184895833333333 0.5095833333333334 0.0046875 0.0175
2 0.91015625 0.805 0.1796875 0.39
2 0.47604166666666664 0.5129166666666667 0.007291666666666667 0.0275
2 0.48151041666666666 0.5129166666666667 0.0046875 0.014166666666666666
2 0.48359374999999993 0.5116666666666666 0.005520833333333286 0.01466666666666659
2 0.4864583333333333 0.50875 0.00625 0.014166666666666666
0 0.5596354166666667 0.5025 0.0036458333333333334 0.013333333333333334
