2 0.5385416666666667 0.5525 0.06041666666666667 0.06833333333333333
5 0.696875 0.545 0.125 0.115
2 0.4890625 0.5158333333333334 0.011458333333333333 0.016666666666666666
2 0.465625 0.515 0.008333333333333333 0.01
2 0.45364583333333336 0.5133333333333333 0.010416666666666666 0.013333333333333334
2 0.4393229166666667 0.5154166666666666 0.0067708333333333336 0.009166666666666667
2 0.26145833333333335 0.5570833333333334 0.09583333333333334 0.0975
2 0.35130208333333335 0.5379166666666667 0.0390625 0.04416666666666667
2 0.46119791666666665 0.515 0.0026041666666666665 0.008333333333333333
2 0.41848958333333336 0.5158333333333334 0.0067708333333333336 0.008333333333333333
0 0.21901041666666668 0.5383333333333333 0.018229166666666668 0.05
