2 0.9434895833333333 0.8375 0.11302083333333333 0.325
2 0.5994791666666667 0.5420833333333334 0.06770833333333333 0.10416666666666667
2 0.5661458333333333 0.53375 0.03125 0.07083333333333333
2 0.5473958333333333 0.5270833333333333 0.011458333333333333 0.04083333333333333
2 0.50703125 0.5179166666666667 0.021354166666666667 0.0275
2 0.33828125 0.52375 0.03177083333333333 0.0325
5 0.46145833333333336 0.5166666666666667 0.03125 0.041666666666666664
2 0.5263020833333333 0.5120833333333333 0.0109375 0.019166666666666665
2 0.4778645833333333 0.5191666666666667 0.0067708333333333336 0.025
2 0.49359375 0.5076666666666666 0.008020833333333382 0.016666666666666666
2 0.8268229166666666 0.69125 0.3463541666666667 0.3425
2 0.47890625 0.51375 0.013020833333333334 0.030833333333333334
2 0.425 0.5104166666666666 0.015625 0.010833333333333334
2 0.5515625 0.5325 0.011458333333333333 0.045
2 0.5213541666666667 0.5104166666666666 0.003125 0.014166666666666666
2 0.6434895833333333 0.57125 0.10052083333333334 0.11583333333333333
2 0.4856770833333333 0.5141666666666667 0.0046875 0.023333333333333334
2 0.4903645833333333 0.5133333333333333 0.0046875 0.013333333333333334
0 0.16875 0.5254166666666666 0.011458333333333333 0.0525
