2 0.5877604166666667 0.5370833333333334 0.0734375 0.09416666666666666
2 0.54453125 0.5145833333333333 0.0296875 0.049166666666666664
2 0.53046875 0.5125 0.011979166666666667 0.03833333333333333
2 0.5255208333333333 0.5095833333333334 0.00625 0.025833333333333333
2 0.49713541666666666 0.5083333333333333 0.0203125 0.02666666666666667
2 0.409375 0.5025 0.014583333333333334 0.016666666666666666
5 0.46484375 0.5029166666666667 0.022395833333333334 0.030833333333333334
2 0.5158854166666667 0.4995833333333333 0.009895833333333333 0.015833333333333335
2 0.4778645833333333 0.5045833333333334 0.005729166666666666 0.019166666666666665
2 0.48515625 0.49916666666666665 0.0046875 0.015
2 0.5502604166666667 0.5341666666666667 0.024479166666666666 0.065
2 0.4786458333333333 0.4995833333333333 0.009375 0.0225
2 0.5502604166666667 0.5204166666666666 0.024479166666666666 0.0425
0 0.18255208333333334 0.515 0.009895833333333333 0.05
0 0.12213541666666666 0.525 0.009895833333333333 0.043333333333333335
0 0.20442708333333334 0.5120833333333333 0.013020833333333334 0.0425
