2 0.4953125 0.5191666666666667 0.020833333333333332 0.028333333333333332
2 0.5130208333333334 0.50875 0.010416666666666666 0.014166666666666666
2 0.46648065476190476 0.5127380952380952 0.02061011904761898 0.027857142857142966
2 0.4778645833333333 0.5095833333333334 0.009895833333333333 0.0225
2 0.5590624999999999 0.5328333333333333 0.04666666666666662 0.06399999999999996
2 0.5069010416666667 0.50875 0.0036458333333333334 0.010833333333333334
2 0.4244791666666667 0.5120833333333333 0.011458333333333333 0.014166666666666666
2 0.5354166666666667 0.5322916666666667 0.0140625 0.04791666666666667
2 0.50078125 0.50875 0.0078125 0.010833333333333334
2 0.5203125 0.5183333333333333 0.005208333333333333 0.021666666666666667
2 0.5333333333333333 0.5212500000000001 0.018402777777777737 0.03805555555555562
2 0.4786458333333333 0.5141666666666667 0.004166666666666667 0.016666666666666666
2 0.5243923611111111 0.5194444444444445 0.008159722222222261 0.032222222222222284
2 0.48658854166666665 0.51 0.007552083333333333 0.016666666666666666
