2 0.49375 0.5141666666666667 0.022916666666666665 0.03
2 0.58828125 0.5041666666666667 0.013020833333333334 0.023333333333333334
5 0.4830729166666667 0.5029166666666667 0.013020833333333334 0.0175
2 0.5330729166666667 0.5095833333333334 0.018229166666666668 0.034166666666666665
2 0.3138020833333333 0.5220833333333333 0.04114583333333333 0.035833333333333335
0 0.5723958333333333 0.5045833333333334 0.005208333333333333 0.0275
0 0.5671875 0.5095833333333334 0.008333333333333333 0.04583333333333333
2 0.51796875 0.5041666666666667 0.0140625 0.018333333333333333
0 0.36328125 0.5079166666666667 0.0067708333333333336 0.024166666666666666
2 0.76875 0.49625 0.014583333333333334 0.019166666666666665
2 0.462890625 0.5030208333333334 0.019270833333333334 0.010625
2 0.5025 0.5038333333333334 0.007708333333333309 0.013333333333333334
