2 0.5721354166666667 0.5341666666666667 0.058854166666666666 0.07833333333333334
2 0.5393229166666667 0.5179166666666667 0.024479166666666666 0.04416666666666667
2 0.52734375 0.5158333333333334 0.009895833333333333 0.03666666666666667
2 0.5223958333333333 0.5145833333333333 0.00625 0.024166666666666666
2 0.49609375 0.51375 0.0203125 0.025833333333333333
2 0.41640625 0.5075 0.013020833333333334 0.015
5 0.46536458333333336 0.5083333333333333 0.021354166666666667 0.03
2 0.5143229166666666 0.505 0.008854166666666666 0.015
2 0.47734375 0.5095833333333334 0.005729166666666666 0.0175
2 0.484375 0.5041666666666667 0.004166666666666667 0.016666666666666666
2 0.5427083333333333 0.53375 0.019791666666666666 0.05583333333333333
2 0.4786458333333333 0.505 0.009375 0.021666666666666667
2 0.5434895833333333 0.5116666666666667 0.0140625 0.015
0 0.2125 0.5183333333333333 0.008333333333333333 0.04666666666666667
0 0.16354166666666667 0.5320833333333334 0.009375 0.035833333333333335
0 0.23125 0.51625 0.0125 0.04583333333333333
