2 0.48515625 0.5175 0.021354166666666667 0.028333333333333332
2 0.6822916666666666 0.5079166666666667 0.017708333333333333 0.019166666666666665
5 0.47172619047619047 0.5072023809523809 0.012053571428571412 0.01892857142857139
2 0.534375 0.5183333333333333 0.028125 0.043333333333333335
0 0.5770833333333333 0.5170833333333333 0.011458333333333333 0.049166666666666664
2 0.5119791666666668 0.5074166666666666 0.017083333333333308 0.021166666666666552
0 0.32338541666666665 0.5153333333333333 0.0078125 0.03
2 0.821875 0.49875 0.040625 0.0225
2 0.42109375 0.5083333333333333 0.008854166666666666 0.011666666666666667
2 0.49435763888888895 0.5063888888888889 0.0078125 0.012222222222222285
