2 0.49453125 0.5158333333333334 0.0203125 0.02666666666666667
0 0.3005859375 0.5196875 0.008723958333333334 0.03270833333333333
2 0.5111979166666667 0.505 0.005729166666666666 0.01
0 0.6234375 0.52125 0.01875 0.0675
2 0.4786458333333333 0.50875 0.013020833333333334 0.019166666666666665
2 0.48671875 0.5016666666666667 0.005729166666666666 0.005
2 0.5231770833333333 0.5106944444444445 0.016145833333333335 0.0225
2 0.508984375 0.5054166666666666 0.002864583333333333 0.0075
2 0.46328125 0.5085416666666667 0.0036458333333333334 0.005416666666666667
2 0.55234375 0.5254166666666666 0.044270833333333336 0.0575
0 0.6346354166666667 0.5219791666666667 0.01328125 0.068125
2 0.5151041666666667 0.5120833333333333 0.003125 0.015833333333333335
2 0.5036458333333333 0.5070833333333333 0.007291666666666667 0.0125
2 0.5122395833333333 0.51125 0.0015625 0.0075
