2 0.83828125 0.6720833333333334 0.3234375 0.48083333333333333
2 0.5854166666666667 0.52125 0.05520833333333333 0.08583333333333333
2 0.5578125 0.5166666666666667 0.023958333333333335 0.06166666666666667
2 0.54453125 0.5120833333333333 0.009895833333333333 0.035833333333333335
2 0.5078125 0.5058333333333334 0.020833333333333332 0.02666666666666667
2 0.3645833333333333 0.5104166666666666 0.026041666666666668 0.0275
5 0.465625 0.5041666666666667 0.030208333333333334 0.03833333333333333
2 0.5263020833333333 0.4995833333333333 0.0109375 0.0175
2 0.48125 0.5054166666666666 0.00625 0.0225
2 0.49473958333333334 0.5003333333333334 0.008229166666666643 0.016666666666666666
2 0.671875 0.5908333333333333 0.134375 0.19
2 0.4817708333333333 0.5008333333333334 0.0125 0.028333333333333332
2 0.4354166666666667 0.49625 0.011458333333333333 0.0075
2 0.54765625 0.5145833333333333 0.008854166666666666 0.0425
2 0.61015625 0.5408333333333334 0.06822916666666666 0.09166666666666666
2 0.48854166666666665 0.50125 0.004166666666666667 0.0225
0 0.20260416666666667 0.515 0.008333333333333333 0.043333333333333335
