2 0.9119791666666667 0.8041666666666667 0.17604166666666668 0.39166666666666666
2 0.5971354166666667 0.5404166666666667 0.06614583333333333 0.10083333333333333
2 0.5643229166666667 0.5329166666666667 0.0296875 0.06916666666666667
2 0.5471354166666667 0.5266666666666666 0.011979166666666667 0.04
2 0.50703125 0.5175 0.021354166666666667 0.02666666666666667
2 0.34348958333333335 0.5233333333333333 0.030729166666666665 0.03166666666666667
5 0.4622395833333333 0.51625 0.030729166666666665 0.04083333333333333
2 0.5263020833333333 0.5120833333333333 0.0109375 0.019166666666666665
2 0.47890625 0.5183333333333333 0.0067708333333333336 0.025
2 0.4940625 0.5079999999999999 0.00791666666666669 0.016666666666666666
2 0.790625 0.66875 0.2947916666666667 0.30416666666666664
2 0.47994791666666664 0.5133333333333333 0.013020833333333334 0.03
2 0.4278645833333333 0.5091666666666667 0.013020833333333334 0.008333333333333333
2 0.55078125 0.5316666666666666 0.0109375 0.043333333333333335
2 0.52109375 0.5104166666666666 0.0026041666666666665 0.014166666666666666
2 0.6364583333333333 0.5675 0.09479166666666666 0.11166666666666666
2 0.4856770833333333 0.51375 0.0046875 0.0225
2 0.4908854166666667 0.5129166666666667 0.0046875 0.0125
0 0.17526041666666667 0.525 0.008854166666666666 0.05
