2 0.32473958333333336 0.56625 0.07135416666666666 0.07083333333333333
2 0.4393229166666667 0.5358333333333334 0.033854166666666664 0.043333333333333335
2 0.6080729166666666 0.55125 0.06197916666666667 0.0625
2 0.7606770833333333 0.60875 0.20364583333333333 0.18916666666666668
2 0.5177083333333333 0.5204166666666666 0.009375 0.014166666666666666
2 0.4869791666666667 0.5195833333333333 0.04375 0.014166666666666666
2 0.47994791666666664 0.5220833333333333 0.009895833333333333 0.0125
2 0.45729166666666665 0.5245833333333333 0.014583333333333334 0.0175
0 0.7114583333333333 0.5116666666666667 0.008333333333333333 0.02
0 0.6622395833333333 0.52 0.0109375 0.035
0 0.27630208333333334 0.5391666666666667 0.0078125 0.03666666666666667
2 0.66953125 0.57625 0.058854166666666666 0.08916666666666667
0 0.6765625 0.5258333333333334 0.008333333333333333 0.011666666666666667
