2 0.39296875 0.5720833333333334 0.0734375 0.09583333333333334
2 0.5942708333333333 0.565 0.05416666666666667 0.058333333333333334
2 0.2890625 0.585 0.096875 0.08333333333333333
6 0.5653645833333333 0.12083333333333333 0.025520833333333333 0.10833333333333334
6 0.49140625 0.09416666666666666 0.024479166666666666 0.12166666666666667
6 0.24583333333333332 0.03791666666666667 0.035416666666666666 0.07583333333333334
6 0.6807291666666667 0.16791666666666666 0.020833333333333332 0.08583333333333333
6 0.7369791666666666 0.18916666666666668 0.020833333333333332 0.07666666666666666
6 0.19401041666666666 0.029166666666666667 0.04114583333333333 0.058333333333333334
2 0.3533854166666667 0.5633333333333334 0.03802083333333333 0.058333333333333334
2 0.5729166666666666 0.5508333333333333 0.0375 0.055
2 0.43359375 0.5604166666666667 0.024479166666666666 0.0475
2 0.46588541666666666 0.5333333333333333 0.013020833333333334 0.015
2 0.48203125 0.5295833333333333 0.0109375 0.015833333333333335
2 0.5390625 0.5379166666666667 0.010416666666666666 0.024166666666666666
2 0.5505208333333333 0.5420833333333334 0.020833333333333332 0.035833333333333335
2 0.5182291666666666 0.5279166666666667 0.007291666666666667 0.010833333333333334
2 0.49505208333333334 0.52875 0.013020833333333334 0.010833333333333334
0 0.6765625 0.54625 0.019791666666666666 0.06583333333333333
2 0.49947916666666664 0.5258333333333334 0.027083333333333334 0.008333333333333333
0 0.6338541666666667 0.5520833333333334 0.0125 0.05416666666666667
2 0.45078125 0.5508333333333333 0.025520833333333333 0.03833333333333333
2 0.428125 0.53125 0.016666666666666666 0.014166666666666666
0 0.6153645833333333 0.5391666666666667 0.005729166666666666 0.023333333333333334
6 0.7604166666666666 0.46125 0.010416666666666666 0.020833333333333332
