2 0.34479166666666666 0.5675 0.11770833333333333 0.13166666666666665
2 0.60859375 0.5508333333333333 0.06302083333333333 0.06833333333333333
2 0.19895833333333332 0.57875 0.15520833333333334 0.11416666666666667
6 0.59609375 0.01625 0.0328125 0.0325
6 0.7421875 0.05 0.028125 0.1
6 0.8078125 0.0825 0.030208333333333334 0.09833333333333333
2 0.58203125 0.5354166666666667 0.0421875 0.06416666666666666
2 0.39375 0.5175 0.014583333333333334 0.021666666666666667
2 0.41822916666666665 0.5445833333333333 0.04375 0.05583333333333333
2 0.46484375 0.51125 0.013020833333333334 0.015833333333333335
2 0.4828125 0.5079166666666667 0.010416666666666666 0.015833333333333335
2 0.5442708333333334 0.5179166666666667 0.0125 0.025833333333333333
2 0.5565104166666667 0.5225 0.0234375 0.03833333333333333
2 0.52109375 0.50625 0.0078125 0.010833333333333334
2 0.49322916666666666 0.5070833333333333 0.009375 0.010833333333333334
0 0.7046875 0.5316666666666666 0.014583333333333334 0.07166666666666667
2 0.5065104166666666 0.50375 0.0234375 0.009166666666666667
0 0.6505208333333333 0.5354166666666667 0.014583333333333334 0.059166666666666666
2 0.4484375 0.5308333333333334 0.030208333333333334 0.041666666666666664
2 0.42630208333333336 0.5104166666666666 0.019270833333333334 0.0175
0 0.6375 0.52625 0.009375 0.0375
2 0.40546875 0.5095833333333334 0.025520833333333333 0.015833333333333335
2 0.56484375 0.52375 0.008854166666666666 0.030833333333333334
6 0.8088541666666667 0.4375 0.010416666666666666 0.024523809523809538
