2 0.3497395833333333 0.5654166666666667 0.059895833333333336 0.059166666666666666
5 0.4192708333333333 0.5554166666666667 0.04583333333333333 0.06583333333333333
2 0.45 0.54625 0.022916666666666665 0.034166666666666665
2 0.3768229166666667 0.55375 0.0328125 0.04583333333333333
6 0.30130208333333336 0.17833333333333334 0.0265625 0.08333333333333333
6 0.022916666666666665 0.08541666666666667 0.03333333333333333 0.1125
2 0.53203125 0.53625 0.0140625 0.024166666666666666
2 0.3984375 0.5441666666666667 0.023958333333333335 0.04
6 0.07473958333333333 0.09125 0.0328125 0.11416666666666667
6 0.33046875 0.185 0.0203125 0.085
6 0.4901041666666667 0.22708333333333333 0.015625 0.07083333333333333
6 0.5421875 0.2375 0.017708333333333333 0.07
6 0.6283854166666667 0.26 0.015104166666666667 0.06
6 0.6734375 0.2704166666666667 0.015625 0.05583333333333333
2 0.44244791666666666 0.5529166666666666 0.011979166666666667 0.0375
2 0.5114583333333333 0.5279166666666667 0.007291666666666667 0.010833333333333334
2 0.47760416666666666 0.5291666666666667 0.009375 0.013333333333333334
0 0.6393229166666666 0.5420833333333334 0.011979166666666667 0.0525
0 0.6083333333333333 0.5479166666666667 0.010416666666666666 0.04583333333333333
2 0.5744791666666667 0.5575 0.04583333333333333 0.05
2 0.5580729166666667 0.5466666666666666 0.033854166666666664 0.04833333333333333
2 0.53828125 0.5391666666666667 0.0171875 0.03166666666666667
2 0.465625 0.5316666666666666 0.010416666666666666 0.011666666666666667
2 0.49973958333333335 0.5279166666666667 0.015104166666666667 0.009166666666666667
6 0.7086371527777778 0.4730555555555556 0.011892361111111072 0.015555555555555524
