2 0.37578125 0.5454166666666667 0.0484375 0.049166666666666664
2 0.4549479166666667 0.5283333333333333 0.027604166666666666 0.035
2 0.5955729166666667 0.5475 0.050520833333333334 0.05333333333333334
2 0.6796875 0.58125 0.11979166666666667 0.12583333333333332
2 0.5216145833333333 0.5204166666666666 0.008854166666666666 0.014166666666666666
2 0.49166666666666664 0.51875 0.040625 0.0125
2 0.12057291666666667 0.6025 0.23385416666666667 0.19166666666666668
2 0.9153645833333334 0.6941666666666667 0.16927083333333334 0.32
2 0.4856770833333333 0.52 0.008854166666666666 0.011666666666666667
2 0.44192708333333336 0.5208333333333334 0.0109375 0.016666666666666666
0 0.67890625 0.51625 0.0046875 0.0075
0 0.6432291666666666 0.5191666666666667 0.008333333333333333 0.023333333333333334
0 0.3098958333333333 0.53 0.00625 0.03333333333333333
2 0.6278645833333333 0.565 0.030729166666666665 0.06666666666666667
