2 0.7278645833333334 0.6183333333333333 0.16197916666666667 0.14333333333333334
2 0.05182291666666667 0.625 0.10364583333333334 0.17666666666666667
2 0.6432291666666666 0.56375 0.08541666666666667 0.10416666666666667
2 0.26197916666666665 0.5708333333333333 0.11979166666666667 0.11666666666666667
2 0.4466145833333333 0.5204166666666666 0.021354166666666667 0.024166666666666666
2 0.48020833333333335 0.5141666666666667 0.015625 0.021666666666666667
2 0.5609375 0.5275 0.020833333333333332 0.03166666666666667
2 0.5828125 0.5366666666666666 0.040625 0.051666666666666666
2 0.5252604166666667 0.5104166666666666 0.0078125 0.0125
0 0.98984375 0.5879166666666666 0.0203125 0.1725
2 0.5020833333333333 0.5075 0.03333333333333333 0.01
0 0.7684895833333333 0.5425 0.021354166666666667 0.05333333333333334
2 0.41302083333333334 0.5554166666666667 0.06041666666666667 0.06916666666666667
2 0.39114583333333336 0.5329166666666667 0.03958333333333333 0.05416666666666667
0 0.73671875 0.535 0.018229166666666668 0.03
2 0.3419270833333333 0.5433333333333333 0.06302083333333333 0.07833333333333334
2 0.6059895833333333 0.54875 0.025520833333333333 0.0675
2 0.49557291666666664 0.5104166666666666 0.0078125 0.009166666666666667
2 0.45234375 0.5116666666666667 0.011979166666666667 0.013333333333333334
