2 0.9390625 0.7529166666666667 0.121875 0.27416666666666667
2 0.8611979166666667 0.6466666666666666 0.24427083333333333 0.21833333333333332
0 0.7046875 0.52625 0.013541666666666667 0.0775
2 0.6440104166666667 0.555 0.09322916666666667 0.08833333333333333
2 0.5276041666666667 0.5066666666666667 0.019791666666666666 0.013333333333333334
2 0.5127604166666667 0.50625 0.009895833333333333 0.014166666666666666
2 0.13046875 0.6029166666666667 0.19635416666666666 0.14583333333333334
2 0.40546875 0.5291666666666667 0.049479166666666664 0.06333333333333334
2 0.19270833333333334 0.52625 0.057291666666666664 0.0475
2 0.45286458333333335 0.5091666666666667 0.0234375 0.02
2 0.46536458333333336 0.5054166666666666 0.0067708333333333336 0.010833333333333334
2 0.47291666666666665 0.5083333333333333 0.011458333333333333 0.013333333333333334
0 0.8049479166666667 0.51625 0.021354166666666667 0.050833333333333335
0 0.7388020833333333 0.5541666666666667 0.021354166666666667 0.08
2 0.35520833333333335 0.5120833333333333 0.009375 0.0225
2 0.47630208333333335 0.5045833333333334 0.008854166666666666 0.015833333333333335
0 0.8260416666666667 0.5283333333333333 0.019791666666666666 0.023333333333333334
0 0.7565104166666666 0.5570833333333334 0.022395833333333334 0.07583333333333334
0 0.8463541666666666 0.5283333333333333 0.013541666666666667 0.025
2 0.4283854166666667 0.5058333333333334 0.0078125 0.015
0 0.7940104166666667 0.5341666666666667 0.015104166666666667 0.035
2 0.4231770833333333 0.50625 0.0067708333333333336 0.014166666666666666
