2 0.14973958333333334 0.6808333333333333 0.2994791666666667 0.3016666666666667
2 0.6231770833333333 0.5908333333333333 0.0734375 0.07666666666666666
2 0.025260416666666667 0.5954166666666667 0.050520833333333334 0.06916666666666667
6 0.9091145833333333 0.02625 0.0390625 0.0525
2 0.3190104166666667 0.58125 0.0671875 0.0725
2 0.590625 0.5695833333333333 0.04895833333333333 0.0675
2 0.36770833333333336 0.5616666666666666 0.04791666666666667 0.04666666666666667
2 0.38828125 0.5920833333333333 0.07135416666666666 0.07583333333333334
2 0.46067708333333335 0.54375 0.015104166666666667 0.015833333333333335
2 0.4817708333333333 0.54 0.011458333333333333 0.016666666666666666
2 0.546875 0.5508333333333333 0.013541666666666667 0.02666666666666667
2 0.5611979166666666 0.55625 0.027604166666666666 0.04083333333333333
2 0.52109375 0.5379166666666667 0.0078125 0.010833333333333334
2 0.4890625 0.5383333333333333 0.004166666666666667 0.008333333333333333
0 0.7380208333333333 0.5695833333333333 0.020833333333333332 0.08416666666666667
2 0.5065104166666666 0.5358333333333334 0.019270833333333334 0.008333333333333333
0 0.66875 0.5708333333333333 0.014583333333333334 0.06333333333333334
2 0.44114583333333335 0.56625 0.0375 0.04583333333333333
2 0.4205729166666667 0.5508333333333333 0.022395833333333334 0.03333333333333333
0 0.6541666666666667 0.5633333333333334 0.010416666666666666 0.045
2 0.396875 0.545 0.030208333333333334 0.025
2 0.5708333333333333 0.5654166666666667 0.010416666666666666 0.04583333333333333
2 0.49453125 0.5375 0.0067708333333333336 0.008333333333333333
6 0.8658854166666666 0.45916666666666667 0.015104166666666667 0.03
