2 0.36328125 0.5595833333333333 0.05364583333333333 0.05416666666666667
5 0.42604166666666665 0.5504166666666667 0.041666666666666664 0.059166666666666666
2 0.45208333333333334 0.54375 0.022916666666666665 0.0325
2 0.3828125 0.55 0.030208333333333334 0.043333333333333335
6 0.32447916666666665 0.21458333333333332 0.023958333333333335 0.07416666666666667
6 0.0890625 0.14166666666666666 0.029166666666666667 0.09333333333333334
2 0.53125 0.535 0.013541666666666667 0.023333333333333334
2 0.40520833333333334 0.5408333333333334 0.025 0.03833333333333333
6 0.13255208333333332 0.145 0.027604166666666666 0.09666666666666666
6 0.35 0.21916666666666668 0.017708333333333333 0.07333333333333333
6 0.49192708333333335 0.2525 0.0140625 0.065
6 0.5390625 0.2625 0.015625 0.06
6 0.6190104166666667 0.2791666666666667 0.013020833333333334 0.056666666666666664
6 0.6611979166666667 0.28875 0.0140625 0.050833333333333335
2 0.446875 0.55 0.008333333333333333 0.035
2 0.47994791666666664 0.5270833333333333 0.0078125 0.0125
0 0.6322916666666667 0.5391666666666667 0.011458333333333333 0.05
0 0.6041666666666666 0.5445833333333333 0.009375 0.04583333333333333
2 0.5723958333333333 0.555 0.04375 0.04666666666666667
2 0.55703125 0.5445833333333333 0.0328125 0.04583333333333333
0 0.5580729166666667 0.5341666666666667 0.005729166666666666 0.013333333333333334
2 0.5377604166666666 0.5379166666666667 0.016145833333333335 0.0325
2 0.46927083333333336 0.53 0.010416666666666666 0.011666666666666667
2 0.5075520833333333 0.5270833333333333 0.016145833333333335 0.009166666666666667
6 0.6967013888888888 0.4743055555555556 0.011458333333333333 0.014166666666666666
