2 0.5677083333333334 0.5433333333333333 0.16979166666666667 0.10833333333333334
2 0.37161458333333336 0.5441666666666667 0.049479166666666664 0.05
5 0.4309895833333333 0.535 0.04010416666666667 0.056666666666666664
2 0.4557291666666667 0.5291666666666667 0.020833333333333332 0.03166666666666667
2 0.3893229166666667 0.535 0.0265625 0.041666666666666664
6 0.3390625 0.22333333333333333 0.020833333333333332 0.075
6 0.12734375 0.16541666666666666 0.0265625 0.0875
2 0.5322916666666667 0.5170833333333333 0.010416666666666666 0.015833333333333335
2 0.4080729166666667 0.52875 0.021354166666666667 0.035833333333333335
6 0.16614583333333333 0.16875 0.023958333333333335 0.0875
6 0.36276041666666664 0.2275 0.015104166666666667 0.07166666666666667
6 0.49322916666666666 0.25708333333333333 0.013541666666666667 0.060833333333333336
6 0.5377604166666666 0.26458333333333334 0.015104166666666667 0.059166666666666666
6 0.6130208333333333 0.27791666666666665 0.0125 0.05583333333333333
6 0.6533854166666667 0.28708333333333336 0.013020833333333334 0.049166666666666664
2 0.44921875 0.5345833333333333 0.0078125 0.030833333333333334
2 0.5127604166666667 0.5120833333333333 0.0067708333333333336 0.010833333333333334
6 0.6895833333333333 0.46208333333333335 0.011458333333333333 0.014166666666666666
