2 0.35260416666666666 0.5675 0.11145833333333334 0.12666666666666668
2 0.6075520833333333 0.5504166666666667 0.06197916666666667 0.06583333333333333
2 0.21197916666666666 0.5779166666666666 0.146875 0.11083333333333334
6 0.5924479166666666 0.024166666666666666 0.033854166666666664 0.04833333333333333
6 0.49583333333333335 0.00375 0.029166666666666667 0.0075
6 0.73515625 0.05625 0.027604166666666666 0.1125
6 0.7994791666666666 0.09375 0.029166666666666667 0.09583333333333334
2 0.5815104166666667 0.53375 0.0421875 0.060833333333333336
2 0.3958333333333333 0.5133333333333333 0.0125 0.013333333333333334
2 0.4203125 0.5445833333333333 0.041666666666666664 0.05416666666666667
2 0.46536458333333336 0.5120833333333333 0.013020833333333334 0.015833333333333335
2 0.48333333333333334 0.50875 0.010416666666666666 0.015833333333333335
2 0.5442708333333334 0.5183333333333333 0.0125 0.025
2 0.5565104166666667 0.5225 0.024479166666666666 0.03833333333333333
2 0.52109375 0.5070833333333333 0.0078125 0.010833333333333334
2 0.4934895833333333 0.5079166666666667 0.009895833333333333 0.010833333333333334
0 0.703125 0.5308333333333334 0.015625 0.07166666666666667
2 0.50703125 0.5045833333333334 0.021354166666666667 0.009166666666666667
0 0.6489583333333333 0.5354166666666667 0.013541666666666667 0.059166666666666666
2 0.44895833333333335 0.5308333333333334 0.029166666666666667 0.04
2 0.42630208333333336 0.5104166666666666 0.019270833333333334 0.015833333333333335
0 0.6356770833333333 0.5270833333333333 0.008854166666666666 0.0375
2 0.40598958333333335 0.5108333333333334 0.0265625 0.016666666666666666
2 0.5643229166666667 0.5225 0.008854166666666666 0.02666666666666667
6 0.8036458333333333 0.43916666666666665 0.010416666666666666 0.02404761904761898
