2 0.46640625 0.5491666666666667 0.17864583333333334 0.11833333333333333
2 0.37161458333333336 0.5441666666666667 0.049479166666666664 0.05
5 0.42682291666666666 0.5204166666666666 0.0296875 0.025833333333333333
2 0.3885416666666667 0.52625 0.025 0.024166666666666666
6 0.3390625 0.22333333333333333 0.020833333333333332 0.075
6 0.128125 0.16541666666666666 0.026041666666666668 0.0875
2 0.4083333333333333 0.52875 0.021875 0.035833333333333335
6 0.16614583333333333 0.16875 0.023958333333333335 0.0875
6 0.36276041666666664 0.2275 0.015104166666666667 0.07166666666666667
6 0.49322916666666666 0.25708333333333333 0.013541666666666667 0.060833333333333336
6 0.5377604166666666 0.26458333333333334 0.015104166666666667 0.059166666666666666
6 0.6130208333333333 0.27791666666666665 0.0125 0.05583333333333333
6 0.6533854166666667 0.28708333333333336 0.013020833333333334 0.049166666666666664
0 0.6234375 0.5229166666666667 0.005208333333333333 0.0425
0 0.6036458333333333 0.5333333333333333 0.010416666666666666 0.045
2 0.57265625 0.54 0.0359375 0.04666666666666667
2 0.55859375 0.5191666666666667 0.0296875 0.025
0 0.5497395833333333 0.5220833333333333 0.0067708333333333336 0.019166666666666665
6 0.6895833333333333 0.46208333333333335 0.011458333333333333 0.014166666666666666
