2 0.40911458333333334 0.5670833333333334 0.05677083333333333 0.0775
2 0.5830729166666667 0.5645833333333333 0.049479166666666664 0.05416666666666667
2 0.325 0.57875 0.07291666666666667 0.06916666666666667
6 0.5510416666666667 0.18875 0.021875 0.09416666666666666
6 0.4903645833333333 0.1725 0.021354166666666667 0.09833333333333333
6 0.29661458333333335 0.12041666666666667 0.027604166666666666 0.1075
6 0.6505208333333333 0.225 0.017708333333333333 0.07166666666666667
6 0.6994791666666667 0.23875 0.017708333333333333 0.0675
6 0.2591145833333333 0.10625 0.033854166666666664 0.11416666666666667
2 0.3671875 0.5604166666666667 0.03333333333333333 0.049166666666666664
2 0.5640625 0.5525 0.034375 0.051666666666666666
2 0.38645833333333335 0.54375 0.009375 0.019166666666666665
2 0.4388020833333333 0.5616666666666666 0.016145833333333335 0.043333333333333335
2 0.46536458333333336 0.53625 0.011979166666666667 0.014166666666666666
2 0.4791666666666667 0.5333333333333333 0.009375 0.013333333333333334
2 0.5341145833333333 0.5416666666666666 0.009895833333333333 0.023333333333333334
2 0.54375 0.5445833333333333 0.019791666666666666 0.034166666666666665
2 0.5140625 0.5320833333333334 0.007291666666666667 0.010833333333333334
2 0.49583333333333335 0.5325 0.013541666666666667 0.01
0 0.65546875 0.5479166666666667 0.009895833333333333 0.0575
2 0.496875 0.5308333333333334 0.026041666666666668 0.01
0 0.6190104166666667 0.5533333333333333 0.0109375 0.05
2 0.45 0.5525 0.023958333333333335 0.035
2 0.43020833333333336 0.535 0.011458333333333333 0.013333333333333334
0 0.596875 0.5379166666666667 0.004166666666666667 0.0075
6 0.7305208333333333 0.4714166666666666 0.011875000000000096 0.018500000000000037
