2 0.20338541666666668 0.6504166666666666 0.40677083333333336 0.28583333333333333
5 0.5807291666666666 0.58875 0.21875 0.1625
2 0.7385416666666667 0.5704166666666667 0.10104166666666667 0.0925
2 0.0375 0.6066666666666667 0.075 0.07166666666666667
2 0.07890625 0.575 0.07135416666666666 0.016666666666666666
5 0.09557291666666666 0.5779166666666666 0.07760416666666667 0.0475
2 0.7010416666666667 0.555 0.027083333333333334 0.043333333333333335
0 0.4588541666666667 0.5733333333333334 0.016666666666666666 0.07666666666666666
2 0.87890625 0.5420833333333334 0.03802083333333333 0.030833333333333334
2 0.9390625 0.535 0.020833333333333332 0.025
