2 0.13411458333333334 0.5704166666666667 0.09114583333333333 0.06916666666666667
2 0.8744791666666667 0.7520833333333333 0.25104166666666666 0.49583333333333335
2 0.32838541666666665 0.5441666666666667 0.0359375 0.041666666666666664
2 0.3815104166666667 0.53625 0.028645833333333332 0.035833333333333335
2 0.48046875 0.51875 0.0067708333333333336 0.014166666666666666
2 0.7229166666666667 0.605 0.203125 0.21333333333333335
2 0.6252604166666667 0.56875 0.090625 0.13416666666666666
5 0.5802083333333333 0.555 0.041666666666666664 0.08166666666666667
5 0.490234375 0.51375 0.012760416666666666 0.030833333333333334
2 0.46731770833333336 0.52 0.008072916666666667 0.011666666666666667
2 0.5630208333333333 0.5445833333333333 0.026041666666666668 0.06416666666666666
2 0.4453125 0.5233333333333333 0.0078125 0.014166666666666666
