2 0.11588541666666667 0.5758333333333333 0.09739583333333333 0.07666666666666666
2 0.9065104166666667 0.76625 0.18697916666666667 0.41583333333333333
2 0.3203125 0.545 0.03854166666666667 0.043333333333333335
2 0.3776041666666667 0.5354166666666667 0.030208333333333334 0.0375
2 0.48138020833333334 0.5164583333333334 0.006510416666666667 0.012916666666666667
2 0.7584635416666666 0.615 0.24557291666666667 0.24666666666666667
2 0.6403645833333333 0.5716666666666667 0.10677083333333333 0.14666666666666667
5 0.5876302083333333 0.5552083333333333 0.04921875 0.08708333333333333
5 0.490625 0.5104166666666666 0.013541666666666667 0.030833333333333334
2 0.4674479166666667 0.5175 0.008854166666666666 0.013333333333333334
2 0.5661458333333333 0.5433333333333333 0.026041666666666668 0.06916666666666667
2 0.44583333333333336 0.5216666666666666 0.010416666666666666 0.015
