2 0.05572916666666667 0.5766666666666667 0.071875 0.06166666666666667
2 0.4864583333333333 0.5270833333333333 0.014583333333333334 0.025833333333333333
2 0.50234375 0.5183333333333333 0.015104166666666667 0.023333333333333334
5 0.2890625 0.5491666666666667 0.07083333333333333 0.07166666666666667
2 0.37109375 0.5429166666666667 0.04739583333333333 0.0575
6 0.29140625 0.1075 0.022395833333333334 0.11666666666666667
6 0.12005208333333334 0.17833333333333334 0.0234375 0.08833333333333333
6 0.51328125 0.03666666666666667 0.025520833333333333 0.07333333333333333
6 0.08046875 0.3229166666666667 0.0171875 0.059166666666666666
6 0.023958333333333335 0.19166666666666668 0.0234375 0.09416666666666666
6 0.12838541666666667 0.34430555555555553 0.012326388888888883 0.05527777777777776
6 0.98203125 0.3304166666666667 0.0359375 0.06583333333333333
2 0.465625 0.5375 0.040625 0.041666666666666664
2 0.62734375 0.525 0.03802083333333333 0.03333333333333333
2 0.6875 0.5279166666666667 0.09270833333333334 0.059166666666666666
0 0.7002604166666667 0.5375 0.019270833333333334 0.08166666666666667
2 0.026822916666666665 0.6391666666666667 0.05364583333333333 0.18333333333333332
2 0.5869791666666667 0.545 0.10416666666666667 0.055
0 0.9791666666666666 0.6695833333333333 0.041666666666666664 0.2825
2 0.815625 0.5245833333333333 0.1625 0.09416666666666666
2 0.4125 0.5345833333333333 0.029166666666666667 0.035833333333333335
2 0.44479166666666664 0.5225 0.01875 0.02666666666666667
2 0.3390625 0.5445833333333333 0.03125 0.03916666666666667
2 0.9083333333333333 0.50875 0.06666666666666667 0.0725
6 0.6153645833333333 0.4631666666666666 0.006145833333333428 0.012000000000000077
2 0.3946614583333333 0.5333333333333333 0.01171875 0.02666666666666667
6 0.6072916666666667 0.4633333333333333 0.00625 0.0125
6 0.95859375 0.3458333333333333 0.0109375 0.06166666666666667
2 0.4244791666666667 0.525 0.007291666666666667 0.013333333333333334
2 0.7609375 0.50625 0.028125 0.014166666666666666
6 0.20755208333333333 0.49416666666666664 0.0036458333333333334 0.013333333333333334
