2 0.44947916666666665 0.52375 0.017708333333333333 0.024166666666666666
2 0.46770833333333334 0.5175 0.014583333333333334 0.023333333333333334
5 0.19036458333333334 0.5516666666666666 0.1046875 0.09333333333333334
2 0.31015625 0.5420833333333334 0.0609375 0.07083333333333333
6 0.009635416666666667 0.2916666666666667 0.019270833333333334 0.07
2 0.42265625 0.5333333333333333 0.033854166666666664 0.041666666666666664
2 0.5971354166666667 0.5316666666666666 0.0609375 0.043333333333333335
2 0.6765625 0.5341666666666667 0.103125 0.07
0 0.7065104166666667 0.5479166666666667 0.025520833333333333 0.09916666666666667
2 0.5015625 0.5491666666666667 0.10520833333333333 0.06
2 0.8369791666666667 0.5320833333333334 0.19166666666666668 0.11083333333333334
2 0.3640625 0.53375 0.036458333333333336 0.04083333333333333
2 0.403125 0.5204166666666666 0.020833333333333332 0.029166666666666667
2 0.2713541666666667 0.5441666666666667 0.03125 0.04833333333333333
2 0.9333333333333333 0.5179166666666667 0.04791666666666667 0.08083333333333333
6 0.5966145833333333 0.45666666666666667 0.006354166666666572 0.015
2 0.34203125 0.5314166666666668 0.018020833333333344 0.02850000000000004
6 0.5858723958333333 0.45557291666666666 0.007421875 0.014895833333333334
2 0.3838107638888889 0.5225694444444444 0.013454861111111131 0.017638888888888857
2 0.7557291666666667 0.5129166666666667 0.040625 0.019166666666666665
2 0.43671875 0.5191666666666667 0.009895833333333333 0.018333333333333333
2 0.7354166666666667 0.5345833333333333 0.034375 0.04583333333333333
7 0.6010044642857142 0.4561309523809524 0.0036458333333333334 0.013928571428571387
2 0.63515625 0.5179166666666667 0.028645833333333332 0.015833333333333335
2 0.7861979166666667 0.5508333333333333 0.10260416666666666 0.05
6 0.1203125 0.48 0.00625 0.016666666666666666
