2 0.8190104166666666 0.5308333333333334 0.18072916666666666 0.09833333333333333
2 0.15260416666666668 0.55875 0.013541666666666667 0.030833333333333334
2 0.5140625 0.5125 0.014583333333333334 0.023333333333333334
5 0.33541666666666664 0.5345833333333333 0.053125 0.059166666666666666
2 0.39921875 0.53 0.04010416666666667 0.05
6 0.35520833333333335 0.20458333333333334 0.017708333333333333 0.0875
0 0.82421875 0.58125 0.043229166666666666 0.22083333333333333
6 0.21666666666666667 0.25 0.017708333333333333 0.065
6 0.5161458333333333 0.14125 0.01875 0.1025
6 0.15369791666666668 0.3515 0.014687500000000023 0.037333333333333295
6 0.13590029761904762 0.25398809523809524 0.01644345238095239 0.0686904761904762
2 0.07630208333333334 0.5841666666666666 0.15260416666666668 0.12166666666666667
6 0.19052083333333333 0.36316666666666664 0.012708333333333321 0.04066666666666663
6 0.8186848958333334 0.388125 0.017838541666666666 0.0425
2 0.4895833333333333 0.5316666666666666 0.04895833333333333 0.041666666666666664
2 0.6169270833333333 0.5141666666666667 0.044270833333333336 0.02666666666666667
2 0.6861979166666666 0.5175 0.058854166666666666 0.051666666666666666
0 0.6791666666666667 0.52625 0.015625 0.0675
2 0.25833333333333336 0.5691666666666667 0.10416666666666667 0.1
2 0.6317708333333333 0.5316666666666666 0.08229166666666667 0.04666666666666667
0 0.80265625 0.5818333333333334 0.0384375000000001 0.20366666666666675
2 0.7645833333333333 0.5154166666666666 0.10208333333333333 0.08083333333333333
2 0.4328125 0.52375 0.023958333333333335 0.029166666666666667
2 0.46015625 0.5141666666666667 0.018229166666666668 0.025
2 0.37213541666666666 0.5320833333333334 0.024479166666666666 0.030833333333333334
2 0.8932291666666666 0.49333333333333335 0.025 0.04666666666666667
2 0.9229166666666667 0.5066666666666667 0.035416666666666666 0.07333333333333333
6 0.6123437499999999 0.46041666666666664 0.005104166666666643 0.0125
6 0.6054687499999999 0.4614166666666667 0.005520833333333286 0.0125
6 0.8509374999999999 0.05541666666666667 0.042291666666666575 0.11083333333333334
6 0.011588541666666667 0.4791666666666667 0.012760416666666666 0.018333333333333333
