2 0.38385416666666666 0.61625 0.3229166666666667 0.2275
2 0.11119791666666666 0.6133333333333333 0.1921875 0.12166666666666667
2 0.026041666666666668 0.6116666666666667 0.052083333333333336 0.07333333333333333
2 0.055989583333333336 0.5825 0.033854166666666664 0.02
5 0.7059895833333333 0.5729166666666666 0.21197916666666666 0.15083333333333335
2 0.8666666666666667 0.5575 0.11041666666666666 0.09333333333333334
2 0.2234375 0.6045833333333334 0.07083333333333333 0.08416666666666667
2 0.25442708333333336 0.565 0.06197916666666667 0.011666666666666667
5 0.2830729166666667 0.5666666666666667 0.08489583333333334 0.04666666666666667
2 0.82421875 0.5420833333333334 0.0296875 0.0375
2 0.9369791666666667 0.54375 0.053125 0.059166666666666666
0 0.6268229166666667 0.5383333333333333 0.011979166666666667 0.02666666666666667
