2 0.05859375 0.5841666666666666 0.1171875 0.145
2 0.3372395833333333 0.54125 0.09010416666666667 0.059166666666666666
2 0.12135416666666667 0.56 0.015625 0.02666666666666667
2 0.36744791666666665 0.525 0.019270833333333334 0.016666666666666666
5 0.6299479166666667 0.49041666666666667 0.1734375 0.12583333333333332
2 0.39921875 0.5233333333333333 0.018229166666666668 0.025
5 0.27291666666666664 0.5366666666666666 0.030208333333333334 0.04
6 0.30546875 0.34 0.009895833333333333 0.05
2 0.38333333333333336 0.5233333333333333 0.0125 0.016666666666666666
0 0.5369791666666667 0.5475 0.014583333333333334 0.09166666666666666
6 0.21145833333333333 0.35583333333333333 0.010416666666666666 0.03833333333333333
6 0.4015625 0.31625 0.011458333333333333 0.05583333333333333
6 0.13138020833333333 0.4033333333333333 0.009635416666666667 0.028333333333333332
6 0.15052083333333333 0.35541666666666666 0.009375 0.0425
2 0.20885416666666667 0.5525 0.05625 0.06
6 0.15208333333333332 0.41041666666666665 0.008333333333333333 0.029166666666666667
6 0.5466145833333333 0.4575 0.0046875 0.018333333333333333
2 0.43984375 0.5345833333333333 0.07239583333333334 0.0375
2 0.4869791666666667 0.5254166666666666 0.03125 0.0275
2 0.5138020833333333 0.5241666666666667 0.034895833333333334 0.03833333333333333
0 0.51484375 0.5275 0.009895833333333333 0.05
2 0.2908854166666667 0.5408333333333334 0.011979166666666667 0.03833333333333333
6 0.4758333333333333 0.47958333333333325 0.004166666666666667 0.009833333333333295
6 0.47074652777777776 0.4805555555555556 0.0046875 0.01
6 0.5653645833333333 0.27875 0.0171875 0.06583333333333333
6 0.5528645833333333 0.28958333333333336 0.018229166666666668 0.0725
6 0.053125 0.5022916666666667 0.009895833333333333 0.012916666666666667
