5 0.10208333333333333 0.6125 0.20416666666666666 0.2733333333333333
2 0.29296875 0.575 0.1453125 0.13166666666666665
2 0.2552083333333333 0.5433333333333333 0.034375 0.04666666666666667
2 0.45598958333333334 0.5258333333333334 0.03177083333333333 0.03
2 0.503125 0.5175 0.015625 0.021666666666666667
2 0.6080729166666666 0.5058333333333334 0.011979166666666667 0.016666666666666666
5 0.6263020833333334 0.49541666666666667 0.0171875 0.035833333333333335
0 0.7184895833333333 0.56875 0.0296875 0.1425
2 0.7453125 0.5733333333333334 0.11458333333333333 0.16
5 0.8763020833333334 0.6220833333333333 0.24739583333333334 0.30416666666666664
2 0.2078125 0.5654166666666667 0.06354166666666666 0.0725
2 0.575 0.5091666666666667 0.010416666666666666 0.01
2 0.6474330357142857 0.5138690476190476 0.013913690476190392 0.029880952380952314
2 0.67109375 0.5245833333333333 0.0265625 0.0675
2 0.6875 0.5345833333333333 0.03958333333333333 0.0825
2 0.6602864583333333 0.5170833333333333 0.020572916666666666 0.049166666666666664
