2 0.37135416666666665 0.6204166666666666 0.32708333333333334 0.22916666666666666
2 0.09635416666666667 0.61625 0.19270833333333334 0.1225
2 0.01640625 0.5995833333333334 0.0328125 0.04083333333333333
2 0.038802083333333334 0.58375 0.0328125 0.019166666666666665
5 0.6963541666666667 0.5758333333333333 0.2125 0.15166666666666667
2 0.8557291666666667 0.56 0.109375 0.09166666666666666
2 0.20885416666666667 0.6075 0.07291666666666667 0.085
2 0.24088541666666666 0.5658333333333333 0.06197916666666667 0.01
5 0.2708333333333333 0.56875 0.084375 0.04583333333333333
2 0.8138020833333334 0.5454166666666667 0.0296875 0.0375
2 0.9088541666666666 0.55125 0.017708333333333333 0.05416666666666667
0 0.6049479166666667 0.54375 0.0171875 0.029166666666666667
