2 0.2916666666666667 0.6366666666666667 0.36666666666666664 0.255
2 0.054427083333333334 0.6283333333333333 0.10885416666666667 0.135
5 0.640625 0.5866666666666667 0.21354166666666666 0.15666666666666668
2 0.7984375 0.57 0.10416666666666667 0.09166666666666666
2 0.12708333333333333 0.6191666666666666 0.08333333333333333 0.095
2 0.16901041666666666 0.57375 0.06510416666666667 0.0125
5 0.19244791666666666 0.5775 0.0828125 0.04666666666666667
2 0.7625 0.5433333333333333 0.021875 0.016666666666666666
2 0.7346354166666667 0.5558333333333333 0.06197916666666667 0.035
0 0.5299479166666666 0.5733333333333334 0.0171875 0.075
2 0.9513020833333333 0.5425 0.03802083333333333 0.03166666666666667
