5 0.86484375 0.6529166666666667 0.2703125 0.3441666666666667
5 0.06067708333333333 0.6604166666666667 0.12135416666666667 0.20583333333333334
2 0.23098958333333333 0.595 0.16614583333333333 0.15
2 0.14192708333333334 0.5904166666666667 0.0765625 0.0925
2 0.71953125 0.5908333333333333 0.12760416666666666 0.17166666666666666
2 0.6494791666666667 0.5491666666666667 0.0375 0.085
2 0.6440104166666667 0.5370833333333334 0.04635416666666667 0.0675
5 0.6221354166666667 0.5295833333333333 0.022395833333333334 0.0525
2 0.41510416666666666 0.5379166666666667 0.034375 0.030833333333333334
2 0.46458333333333335 0.5304166666666666 0.015625 0.0225
0 0.68671875 0.5845833333333333 0.030729166666666665 0.1525
5 0.5888020833333333 0.5079166666666667 0.015104166666666667 0.034166666666666665
2 0.5354166666666667 0.5220833333333333 0.010416666666666666 0.010833333333333334
2 0.5697916666666667 0.5180555555555555 0.011111111111111072 0.015
2 0.5505208333333333 0.5204166666666666 0.00625 0.0075
2 0.7018229166666666 0.5108333333333334 0.050520833333333334 0.023333333333333334
2 0.60390625 0.5222916666666667 0.007291666666666667 0.020416666666666666
2 0.6104166666666668 0.5275 0.01111111111111119 0.035
2 0.56171875 0.51875 0.0036458333333333334 0.005833333333333334
2 0.5791666666666667 0.5183333333333333 0.004166666666666667 0.011666666666666667
