2 0.45807291666666666 0.52 0.018229166666666668 0.025
2 0.47604166666666664 0.5141666666666667 0.014583333333333334 0.023333333333333334
5 0.20989583333333334 0.5470833333333334 0.09791666666666667 0.08916666666666667
2 0.32317708333333334 0.5375 0.058854166666666666 0.07
6 0.0328125 0.30041666666666667 0.01875 0.0675
2 0.4317708333333333 0.53 0.035416666666666666 0.041666666666666664
2 0.60390625 0.5270833333333333 0.0609375 0.0425
2 0.6802083333333333 0.5291666666666667 0.10104166666666667 0.07
0 0.7078125 0.5404166666666667 0.023958333333333335 0.09416666666666666
2 0.5171875 0.5454166666666667 0.10520833333333333 0.059166666666666666
2 0.8356770833333333 0.5258333333333334 0.1859375 0.10833333333333334
2 0.375 0.5304166666666666 0.035416666666666666 0.04083333333333333
2 0.41171875 0.5166666666666667 0.0203125 0.028333333333333332
2 0.28619791666666666 0.5391666666666667 0.0359375 0.043333333333333335
2 0.9330729166666667 0.5104166666666666 0.050520833333333334 0.07916666666666666
6 0.6026475694444444 0.4547916666666666 0.0058159722222221434 0.014861111111111047
2 0.3528645833333333 0.5288888888888889 0.016840277777777798 0.028333333333333332
6 0.5923177083333333 0.4532291666666667 0.00703125 0.013958333333333333
2 0.3927083333333333 0.5202083333333334 0.0125 0.017083333333333332
2 0.7619791666666667 0.5070833333333333 0.036458333333333336 0.0175
2 0.44505208333333335 0.515 0.009895833333333333 0.018333333333333333
2 0.7385416666666667 0.52875 0.034375 0.04583333333333333
7 0.6068080357142857 0.45345238095238094 0.0036458333333333334 0.013571428571428517
2 0.64140625 0.5129166666666667 0.024479166666666666 0.015833333333333335
6 0.13763020833333334 0.47979166666666667 0.00546875 0.015416666666666667
