2 0.03125 0.6783333333333333 0.0625 0.09166666666666666
5 0.8276041666666667 0.7370833333333333 0.34479166666666666 0.45416666666666666
2 0.6453125 0.6520833333333333 0.09479166666666666 0.1475
2 0.26848958333333334 0.6154166666666666 0.0484375 0.04583333333333333
2 0.60859375 0.62875 0.0765625 0.1325
2 0.38697916666666665 0.5916666666666667 0.021875 0.025
2 0.41822916666666665 0.585 0.01875 0.021666666666666667
2 0.48203125 0.5766666666666667 0.009895833333333333 0.015
2 0.5721354166666667 0.6020833333333333 0.03802083333333333 0.07916666666666666
2 0.5536458333333333 0.5966666666666667 0.023958333333333335 0.065
5 0.5458333333333333 0.5895833333333333 0.019791666666666666 0.04583333333333333
5 0.49505208333333334 0.5670833333333334 0.015104166666666667 0.029166666666666667
2 0.44114583333333335 0.5816666666666667 0.009375 0.011666666666666667
2 0.4744791666666667 0.575 0.00625 0.01
