5 0.725 0.5970833333333333 0.2520833333333333 0.2525
2 0.06276041666666667 0.5908333333333333 0.12552083333333333 0.09
2 0.28203125 0.54125 0.0390625 0.04083333333333333
5 0.48802083333333335 0.5020833333333333 0.0125 0.0275
2 0.3880208333333333 0.5220833333333333 0.019791666666666666 0.0225
2 0.4734375 0.51125 0.009375 0.014166666666666666
2 0.41640625 0.5175 0.0171875 0.02
2 0.5947916666666667 0.5675 0.05520833333333333 0.105
2 0.5815104166666667 0.5433333333333333 0.06302083333333333 0.08666666666666667
2 0.55234375 0.5341666666666667 0.0296875 0.06833333333333333
2 0.5416666666666666 0.5304166666666666 0.014583333333333334 0.059166666666666666
2 0.5299479166666666 0.5225 0.019270833333333334 0.043333333333333335
2 0.5344618055555554 0.5297222222222222 0.012673611111111071 0.05
2 0.46119791666666665 0.5158333333333334 0.0036458333333333334 0.005
2 0.43411458333333336 0.5158333333333334 0.008854166666666666 0.01
2 0.4661458333333333 0.5104166666666666 0.00625 0.0075
