2 0.02109375 0.6429166666666667 0.0421875 0.09416666666666666
5 0.8341145833333333 0.7404166666666666 0.33177083333333335 0.5191666666666667
2 0.65625 0.6358333333333334 0.11666666666666667 0.155
2 0.26197916666666665 0.5866666666666667 0.05 0.045
2 0.6114583333333333 0.5954166666666667 0.07916666666666666 0.11083333333333334
2 0.38359375 0.5658333333333333 0.0203125 0.025
2 0.41458333333333336 0.5595833333333333 0.01875 0.0225
2 0.47994791666666664 0.5529166666666666 0.009895833333333333 0.015833333333333335
2 0.57421875 0.5804166666666667 0.04114583333333333 0.0825
2 0.5529947916666667 0.5729166666666666 0.026302083333333334 0.06583333333333333
5 0.5450520833333333 0.5691666666666667 0.022395833333333334 0.05
5 0.4928385416666667 0.5416666666666666 0.014322916666666666 0.029166666666666667
2 0.43854166666666666 0.555 0.009375 0.011666666666666667
2 0.471875 0.5508333333333333 0.00625 0.011666666666666667
