2 0.3859375 0.6158333333333333 0.32083333333333336 0.22666666666666666
2 0.11223958333333334 0.6129166666666667 0.19322916666666667 0.12083333333333333
2 0.028125 0.6108333333333333 0.05625 0.07333333333333333
2 0.05703125 0.58125 0.033854166666666664 0.019166666666666665
5 0.70703125 0.5725 0.21197916666666666 0.15166666666666667
2 0.8674479166666667 0.5566666666666666 0.10989583333333333 0.09333333333333334
2 0.22447916666666667 0.6041666666666666 0.07083333333333333 0.08333333333333333
2 0.25625 0.5645833333333333 0.06354166666666666 0.0125
5 0.28411458333333334 0.56625 0.08489583333333334 0.0475
2 0.8252604166666667 0.54125 0.0296875 0.0375
2 0.9408854166666667 0.5429166666666667 0.0578125 0.059166666666666666
0 0.6291666666666667 0.53625 0.011458333333333333 0.025833333333333333
