2 0.9057291666666667 0.7116666666666667 0.18854166666666666 0.38
2 0.66953125 0.5808333333333333 0.09427083333333333 0.13
2 0.6268229166666667 0.5591666666666667 0.0578125 0.095
5 0.5947916666666667 0.5466666666666666 0.03854166666666667 0.065
2 0.33932291666666664 0.5575 0.04114583333333333 0.03666666666666667
2 0.40338541666666666 0.545 0.018229166666666668 0.025
0 0.903125 0.73625 0.1 0.43083333333333335
5 0.5375 0.5225 0.013541666666666667 0.03
2 0.03802083333333333 0.6070833333333333 0.07604166666666666 0.1075
2 0.46979166666666666 0.535 0.0125 0.013333333333333334
2 0.5197916666666667 0.53125 0.010416666666666666 0.014166666666666666
2 0.4890625 0.5329166666666667 0.005208333333333333 0.009166666666666667
2 0.7872395833333333 0.6141666666666666 0.21197916666666666 0.21666666666666667
2 0.575 0.55 0.007291666666666667 0.035
2 0.57421875 0.5420833333333334 0.0171875 0.03916666666666667
2 0.5604166666666667 0.5375 0.008333333333333333 0.028333333333333332
2 0.5665104166666667 0.5409166666666667 0.01427083333333338 0.0375
2 0.5111979166666667 0.5320833333333334 0.0036458333333333334 0.005833333333333334
2 0.5270833333333333 0.5316666666666666 0.005208333333333333 0.008333333333333333
2 0.4822916666666667 0.5358333333333334 0.005208333333333333 0.008333333333333333
2 0.5135416666666667 0.5308333333333334 0.003125 0.005
