2 0.44583333333333336 0.54375 0.11458333333333333 0.06583333333333333
2 0.12864583333333332 0.5691666666666667 0.09375 0.04833333333333333
5 0.7986979166666667 0.44375 0.19322916666666667 0.0675
5 0.3223958333333333 0.5416666666666666 0.029166666666666667 0.043333333333333335
2 0.37473958333333335 0.53625 0.027604166666666666 0.0375
6 0.35078125 0.3258333333333333 0.009895833333333333 0.04666666666666667
0 0.6184895833333334 0.5529166666666666 0.019270833333333334 0.1075
6 0.25052083333333336 0.34458333333333335 0.011458333333333333 0.0425
6 0.4552083333333333 0.28958333333333336 0.0125 0.059166666666666666
6 0.17566964285714282 0.3988690476190477 0.011309523809523814 0.031785714285714306
6 0.18802083333333333 0.3430555555555555 0.009375 0.05222222222222224
2 0.23463541666666668 0.5620833333333334 0.07135416666666666 0.07083333333333333
6 0.20052083333333334 0.4083333333333333 0.009375 0.03333333333333333
6 0.6260416666666667 0.44916666666666666 0.00625 0.02
2 0.49583333333333335 0.5379166666666667 0.041666666666666664 0.0375
2 0.5479166666666667 0.52625 0.0375 0.030833333333333334
2 0.58671875 0.5241666666666667 0.050520833333333334 0.043333333333333335
0 0.5825520833333333 0.5279166666666667 0.0109375 0.0525
2 0.34348958333333335 0.5470833333333334 0.03802083333333333 0.04416666666666667
2 0.59296875 0.53125 0.03697916666666667 0.0375
0 0.6138020833333333 0.5547500000000001 0.020937499999999904 0.1075
2 0.66640625 0.5170833333333333 0.05260416666666667 0.0575
2 0.02743055555555556 0.5729166666666665 0.05486111111111112 0.05861111111111105
6 0.539453125 0.47833333333333333 0.0049479166666666664 0.010833333333333334
6 0.5334201388888888 0.47861111111111115 0.004687499999999941 0.01
6 0.6515625 0.22791666666666666 0.020833333333333332 0.07916666666666666
6 0.6328125 0.24888888888888885 0.020833333333333332 0.0888888888888889
6 0.08862847222222223 0.5040277777777779 0.009895833333333333 0.013055555555555619
