2 0.7479166666666667 0.57625 0.21666666666666667 0.10583333333333333
2 0.5768229166666666 0.5408333333333334 0.044270833333333336 0.05333333333333334
5 0.42630208333333336 0.5129166666666667 0.0453125 0.0825
2 0.5651041666666666 0.5295833333333333 0.036458333333333336 0.050833333333333335
2 0.5541666666666667 0.5229166666666667 0.035416666666666666 0.030833333333333334
2 0.5325520833333334 0.5145833333333333 0.0109375 0.010833333333333334
2 0.5151041666666667 0.5125 0.010416666666666666 0.015
2 0.4830729166666667 0.5141666666666667 0.0109375 0.015
2 0.48984375 0.5120833333333333 0.008854166666666666 0.0125
2 0.39921875 0.5195833333333333 0.016145833333333335 0.024166666666666666
2 0.4947916666666667 0.5091666666666667 0.004166666666666667 0.008333333333333333
2 0.503125 0.5075 0.0125 0.008333333333333333
2 0.5229166666666667 0.5075 0.005208333333333333 0.006666666666666667
2 0.5595486111111111 0.522361111111111 0.03333333333333333 0.04527777777777781
2 0.4510416666666667 0.51375 0.004166666666666667 0.010833333333333334
2 0.47708333333333336 0.51125 0.008333333333333333 0.0125
