5 0.45546875 0.51 0.03177083333333333 0.06166666666666667
2 0.565625 0.5345833333333333 0.029166666666666667 0.0375
2 0.012760416666666666 0.6820833333333334 0.025520833333333333 0.13583333333333333
2 0.9125 0.7783333333333333 0.175 0.44333333333333336
2 0.15625 0.595 0.21145833333333333 0.20333333333333334
2 0.7620659722222222 0.6372222222222222 0.23362268518518522 0.2431481481481482
2 0.28639322916666665 0.5839166666666668 0.07299479166666668 0.10541666666666667
2 0.6648307291666666 0.5846458333333334 0.10549479166666677 0.15054166666666674
2 0.60859375 0.55125 0.0421875 0.0525
2 0.5409722222222223 0.5155555555555557 0.009722222222222143 0.011666666666666667
2 0.5445963541666665 0.5231875 0.007734374999999952 0.02404166666666659
2 0.5565625 0.5251874999999999 0.023333333333333428 0.038125
2 0.5593229166666667 0.5284166666666666 0.023854166666666763 0.03649999999999996
2 0.5023177083333333 0.5132500000000001 0.030208333333333334 0.015833333333333335
2 0.43273809523809526 0.5157738095238095 0.015625 0.020833333333333332
2 0.5273437499999999 0.51375 0.011631944444444405 0.015833333333333335
