2 0.10234375 0.66875 0.2046875 0.2075
2 0.24010416666666667 0.6070833333333333 0.12083333333333333 0.12583333333333332
2 0.31666666666666665 0.5825 0.075 0.08833333333333333
2 0.40625 0.5479166666666667 0.04375 0.05416666666666667
2 0.8752604166666667 0.7808333333333334 0.24947916666666667 0.43833333333333335
2 0.73984375 0.61125 0.19739583333333333 0.21083333333333334
2 0.6325520833333333 0.57625 0.06927083333333334 0.10083333333333333
2 0.5994791666666667 0.5645833333333333 0.036458333333333336 0.07416666666666667
2 0.5856770833333333 0.5441666666666667 0.0390625 0.06
2 0.49947916666666664 0.5270833333333333 0.017708333333333333 0.025833333333333333
5 0.5557291666666667 0.52375 0.021875 0.030833333333333334
5 0.45234375 0.5291666666666667 0.030729166666666665 0.043333333333333335
5 0.4661458333333333 0.5270833333333333 0.0125 0.03916666666666667
2 0.47760416666666666 0.5291666666666667 0.009375 0.021666666666666667
5 0.48020833333333335 0.5266666666666666 0.013541666666666667 0.023333333333333334
5 0.49140625 0.5204166666666666 0.009895833333333333 0.025833333333333333
2 0.5411458333333333 0.5254166666666666 0.008333333333333333 0.024166666666666666
2 0.534375 0.5266666666666666 0.00625 0.013333333333333334
2 0.5109375 0.5220833333333333 0.010416666666666666 0.009166666666666667
5 0.5208333333333334 0.505 0.014583333333333334 0.006666666666666667
2 0.5377604166666666 0.5279166666666667 0.0046875 0.0175
2 0.5294270833333333 0.5228333333333334 0.0109375 0.014666666666666685
