2 0.97109375 0.655 0.0578125 0.49333333333333335
2 0.090625 0.6720833333333334 0.18125 0.2675
5 0.4661458333333333 0.5179166666666667 0.028125 0.05416666666666667
2 0.5622395833333333 0.5345833333333333 0.025520833333333333 0.030833333333333334
2 0.2234375 0.6208333333333333 0.12291666666666666 0.135
2 0.7197916666666667 0.6029166666666667 0.18645833333333334 0.20583333333333334
2 0.3171875 0.5720833333333334 0.0875 0.11083333333333334
2 0.6203125 0.57 0.06145833333333333 0.115
2 0.37057291666666664 0.5704166666666667 0.03177083333333333 0.0675
2 0.5971354166666667 0.5554166666666667 0.030729166666666665 0.09083333333333334
2 0.58046875 0.55 0.011979166666666667 0.021666666666666667
2 0.5450520833333333 0.5258333333333334 0.005729166666666666 0.018333333333333333
2 0.5541666666666667 0.5241666666666667 0.017708333333333333 0.03
2 0.5572916666666666 0.5275 0.019791666666666666 0.028333333333333332
2 0.5083333333333333 0.51875 0.030208333333333334 0.015833333333333335
2 0.44505208333333335 0.52375 0.011979166666666667 0.020833333333333332
2 0.5301215277777778 0.49645833333333333 0.010069444444444464 0.00597222222222219
2 0.5393229166666667 0.5179166666666667 0.013020833333333334 0.015833333333333335
