2 0.07291666666666667 0.5945833333333334 0.14583333333333334 0.2941666666666667
2 0.20364583333333333 0.56 0.14270833333333333 0.16666666666666666
2 0.6393229166666666 0.54625 0.1140625 0.1375
2 0.33203125 0.5583333333333333 0.07447916666666667 0.08333333333333333
5 0.4518229166666667 0.5154166666666666 0.021354166666666667 0.04416666666666667
2 0.5268229166666667 0.5266666666666666 0.0171875 0.023333333333333334
2 0.3723958333333333 0.55375 0.022916666666666665 0.0575
2 0.5645833333333333 0.5416666666666666 0.042708333333333334 0.07833333333333334
2 0.3888020833333333 0.54 0.03697916666666667 0.058333333333333334
2 0.542734375 0.5358333333333334 0.013489583333333381 0.05533333333333332
2 0.4086458333333333 0.5420416666666666 0.010520833333333358 0.03941666666666663
2 0.5353385416666666 0.5336458333333335 0.008906249999999834 0.051541666666666874
2 0.5183463541666666 0.5182083333333334 0.01065104166666669 0.023999999999999962
2 0.5244791666666667 0.5208333333333334 0.014583333333333334 0.021666666666666667
2 0.4826078869047618 0.5139880952380954 0.027120535714285646 0.015833333333333335
2 0.43173828125 0.5198697916666667 0.009830729166666666 0.016197916666666666
2 0.514453125 0.514375 0.007343750000000012 0.01425000000000002
