2 0.05390625 0.6133333333333333 0.1078125 0.26666666666666666
2 0.7916666666666666 0.6105555555555554 0.2916666666666667 0.2916666666666667
2 0.24947916666666667 0.6058333333333333 0.13229166666666667 0.13
5 0.46171875 0.5283333333333333 0.0265625 0.05
2 0.546875 0.5408333333333334 0.022916666666666665 0.02666666666666667
2 0.32760416666666664 0.5908333333333333 0.04791666666666667 0.08166666666666667
2 0.61015625 0.5716666666666667 0.07864583333333333 0.11666666666666667
2 0.36302083333333335 0.56625 0.05520833333333333 0.0775
2 0.5685677083333333 0.5595833333333335 0.024843750000000143 0.07566666666666673
2 0.39110677083333345 0.5682083333333332 0.017317708333333334 0.050749999999999885
2 0.5584635416666667 0.5540833333333332 0.018489583333333334 0.06908333333333322
2 0.5318359375000001 0.5307708333333334 0.013359375000000047 0.023625000000000115
2 0.5424479166666667 0.5345833333333333 0.018229166666666668 0.025833333333333333
2 0.49428385416666676 0.5280000000000001 0.02986979166666674 0.015833333333333335
2 0.44036458333333334 0.535 0.013020833333333334 0.016666666666666666
2 0.5315104166666667 0.52625 0.008854166666666666 0.015833333333333335
