5 0.5895833333333333 0.5320833333333334 0.0625 0.08416666666666667
5 0.12526041666666668 0.5991666666666666 0.25052083333333336 0.25
5 0.2830729166666667 0.55375 0.1078125 0.1525
2 0.38828125 0.5445833333333333 0.04739583333333333 0.05583333333333333
5 0.41822916666666665 0.53375 0.026041666666666668 0.04416666666666667
5 0.46015625 0.5170833333333333 0.0203125 0.04083333333333333
2 0.5484375 0.5333333333333333 0.026041666666666668 0.056666666666666664
2 0.5260416666666666 0.5266666666666666 0.013541666666666667 0.021666666666666667
2 0.4864583333333333 0.5183333333333333 0.026041666666666668 0.016666666666666666
2 0.5346354166666667 0.5316666666666666 0.0109375 0.041666666666666664
0 0.8455729166666667 0.5304166666666666 0.0359375 0.12416666666666666
2 0.8903645833333333 0.5133333333333333 0.0765625 0.07666666666666666
0 0.9385416666666667 0.515 0.01875 0.08833333333333333
2 0.9486979166666667 0.5216666666666666 0.10260416666666666 0.06833333333333333
2 0.44036458333333334 0.5233333333333333 0.013020833333333334 0.016666666666666666
5 0.3380208333333333 0.5383333333333333 0.042708333333333334 0.09833333333333333
2 0.4114583333333333 0.54375 0.0125 0.03916666666666667
2 0.5234375 0.52375 0.013541666666666667 0.0225
2 0.43072916666666666 0.5354166666666667 0.009375 0.0375
0 0.9807291666666667 0.51125 0.016666666666666666 0.030833333333333334
2 0.515234375 0.52 0.015711805555555593 0.0225
