2 0.096875 0.5766666666666667 0.19375 0.22666666666666666
2 0.654050925925926 0.553611111111111 0.1538194444444444 0.1772222222222222
2 0.27682291666666664 0.5641666666666667 0.0953125 0.1
5 0.4309895833333333 0.5079166666666667 0.024479166666666666 0.04583333333333333
2 0.5091145833333334 0.52 0.018229166666666668 0.025
2 0.33046875 0.5558333333333333 0.03177083333333333 0.06666666666666667
2 0.5552083333333333 0.5404166666666667 0.053125 0.09083333333333334
2 0.3541666666666667 0.5383333333333333 0.04479166666666667 0.065
2 0.5282552083333333 0.5343333333333333 0.014427083333333358 0.0626666666666666
2 0.37962239583333335 0.5422083333333334 0.013151041666666667 0.04275000000000015
2 0.5217968749999999 0.5348541666666665 0.010052083333333428 0.056875
2 0.5037239583333334 0.5151874999999999 0.011770833333333404 0.024124999999999848
2 0.5069155092592593 0.5152777777777777 0.016261574074074046 0.023518518518518477
2 0.4664192708333333 0.5107499999999999 0.029817708333333335 0.015833333333333335
2 0.41111111111111115 0.5155208333333334 0.011371527777777739 0.017013888888888953
2 0.49733796296296295 0.5079629629629628 0.008333333333333333 0.015185185185185144
