2 0.2916666666666667 0.5920833333333333 0.10625 0.1025
2 0.7479166666666667 0.6458333333333334 0.22083333333333333 0.21333333333333335
2 0.35130208333333335 0.5691666666666667 0.05572916666666667 0.07333333333333333
2 0.38515625 0.5608333333333333 0.03802083333333333 0.06
2 0.4296875 0.5408333333333334 0.03333333333333333 0.043333333333333335
2 0.659375 0.59125 0.090625 0.12416666666666666
2 0.625 0.5616666666666666 0.07604166666666666 0.105
2 0.58515625 0.5533333333333333 0.027604166666666666 0.065
2 0.5739583333333333 0.5483333333333333 0.019791666666666666 0.05333333333333334
2 0.5713541666666667 0.5366666666666666 0.028125 0.04666666666666667
2 0.5052083333333334 0.525 0.014583333333333334 0.02
5 0.5536458333333333 0.5204166666666666 0.019791666666666666 0.0275
5 0.4622395833333333 0.52625 0.025520833333333333 0.0375
5 0.475 0.5241666666666667 0.010416666666666666 0.035
2 0.48359375 0.5258333333333334 0.008854166666666666 0.02
5 0.48854166666666665 0.525 0.007291666666666667 0.02
5 0.49609375 0.5183333333333333 0.009895833333333333 0.025
2 0.5411458333333333 0.5225 0.008333333333333333 0.021666666666666667
2 0.5354166666666667 0.5233333333333333 0.00625 0.013333333333333334
2 0.5153645833333333 0.5195833333333333 0.008854166666666666 0.0075
2 0.53203125 0.520625 0.009895833333333333 0.01375
