2 0.04505208333333333 0.7825 0.09010416666666667 0.435
5 0.5796875 0.51125 0.052083333333333336 0.07083333333333333
5 0.24375 0.5529166666666666 0.16770833333333332 0.1675
5 0.33671875 0.525 0.07552083333333333 0.115
2 0.40729166666666666 0.5225 0.03958333333333333 0.04666666666666667
5 0.4315104166666667 0.51375 0.021354166666666667 0.03916666666666667
5 0.46536458333333336 0.4995833333333333 0.019270833333333334 0.03916666666666667
2 0.5450520833333333 0.5129166666666667 0.021354166666666667 0.049166666666666664
2 0.5270833333333333 0.5083333333333333 0.0125 0.02
2 0.4895833333333333 0.5008333333333334 0.025 0.016666666666666666
2 0.534375 0.51125 0.009375 0.0375
0 0.7703125 0.5095833333333334 0.025 0.09583333333333334
2 0.81953125 0.49541666666666667 0.0765625 0.06416666666666666
0 0.8463541666666666 0.4975 0.023958333333333335 0.06833333333333333
2 0.8856770833333333 0.50125 0.11510416666666666 0.0575
2 0.44557291666666665 0.505 0.0109375 0.015
5 0.37135416666666665 0.5166666666666667 0.026041666666666668 0.08
2 0.42630208333333336 0.5216666666666666 0.008854166666666666 0.03333333333333333
2 0.5255208333333333 0.50625 0.0125 0.0225
2 0.44166666666666665 0.5191666666666667 0.007291666666666667 0.028333333333333332
0 0.8921875 0.49416666666666664 0.0125 0.025
2 0.5164583333333334 0.5045 0.01416666666666669 0.019333333333333372
