2 0.3690104166666667 0.5741666666666667 0.11302083333333333 0.13166666666666665
5 0.5669270833333333 0.5195833333333333 0.0421875 0.0575
5 0.32760416666666664 0.545 0.09166666666666666 0.11166666666666666
5 0.3828125 0.49916666666666665 0.04375 0.023333333333333334
2 0.42526041666666664 0.52875 0.0265625 0.0375
5 0.44296875 0.5225 0.018229166666666668 0.03333333333333333
5 0.46848958333333335 0.51 0.018229166666666668 0.03666666666666667
2 0.5393229166666667 0.5216666666666666 0.0171875 0.04
2 0.5252604166666667 0.5195833333333333 0.0109375 0.019166666666666665
2 0.48932291666666666 0.51375 0.0234375 0.0125
2 0.5309895833333333 0.52125 0.0078125 0.0325
0 0.7080729166666667 0.5170833333333333 0.0203125 0.07416666666666667
2 0.99140625 0.7870833333333334 0.0171875 0.1225
2 0.7580729166666667 0.5075 0.0578125 0.051666666666666666
0 0.7609375 0.5083333333333333 0.0125 0.055
2 0.7885416666666667 0.5125 0.052083333333333336 0.045
2 0.45026041666666666 0.5158333333333334 0.008854166666666666 0.013333333333333334
5 0.40182291666666664 0.50125 0.0067708333333333336 0.019166666666666665
2 0.43723958333333335 0.5291666666666667 0.008854166666666666 0.03
2 0.5236979166666667 0.5166666666666667 0.011979166666666667 0.02
2 0.45 0.5291666666666667 0.004166666666666667 0.021666666666666667
0 0.8096354166666667 0.5091666666666667 0.0067708333333333336 0.023333333333333334
2 0.5159375 0.5143333333333334 0.013125000000000024 0.01866666666666674
