2 0.7328125 0.5708333333333333 0.20208333333333334 0.09666666666666666
2 0.57578125 0.5408333333333334 0.04114583333333333 0.05333333333333334
5 0.42890625 0.5129166666666667 0.044270833333333336 0.0825
2 0.5643229166666667 0.5291666666666667 0.0359375 0.05
2 0.553125 0.5233333333333333 0.03333333333333333 0.03166666666666667
2 0.53359375 0.5145833333333333 0.013020833333333334 0.010833333333333334
2 0.5151041666666667 0.5125 0.010416666666666666 0.015
2 0.48359375 0.5141666666666667 0.009895833333333333 0.015
2 0.490625 0.5129166666666667 0.007291666666666667 0.0125
2 0.40208333333333335 0.5204166666666666 0.017708333333333333 0.025833333333333333
2 0.49557291666666664 0.51 0.005729166666666666 0.006666666666666667
2 0.5038194444444444 0.5075 0.0125 0.008333333333333333
2 0.5234375 0.5091666666666667 0.00625 0.006666666666666667
2 0.558984375 0.5221875 0.03333333333333333 0.044375
2 0.45234375 0.5141666666666667 0.0036458333333333334 0.01
2 0.4776909722222223 0.511388888888889 0.0078125 0.011666666666666667
