2 0.9578125 0.49 0.084375 0.051666666666666666
2 0.228125 0.5329166666666667 0.08229166666666667 0.06416666666666666
2 0.5010416666666667 0.485 0.0125 0.016666666666666666
2 0.8364583333333333 0.4658333333333333 0.04375 0.03
2 0.016927083333333332 0.5645833333333333 0.033854166666666664 0.14416666666666667
2 0.3541666666666667 0.5166666666666667 0.052083333333333336 0.05
2 0.3533854166666667 0.49041666666666667 0.0234375 0.0075
2 0.5153645833333333 0.485 0.0078125 0.011666666666666667
5 0.6947916666666667 0.5575 0.19479166666666667 0.19333333333333333
2 0.4822916666666667 0.48541666666666666 0.010416666666666666 0.0125
2 0.440625 0.49333333333333335 0.01875 0.023333333333333334
2 0.5861979166666667 0.4895833333333333 0.050520833333333334 0.0325
6 0.48776041666666664 0.42333333333333334 0.0078125 0.005
6 0.5122395833333333 0.4245833333333333 0.008854166666666666 0.005833333333333334
5 0.2501302083333333 0.4859375 0.028125 0.016458333333333332
2 0.2911458333333333 0.485 0.011458333333333333 0.016666666666666666
