2 0.25885416666666666 0.5579166666666666 0.10104166666666667 0.09083333333333334
2 0.7513020833333334 0.5004166666666666 0.0578125 0.03916666666666667
2 0.43802083333333336 0.5041666666666667 0.011458333333333333 0.016666666666666666
2 0.5083333333333333 0.4970833333333333 0.013541666666666667 0.019166666666666665
2 0.7072916666666667 0.48833333333333334 0.022916666666666665 0.03666666666666667
2 0.4231770833333333 0.5066666666666667 0.0203125 0.025
2 0.46484375 0.5020833333333333 0.0140625 0.0175
2 0.45260416666666664 0.5004166666666666 0.010416666666666666 0.014166666666666666
2 0.5221354166666666 0.4945833333333333 0.0078125 0.010833333333333334
2 0.3734375 0.52125 0.03125 0.0325
5 0.9463541666666667 0.7629166666666667 0.10729166666666666 0.38083333333333336
2 0.4984375 0.4945833333333333 0.008333333333333333 0.014166666666666666
2 0.478125 0.49666666666666665 0.008333333333333333 0.011666666666666667
2 0.59765625 0.49291666666666667 0.016145833333333335 0.019166666666666665
6 0.49921875 0.44625 0.0078125 0.004166666666666667
6 0.5174479166666667 0.44708333333333333 0.0078125 0.004166666666666667
