2 0.36380208333333336 0.52875 0.0359375 0.034166666666666665
2 0.42734375 0.5241666666666667 0.0234375 0.028333333333333332
2 0.6059895833333333 0.5166666666666667 0.050520833333333334 0.03
2 0.46015625 0.5079166666666667 0.0067708333333333336 0.014166666666666666
2 0.5106770833333333 0.5079166666666667 0.0140625 0.020833333333333332
2 0.67109375 0.5008333333333334 0.021354166666666667 0.03
2 0.45338541666666665 0.5095833333333334 0.013020833333333334 0.0175
2 0.4783854166666667 0.5066666666666667 0.009895833333333333 0.013333333333333334
2 0.46901041666666665 0.5066666666666667 0.0078125 0.01
2 0.5244791666666667 0.5045833333333334 0.008333333333333333 0.010833333333333334
2 0.06354166666666666 0.51375 0.052083333333333336 0.035833333333333335
