2 0.9856770833333334 0.8383333333333334 0.028645833333333332 0.3233333333333333
0 0.9861979166666667 0.61625 0.027604166666666666 0.19583333333333333
5 0.5122395833333333 0.5075 0.0140625 0.011666666666666667
2 0.5269270833333334 0.5082916666666666 0.0078125 0.007749999999999962
2 0.6517708333333333 0.505 0.022083333333333382 0.02533333333333341
2 0.5203125 0.52125 0.046875 0.024166666666666666
2 0.4856770833333333 0.5083333333333333 0.0078125 0.01
2 0.4671875 0.5091666666666667 0.009375 0.013333333333333334
2 0.4609375 0.5170833333333333 0.014583333333333334 0.0175
2 0.48098958333333336 0.5070833333333333 0.0203125 0.014166666666666666
2 0.43333333333333335 0.5191666666666667 0.016666666666666666 0.018333333333333333
5 0.12864583333333332 0.5154166666666666 0.030208333333333334 0.030833333333333334
2 0.08854166666666667 0.5258333333333334 0.023958333333333335 0.013333333333333334
