2 0.10234375 0.60375 0.2046875 0.15583333333333332
2 0.7802083333333333 0.505 0.052083333333333336 0.04
2 0.42942708333333335 0.51 0.0140625 0.018333333333333333
2 0.50703125 0.50125 0.013020833333333334 0.019166666666666665
2 0.7130208333333333 0.4925 0.028125 0.035
2 0.4127604166666667 0.5120833333333333 0.022395833333333334 0.0275
2 0.4591145833333333 0.5075 0.015104166666666667 0.018333333333333333
2 0.446875 0.50625 0.010416666666666666 0.014166666666666666
2 0.5208333333333334 0.49875 0.008333333333333333 0.010833333333333334
2 0.34817708333333336 0.5291666666666667 0.03802083333333333 0.04
5 0.92578125 0.7129166666666666 0.1484375 0.3875
2 0.4953125 0.5 0.009375 0.013333333333333334
2 0.47578125 0.5016666666666667 0.009895833333333333 0.013333333333333334
2 0.59921875 0.5004166666666666 0.0171875 0.0225
6 0.49713541666666666 0.44958333333333333 0.0078125 0.004166666666666667
6 0.5169270833333334 0.45 0.0078125 0.005
0 0.3826822916666667 0.5083333333333333 0.004427083333333333 0.0175
