2 0.3763020833333333 0.525 0.0328125 0.03166666666666667
2 0.43255208333333334 0.5204166666666666 0.022395833333333334 0.0275
2 0.5997395833333333 0.5170833333333333 0.05677083333333333 0.029166666666666667
2 0.4622395833333333 0.5066666666666667 0.0067708333333333336 0.013333333333333334
2 0.5106770833333333 0.5075 0.0140625 0.02
2 0.6684895833333333 0.4995833333333333 0.022395833333333334 0.0275
2 0.4546875 0.5083333333333333 0.0125 0.016666666666666666
2 0.47942708333333334 0.50625 0.009895833333333333 0.0125
2 0.4700520833333333 0.505 0.0078125 0.01
2 0.525 0.5033333333333333 0.008333333333333333 0.011666666666666667
0 0.008333333333333333 0.5495833333333333 0.016666666666666666 0.06583333333333333
2 0.07252604166666667 0.5110416666666666 0.05234375 0.03333333333333333
