2 0.9104166666666667 0.6816666666666666 0.17916666666666667 0.42333333333333334
0 0.6080729166666666 0.56125 0.0515625 0.13583333333333333
2 0.015625 0.5691666666666667 0.03125 0.051666666666666666
2 0.10364583333333334 0.6116666666666667 0.20729166666666668 0.16833333333333333
5 0.519110576923077 0.5088141025641025 0.020673076923076947 0.030448717948717955
2 0.5337239583333333 0.5039583333333333 0.01015625 0.01375
2 0.6442708333333333 0.49440476190476196 0.015625 0.019047619047619074
2 0.47942708333333334 0.50875 0.0171875 0.0225
2 0.46484375 0.5041666666666667 0.009895833333333333 0.011666666666666667
5 0.15885416666666666 0.5025 0.027083333333333334 0.03
0 0.03723958333333333 0.53125 0.0234375 0.059166666666666666
