2 0.38515625 0.5129166666666667 0.025520833333333333 0.025833333333333333
2 0.4986979166666667 0.49833333333333335 0.013020833333333334 0.018333333333333333
2 0.7419270833333333 0.4920833333333333 0.034895833333333334 0.0375
2 0.35234375 0.5170833333333333 0.03802083333333333 0.04083333333333333
2 0.42994791666666665 0.5083333333333333 0.021354166666666667 0.025
2 0.41744791666666664 0.50625 0.013020833333333334 0.020833333333333332
2 0.5125 0.49666666666666665 0.009375 0.011666666666666667
2 0.12265625 0.5633333333333334 0.13177083333333334 0.09166666666666666
5 0.8619791666666666 0.7208333333333333 0.2760416666666667 0.5583333333333333
2 0.48151041666666666 0.4970833333333333 0.009895833333333333 0.014166666666666666
2 0.4583333333333333 0.5004166666666666 0.011458333333333333 0.015833333333333335
2 0.5927083333333333 0.5008333333333334 0.042708333333333334 0.02666666666666667
6 0.48776041666666664 0.4429166666666667 0.0078125 0.004166666666666667
6 0.50859375 0.44375 0.0078125 0.004166666666666667
5 0.28958333333333336 0.49666666666666665 0.020833333333333332 0.02
