2 0.9096354166666667 0.6779166666666666 0.18072916666666666 0.42583333333333334
0 0.6440104166666667 0.5629166666666666 0.0359375 0.13916666666666666
2 0.046614583333333334 0.6308333333333334 0.09322916666666667 0.175
5 0.5181089743589744 0.5100641025641025 0.019711538461538503 0.028333333333333332
2 0.5328125 0.505 0.009375 0.013333333333333334
2 0.6442708333333333 0.4945833333333333 0.015625 0.0175
2 0.48125 0.51 0.019791666666666666 0.023333333333333334
2 0.47682291666666665 0.5 0.0078125 0.01
2 0.47552083333333334 0.5054166666666666 0.009375 0.0125
2 0.4609375 0.5066666666666667 0.011458333333333333 0.013333333333333334
5 0.15677083333333333 0.5033333333333333 0.025 0.03
0 0.042708333333333334 0.5354166666666667 0.020833333333333332 0.0675
