2 0.36432291666666666 0.5079166666666667 0.030729166666666665 0.0325
2 0.49765625 0.48833333333333334 0.013020833333333334 0.02
2 0.7484375 0.46375 0.021875 0.009166666666666667
2 0.3151041666666667 0.5154166666666666 0.05 0.05416666666666667
2 0.41744791666666664 0.5025 0.0265625 0.028333333333333332
2 0.40572916666666664 0.49916666666666665 0.015625 0.025
2 0.5111979166666667 0.4866666666666667 0.008854166666666666 0.011666666666666667
5 0.8416666666666667 0.6645833333333333 0.31666666666666665 0.4475
2 0.4796875 0.4875 0.009375 0.015
2 0.45338541666666665 0.4920833333333333 0.013020833333333334 0.0175
2 0.5901041666666667 0.49041666666666667 0.0375 0.029166666666666667
6 0.48515625 0.43125 0.0078125 0.004166666666666667
6 0.50703125 0.43125 0.0078125 0.004166666666666667
2 0.08277529761904762 0.5012500000000001 0.03697916666666667 0.01988095238095241
5 0.2703125 0.49166666666666664 0.019791666666666666 0.011666666666666667
