2 0.82421875 0.505 0.04010416666666667 0.041666666666666664
2 0.4088541666666667 0.5125 0.01875 0.021666666666666667
2 0.50234375 0.4995833333333333 0.013020833333333334 0.019166666666666665
2 0.7244791666666667 0.495 0.029166666666666667 0.043333333333333335
2 0.38567708333333334 0.51375 0.027604166666666666 0.034166666666666665
2 0.44505208333333335 0.5079166666666667 0.018229166666666668 0.020833333333333332
2 0.4328125 0.5054166666666666 0.0125 0.019166666666666665
2 0.515625 0.4975 0.008333333333333333 0.01
2 0.27369791666666665 0.5391666666666667 0.06197916666666667 0.056666666666666664
5 0.8903645833333333 0.6533333333333333 0.21927083333333333 0.43666666666666665
2 0.48776041666666664 0.5004166666666666 0.008854166666666666 0.0125
2 0.4661458333333333 0.5008333333333334 0.010416666666666666 0.013333333333333334
2 0.5963541666666666 0.49833333333333335 0.028125 0.021666666666666667
6 0.49192708333333335 0.44625 0.0078125 0.004166666666666667
6 0.5122395833333333 0.44708333333333333 0.0078125 0.004166666666666667
2 0.15260416666666668 0.5079166666666667 0.008333333333333333 0.0175
