5 0.628125 0.5470833333333334 0.10729166666666666 0.1225
2 0.1421875 0.5866666666666667 0.18958333333333333 0.135
2 0.24713541666666666 0.5379166666666667 0.07552083333333333 0.0725
5 0.9098958333333333 0.4979166666666667 0.11041666666666666 0.06916666666666667
2 0.4317708333333333 0.5133333333333333 0.025 0.03
2 0.5786458333333333 0.5070833333333333 0.0375 0.0325
2 0.51171875 0.5008333333333334 0.011979166666666667 0.018333333333333333
2 0.49322916666666666 0.5016666666666667 0.011458333333333333 0.013333333333333334
2 0.5268229166666667 0.5008333333333334 0.009895833333333333 0.015
0 0.33671875 0.5145833333333333 0.0078125 0.0275
6 0.4979166666666667 0.43416666666666665 0.008333333333333333 0.005
6 0.5247395833333334 0.43625 0.0078125 0.004166666666666667
2 0.7723958333333333 0.5091666666666667 0.03229166666666667 0.028333333333333332
2 0.4796875 0.49916666666666665 0.007291666666666667 0.01
6 0.3245659722222222 0.41263888888888883 0.0078125 0.0069444444444444284
6 0.34713541666666664 0.4239583333333333 0.0067708333333333336 0.005833333333333334
6 0.3362630208333333 0.4184375 0.006640625 0.004375
6 0.607421875 0.4059375 0.00625 0.007291666666666667
6 0.60015625 0.4074166666666667 0.0067708333333333336 0.005500000000000019
