5 0.61328125 0.50375 0.10677083333333333 0.24416666666666667
2 0.4934895833333333 0.5216666666666666 0.0067708333333333336 0.011666666666666667
2 0.4856770833333333 0.5266666666666666 0.011979166666666667 0.013333333333333334
2 0.46424851190476185 0.5306547619047618 0.005133928571428589 0.02178571428571426
0 0.4219791666666667 0.5363333333333333 0.0037500000000000237 0.026000000000000037
2 0.51015625 0.5345833333333333 0.018229166666666668 0.024166666666666666
2 0.5236979166666667 0.5279166666666667 0.0046875 0.015833333333333335
2 0.5299479166666666 0.5316666666666666 0.0046875 0.018333333333333333
2 0.5546875 0.5354166666666667 0.030208333333333334 0.03916666666666667
2 0.5393749999999999 0.5338333333333334 0.010000000000000024 0.02666666666666667
5 0.5375868055555555 0.529861111111111 0.013368055555555595 0.025833333333333333
2 0.5286979166666667 0.5307499999999998 0.0078125 0.01716666666666659
2 0.5065104166666666 0.53 0.015104166666666667 0.02666666666666667
2 0.44635416666666666 0.5358333333333334 0.017708333333333333 0.023333333333333334
2 0.4544270833333333 0.5295833333333333 0.018229166666666668 0.025833333333333333
2 0.47708333333333336 0.5183333333333333 0.013541666666666667 0.013333333333333334
2 0.49758184523809523 0.5222619047619047 0.0026041666666666665 0.004285714285714259
