2 0.77578125 0.7541666666666667 0.4453125 0.37
2 0.36328125 0.5575 0.0546875 0.06333333333333334
2 0.228125 0.5529166666666666 0.04375 0.050833333333333335
2 0.2598958333333333 0.5395833333333333 0.0375 0.049166666666666664
2 0.2859375 0.5375 0.017708333333333333 0.03666666666666667
2 0.4236979166666667 0.5516666666666666 0.015104166666666667 0.051666666666666666
2 0.3640625 0.52375 0.03125 0.0175
5 0.5403645833333334 0.49291666666666667 0.22447916666666667 0.4025
6 0.3671875 0.46291666666666664 0.004166666666666667 0.019166666666666665
0 0.1796875 0.55 0.016666666666666666 0.056666666666666664
6 0.34869791666666666 0.46125 0.0046875 0.019166666666666665
6 0.3807291666666667 0.45625 0.004166666666666667 0.019166666666666665
2 0.42161458333333335 0.5391666666666667 0.025520833333333333 0.05333333333333334
2 0.40911458333333334 0.5425 0.011979166666666667 0.03666666666666667
2 0.40234375 0.53625 0.009895833333333333 0.025833333333333333
2 0.3984375 0.5345833333333333 0.008333333333333333 0.024166666666666666
2 0.32005208333333335 0.5383333333333333 0.0234375 0.03
2 0.3385416666666667 0.53 0.014583333333333334 0.016666666666666666
