5 0.5901968024461027 0.49140689780265345 0.20703708022388057 0.3591861007462687
2 0.42276041666666664 0.5478333333333332 0.049479166666666664 0.060333333333333315
2 0.2930208333333334 0.5429999999999999 0.03729166666666668 0.045333333333333316
2 0.3261979166666667 0.5551666666666667 0.05572916666666667 0.06433333333333327
2 0.48859375 0.5439166666666667 0.020729166666666642 0.07450000000000008
2 0.31536458333333334 0.5195833333333333 0.04739583333333333 0.0225
2 0.4635937500000001 0.5345000000000001 0.013229166666666714 0.03533333333333341
2 0.45611979166666666 0.5294791666666666 0.011979166666666667 0.025625
2 0.4500868055555555 0.5272222222222221 0.010243055555555595 0.023888888888888953
2 0.4772135416666667 0.5375 0.026302083333333334 0.060833333333333336
2 0.34427083333333336 0.5266666666666666 0.017708333333333333 0.03
2 0.4191145833333333 0.5208333333333334 0.036562500000000026 0.028666666666666743
2 0.39696180555555555 0.5184722222222222 0.0140625 0.0175
6 0.4025173611111111 0.4549999999999999 0.0046875 0.02111111111111105
6 0.4337890625 0.4527083333333333 0.0037760416666666667 0.015833333333333335
2 0.806484375 0.7109166666666666 0.3849479166666666 0.31350000000000006
2 0.36744791666666665 0.52375 0.04010416666666667 0.024166666666666666
6 0.45747767857142857 0.44958333333333333 0.0045386904761904505 0.018690476190476205
6 0.4205729166666667 0.45559523809523794 0.0036458333333333334 0.014761904761904721
2 0.39239583333333333 0.5228333333333333 0.01395833333333331 0.01633333333333326
