2 0.7747395833333334 0.7579166666666667 0.44635416666666666 0.36916666666666664
5 0.54140625 0.4920833333333333 0.22760416666666666 0.4041666666666667
2 0.28203125 0.555 0.0515625 0.06166666666666667
0 0.20338541666666668 0.55 0.018229166666666668 0.055
6 0.3807291666666667 0.4558333333333333 0.004166666666666667 0.018333333333333333
6 0.34869791666666666 0.46125 0.0036458333333333334 0.019166666666666665
2 0.22734375 0.5533333333333333 0.0453125 0.051666666666666666
2 0.2596354166666667 0.5391666666666667 0.0390625 0.04833333333333333
6 0.36640625 0.45916666666666667 0.0046875 0.02
2 0.2791666666666667 0.5383333333333333 0.029166666666666667 0.04
2 0.33359375 0.5325 0.024479166666666666 0.023333333333333334
2 0.3963541666666667 0.5325 0.008333333333333333 0.021666666666666667
2 0.4036458333333333 0.5358333333333334 0.014583333333333334 0.028333333333333332
2 0.4200520833333333 0.5408333333333334 0.021354166666666667 0.051666666666666666
2 0.36302083333333335 0.5571515594541914 0.053125 0.0640302144249506
2 0.4088541666666667 0.5433333333333333 0.009375 0.03833333333333333
2 0.40598958333333335 0.53875 0.0078125 0.030833333333333334
2 0.3658854166666667 0.52625 0.03697916666666667 0.019166666666666665
2 0.42421875 0.5508333333333333 0.0171875 0.051666666666666666
2 0.34131944444444445 0.5255555555555556 0.015277777777777739 0.017777777777777715
