2 0.7747395833333334 0.7579166666666667 0.44635416666666666 0.36916666666666664
5 0.54140625 0.4920833333333333 0.22760416666666666 0.4041666666666667
0 0.20182291666666666 0.55125 0.018229166666666668 0.059166666666666666
6 0.3807291666666667 0.4558333333333333 0.004166666666666667 0.018333333333333333
6 0.34869791666666666 0.46125 0.0036458333333333334 0.019166666666666665
2 0.2265625 0.55375 0.046875 0.050833333333333335
2 0.2596354166666667 0.5391666666666667 0.0390625 0.04833333333333333
6 0.36640625 0.45916666666666667 0.0046875 0.02
2 0.2791666666666667 0.5383333333333333 0.029166666666666667 0.04
2 0.3125 0.5441666666666667 0.03333333333333333 0.04
2 0.39140625 0.5295833333333333 0.009895833333333333 0.0175
2 0.3953125 0.5341666666666667 0.013541666666666667 0.02
2 0.4200520833333333 0.5408333333333334 0.021354166666666667 0.051666666666666666
2 0.36302083333333335 0.5573659844054587 0.053125 0.06360136452241591
2 0.4078125 0.5410416666666666 0.011458333333333333 0.03208333333333333
2 0.40276988636363636 0.536212121212121 0.009895833333333333 0.025757575757575542
2 0.3658854166666667 0.52625 0.03697916666666667 0.019166666666666665
2 0.42421875 0.5508333333333333 0.0171875 0.051666666666666666
2 0.3341145833333333 0.5302083333333333 0.01875 0.025416666666666667
