2 0.7299479166666667 0.7333333333333333 0.3921875 0.335
2 0.35520833333333335 0.5570833333333334 0.052083333333333336 0.060833333333333336
0 0.17682291666666666 0.5516666666666666 0.011979166666666667 0.055
2 0.21692708333333333 0.5504166666666667 0.0453125 0.059166666666666666
2 0.2484375 0.54125 0.036458333333333336 0.050833333333333335
2 0.2877604166666667 0.5445833333333333 0.043229166666666666 0.05583333333333333
2 0.315625 0.53625 0.021875 0.030833333333333334
2 0.32760416666666664 0.5325 0.010416666666666666 0.02
2 0.35442708333333334 0.5225 0.0265625 0.008333333333333333
2 0.3768229166666667 0.5266666666666666 0.0109375 0.016666666666666666
2 0.3848958333333333 0.53125 0.008333333333333333 0.020833333333333332
2 0.39765625 0.5345833333333333 0.025520833333333333 0.034166666666666665
2 0.4078125 0.54625 0.017708333333333333 0.04083333333333333
5 0.51015625 0.49875 0.1953125 0.3525
6 0.33984375 0.46416666666666667 0.0046875 0.02
6 0.37213541666666666 0.4575 0.0036458333333333334 0.018333333333333333
6 0.3578125 0.46208333333333335 0.004166666666666667 0.014166666666666666
