2 0.8026041666666667 0.7333333333333333 0.39479166666666665 0.3433333333333333
2 0.40911458333333334 0.5491666666666667 0.049479166666666664 0.06
2 0.29296875 0.5633333333333334 0.07239583333333334 0.07833333333333334
2 0.38177083333333334 0.5229166666666667 0.029166666666666667 0.025833333333333333
2 0.28177083333333336 0.5333333333333333 0.030208333333333334 0.02666666666666667
2 0.3078125 0.52125 0.036458333333333336 0.0275
2 0.33177083333333335 0.53 0.016666666666666666 0.035
2 0.4671875 0.5441666666666667 0.016666666666666666 0.05
2 0.409375 0.5208333333333334 0.040625 0.025
5 0.5776041666666667 0.4895833333333333 0.21041666666666667 0.3675
6 0.40911458333333334 0.4579166666666667 0.005729166666666666 0.019166666666666665
0 0.1875 0.5395833333333333 0.009375 0.05583333333333333
6 0.39114583333333336 0.45625 0.004166666666666667 0.019166666666666665
6 0.42291666666666666 0.4525 0.004166666666666667 0.015
2 0.46484375 0.5345833333333333 0.0234375 0.050833333333333335
2 0.4518229166666667 0.5354166666666667 0.011979166666666667 0.035833333333333335
2 0.4440104166666667 0.5295833333333333 0.009895833333333333 0.025833333333333333
2 0.43854166666666666 0.5291666666666667 0.007291666666666667 0.02
