2 0.7747395833333334 0.7579166666666667 0.44635416666666666 0.36916666666666664
5 0.5370833333333334 0.49383333333333324 0.2235416666666668 0.3933333333333334
0 0.19479166666666667 0.5420833333333334 0.016666666666666666 0.04083333333333333
6 0.3807291666666667 0.4558333333333333 0.004166666666666667 0.018333333333333333
6 0.34869791666666666 0.46125 0.0036458333333333334 0.019166666666666665
2 0.22760416666666666 0.55375 0.04479166666666667 0.050833333333333335
2 0.2596354166666667 0.5391666666666667 0.0390625 0.04833333333333333
6 0.36640625 0.45916666666666667 0.0046875 0.02
2 0.2791666666666667 0.5383333333333333 0.029166666666666667 0.04
2 0.12369791666666667 0.615 0.18177083333333333 0.15166666666666667
2 0.3875 0.5266666666666666 0.014583333333333334 0.016666666666666666
2 0.41640625 0.5375 0.028645833333333332 0.045
2 0.36302083333333335 0.5575438596491221 0.053125 0.06324561403508899
2 0.4017578125 0.5358333333333334 0.010416666666666666 0.02666666666666667
2 0.3966145833333333 0.5323214285714286 0.009895833333333333 0.022976190476190556
2 0.3658854166666667 0.52625 0.03697916666666667 0.019166666666666665
2 0.4234375 0.5508333333333333 0.01875 0.051666666666666666
2 0.3239955357142857 0.535595238095238 0.028348214285714234 0.036190476190476106
2 0.3357638888888889 0.5306944444444444 0.008333333333333333 0.024166666666666666
2 0.34253472222222225 0.5279166666666667 0.009375 0.015833333333333335
