5 0.6591145833333333 0.49083333333333334 0.1640625 0.3
2 0.48984375 0.5170833333333333 0.0078125 0.0125
2 0.48411458333333335 0.5216666666666666 0.011979166666666667 0.013333333333333334
2 0.45807291666666666 0.5241666666666667 0.0078125 0.025
0 0.41760416666666667 0.5277499999999999 0.005729166666666666 0.02283333333333341
2 0.510625 0.529625 0.0234375 0.02941666666666663
2 0.5266927083333334 0.5231249999999998 0.006302083333333345 0.018083333333333278
2 0.5335286458333334 0.5275 0.0048177083333333336 0.020416666666666666
2 0.5554947916666667 0.5288333333333333 0.029843750000000096 0.04
2 0.5421875 0.5291666666666667 0.00625 0.028333333333333332
5 0.540625 0.5245833333333333 0.010069444444444287 0.03138888888888895
2 0.53203125 0.5245833333333333 0.008854166666666666 0.0175
2 0.5078125 0.5258333333333334 0.019791666666666666 0.03166666666666667
2 0.43645833333333334 0.5333333333333333 0.020833333333333332 0.02666666666666667
2 0.44742187499999997 0.5240833333333332 0.01942708333333337 0.03
2 0.47652994791666664 0.5113020833333334 0.014518229166666667 0.012604166666666666
2 0.4700520833333333 0.5233333333333333 0.016145833333333335 0.015
2 0.49609375 0.5220833333333333 0.008333333333333333 0.016666666666666666
0 0.39088541666666665 0.5304166666666666 0.0036458333333333334 0.029166666666666667
6 0.5314583333333333 0.46674999999999983 0.0036458333333333334 0.011999999999999886
6 0.4926041666666667 0.47150000000000003 0.0026041666666666665 0.009166666666666667
2 0.5236979166666667 0.5200833333333332 0.0042708333333332975 0.01016666666666661
