5 0.5977003417107585 0.48913001543209894 0.20494791666666679 0.3561789021164024
2 0.4371614583333333 0.547375 0.046927083333333286 0.05758333333333326
2 0.3110416666666667 0.54375 0.03822916666666672 0.045666666666666626
2 0.3528385416666666 0.5520416666666667 0.048072916666666646 0.0560833333333333
2 0.5039583333333332 0.5444583333333333 0.025208333333333263 0.07558333333333328
2 0.3307291666666667 0.53125 0.046875 0.03916666666666667
2 0.4759765625 0.5361458333333333 0.012109375 0.035625
2 0.46953125 0.5316666666666666 0.013020833333333334 0.025
2 0.4621354166666667 0.5295 0.009895833333333333 0.023333333333333334
2 0.490625 0.53875 0.027083333333333334 0.059166666666666666
2 0.35768229166666665 0.5210416666666666 0.01484375 0.012916666666666667
2 0.43307291666666675 0.5225 0.033680555555555595 0.02666666666666667
2 0.41036458333333337 0.5205833333333333 0.012187500000000047 0.01683333333333337
6 0.4158854166666667 0.4569444444444445 0.0046875 0.019444444444444382
6 0.4466145833333333 0.45458333333333334 0.0036458333333333334 0.0175
2 0.8138020833333334 0.7025 0.3703125 0.2966666666666667
2 0.47317708333333336 0.5195833333333333 0.018229166666666668 0.0075
2 0.3802083333333333 0.525 0.034375 0.025
6 0.4694196428571428 0.45101190476190484 0.003720238095238078 0.01607142857142861
6 0.4333705357142857 0.45744047619047623 0.0036458333333333334 0.013452380952380926
2 0.40630208333333334 0.5248333333333333 0.013020833333333334 0.016333333333333352
