5 0.7354166666666667 0.47583333333333333 0.28541666666666665 0.435
2 0.5140625 0.5295833333333333 0.034375 0.0425
2 0.4108854166666667 0.5286666666666667 0.029062500000000036 0.03566666666666672
2 0.47578125000000004 0.52025 0.019895833333333356 0.021166666666666743
2 0.5764880952380952 0.5275 0.04122023809523808 0.055
2 0.42734375 0.5208333333333334 0.027604166666666666 0.041666666666666664
2 0.5439583333333334 0.523 0.01083333333333331 0.02933333333333337
2 0.5393229166666667 0.5195833333333333 0.013020833333333334 0.024166666666666666
2 0.5333333333333333 0.5177083333333333 0.009114583333333334 0.021666666666666667
2 0.5544270833333333 0.52375 0.019270833333333334 0.04583333333333333
2 0.44505208333333335 0.52 0.0109375 0.03166666666666667
5 0.42337239583333336 0.49416666666666664 0.037109375 0.028333333333333332
2 0.5077083333333333 0.5165 0.02666666666666669 0.031333333333333255
2 0.48463541666666665 0.5108333333333334 0.0109375 0.016666666666666666
6 0.4903645833333333 0.44611111111111107 0.0046875 0.018333333333333333
6 0.5184895833333333 0.4508333333333333 0.0036458333333333334 0.015
6 0.5385416666666667 0.44821428571428573 0.003125 0.015
6 0.50625 0.4544444444444444 0.003125 0.01222222222222219
2 0.4817708333333333 0.5133333333333333 0.010416666666666666 0.013333333333333334
