5 0.6284619926112981 0.4951065048634493 0.19216119528619516 0.337057379349046
2 0.47078125000000004 0.5445000000000001 0.044270833333333336 0.055
2 0.34916666666666674 0.5389166666666667 0.0347916666666667 0.04116666666666674
2 0.4028125000000001 0.5408333333333334 0.036458333333333336 0.043333333333333335
2 0.5356770833333333 0.5419999999999999 0.025312499999999953 0.07
2 0.36744791666666665 0.5275 0.0421875 0.045
2 0.5081249999999999 0.5316666666666666 0.013333333333333286 0.03366666666666674
2 0.501953125 0.5279166666666667 0.015364583333333333 0.025833333333333333
2 0.4948784722222222 0.5261111111111112 0.009895833333333333 0.023333333333333334
2 0.5216666666666666 0.5353333333333334 0.024999999999999942 0.05733333333333339
2 0.39166666666666666 0.5185833333333334 0.010208333333333286 0.01683333333333337
2 0.4650520833333333 0.5191666666666667 0.028645833333333332 0.02666666666666667
6 0.44781250000000006 0.45233333333333337 0.00458333333333331 0.017666666666666705
6 0.4783854166666667 0.4527083333333333 0.003125 0.015416666666666667
2 0.8299739583333333 0.6905833333333333 0.33796875000000004 0.2728333333333334
2 0.4669921875 0.5182291666666666 0.03138020833333333 0.023125
6 0.5 0.4490104166666667 0.003125 0.014270833333333333
6 0.46491815476190473 0.4563095238095238 0.0036458333333333334 0.01428571428571426
2 0.4354166666666667 0.5208333333333334 0.0125 0.016666666666666666
