5 0.68046875 0.4995833333333333 0.19114583333333332 0.32916666666666666
2 0.4905671296296296 0.5226851851851851 0.008449074074074107 0.014814814814814762
2 0.4858593749999999 0.5260833333333333 0.012552083333333346 0.014166666666666666
2 0.4580989583333333 0.5301666666666667 0.007864583333333345 0.0275
0 0.416328125 0.5315416666666666 0.004322916666666643 0.020083333333333352
2 0.5134895833333333 0.537125 0.024895833333333308 0.03158333333333332
2 0.5296875 0.5291666666666667 0.005208333333333333 0.018333333333333333
2 0.5373177083333334 0.5329583333333333 0.006093750000000024 0.021583333333333315
2 0.5592447916666666 0.5354166666666667 0.030156250000000048 0.04149999999999996
2 0.5455729166666666 0.5345833333333333 0.0078125 0.029166666666666667
5 0.5447916666666667 0.5291666666666667 0.010416666666666666 0.035
2 0.53203125 0.5295833333333333 0.005729166666666666 0.019166666666666665
2 0.5095833333333333 0.5314583333333334 0.02020833333333331 0.03324999999999998
2 0.43411458333333336 0.5379166666666667 0.0234375 0.0275
2 0.4453125 0.5304166666666666 0.020833333333333332 0.0325
2 0.4766927083333334 0.5153472222222222 0.013628472222222262 0.014027777777777715
0 0.386328125 0.535625 0.007552083333333333 0.03333333333333333
2 0.49687500000000007 0.5201666666666667 0.004270833333333357 0.0125
6 0.5180871212121212 0.47246212121212117 0.003030303030303057 0.0125
2 0.5273958333333334 0.5230833333333332 0.012395833333333309 0.016499999999999963
6 0.5351041666666667 0.47037500000000004 0.0036458333333333334 0.012416666666666742
6 0.4939583333333334 0.47441666666666665 0.0026041666666666665 0.009166666666666667
