2 0.7770833333333333 0.7466666666666667 0.43125 0.3566666666666667
2 0.37395833333333334 0.5566666666666666 0.053125 0.065
2 0.23880208333333333 0.5516666666666666 0.043229166666666666 0.04833333333333333
2 0.2708333333333333 0.5383333333333333 0.0375 0.05
2 0.29609375 0.53625 0.0171875 0.0375
2 0.43385416666666665 0.55 0.015625 0.051666666666666666
2 0.37395833333333334 0.52125 0.03125 0.019166666666666665
5 0.5502604166666667 0.4925 0.2234375 0.39666666666666667
6 0.37604166666666666 0.46291666666666664 0.004166666666666667 0.019166666666666665
0 0.16588541666666667 0.5329166666666667 0.0067708333333333336 0.024166666666666666
6 0.3580729166666667 0.46125 0.0046875 0.019166666666666665
6 0.39088541666666665 0.45625 0.0036458333333333334 0.019166666666666665
2 0.43125 0.5391666666666667 0.020833333333333332 0.05333333333333334
2 0.41796875 0.5408333333333334 0.011979166666666667 0.03666666666666667
2 0.4119791666666667 0.5358333333333334 0.009375 0.02666666666666667
2 0.40703125 0.5341666666666667 0.0067708333333333336 0.023333333333333334
2 0.33255208333333336 0.5354166666666667 0.0203125 0.025833333333333333
2 0.3494791666666667 0.5291666666666667 0.013541666666666667 0.016666666666666666
