2 0.7947916666666667 0.7354166666666667 0.41041666666666665 0.3475
2 0.396875 0.55125 0.051041666666666666 0.060833333333333336
2 0.14348958333333334 0.6216666666666667 0.1921875 0.17166666666666666
2 0.26536458333333335 0.5454166666666667 0.04114583333333333 0.049166666666666664
2 0.2950520833333333 0.5329166666666667 0.03802083333333333 0.050833333333333335
2 0.31953125 0.5308333333333334 0.0171875 0.03666666666666667
2 0.45677083333333335 0.5445833333333333 0.016666666666666666 0.050833333333333335
2 0.3971354166666667 0.5233333333333333 0.0390625 0.03
5 0.5705729166666667 0.48833333333333334 0.21927083333333333 0.37833333333333335
6 0.39791666666666664 0.45875 0.004166666666666667 0.019166666666666665
0 0.16979166666666667 0.52625 0.009375 0.024166666666666666
6 0.3802083333333333 0.45708333333333334 0.004166666666666667 0.019166666666666665
6 0.4119791666666667 0.4529166666666667 0.004166666666666667 0.015833333333333335
2 0.45286458333333335 0.5333333333333333 0.022395833333333334 0.05333333333333334
2 0.4401041666666667 0.5358333333333334 0.011458333333333333 0.03666666666666667
2 0.43307291666666664 0.5308333333333334 0.009895833333333333 0.02666666666666667
2 0.428125 0.5283333333333333 0.008333333333333333 0.023333333333333334
2 0.3697916666666667 0.5245833333333333 0.01875 0.0175
