2 0.7747395833333334 0.7579166666666667 0.44635416666666666 0.36916666666666664
5 0.539694085249042 0.49390804597701093 0.22427562260536363 0.39818007662835175
0 0.20182291666666666 0.55125 0.018229166666666668 0.059166666666666666
6 0.3807291666666667 0.4558333333333333 0.004166666666666667 0.018333333333333333
6 0.34869791666666666 0.46125 0.0036458333333333334 0.019166666666666665
2 0.22760416666666666 0.5533333333333333 0.04479166666666667 0.051666666666666666
2 0.2596354166666667 0.5391666666666667 0.0390625 0.04833333333333333
6 0.36640625 0.45916666666666667 0.0046875 0.02
2 0.2791666666666667 0.5383333333333333 0.029166666666666667 0.04
2 0.2872395833333333 0.5533333333333333 0.05260416666666667 0.05333333333333334
2 0.39140625 0.5295833333333333 0.013020833333333334 0.019166666666666665
2 0.41848958333333336 0.5408333333333334 0.022395833333333334 0.051666666666666666
2 0.36302083333333335 0.5574390838206631 0.053125 0.06345516569200717
2 0.40729166666666666 0.5394444444444445 0.0125 0.028888888888888953
2 0.4002604166666667 0.5344907407407408 0.010127314814814763 0.02435185185185181
2 0.3658854166666667 0.52625 0.03697916666666667 0.019166666666666665
2 0.42380952380952386 0.5508333333333333 0.018005952380952314 0.051666666666666666
2 0.33177083333333335 0.5320833333333334 0.021875 0.029166666666666667
2 0.3453125 0.5245833333333333 0.00625 0.010833333333333334
