2 0.7815104166666667 0.7308333333333333 0.40572916666666664 0.3333333333333333
2 0.3927083333333333 0.5545833333333333 0.052083333333333336 0.0625
2 0.2604166666666667 0.5495833333333333 0.042708333333333334 0.049166666666666664
2 0.2903645833333333 0.5366666666666666 0.03802083333333333 0.05
2 0.31536458333333334 0.5341666666666667 0.0171875 0.03666666666666667
2 0.4515625 0.54875 0.016666666666666666 0.050833333333333335
2 0.3927083333333333 0.5175 0.03125 0.013333333333333334
5 0.5658854166666667 0.49291666666666667 0.21614583333333334 0.38416666666666666
6 0.39427083333333335 0.46125 0.004166666666666667 0.019166666666666665
0 0.17135416666666667 0.5475 0.014583333333333334 0.055
6 0.3763020833333333 0.46125 0.0046875 0.019166666666666665
6 0.4075520833333333 0.4554166666666667 0.0036458333333333334 0.019166666666666665
2 0.44895833333333335 0.5383333333333333 0.020833333333333332 0.05333333333333334
2 0.4356770833333333 0.5391666666666667 0.011979166666666667 0.03666666666666667
2 0.42890625 0.5341666666666667 0.008854166666666666 0.02666666666666667
2 0.42604166666666665 0.5316666666666666 0.009375 0.021666666666666667
2 0.3546875 0.5316666666666666 0.025 0.023333333333333334
2 0.36875 0.5283333333333333 0.011458333333333333 0.015
