2 0.64453125 0.7158333333333333 0.33489583333333334 0.31166666666666665
2 0.32057291666666665 0.55625 0.050520833333333334 0.059166666666666666
0 0.13359375 0.555 0.011979166666666667 0.056666666666666664
2 0.16848958333333333 0.5533333333333333 0.03697916666666667 0.06166666666666667
2 0.21276041666666667 0.5608333333333333 0.07760416666666667 0.08666666666666667
2 0.2703125 0.5408333333333334 0.03125 0.04
2 0.2908854166666667 0.5354166666666667 0.015104166666666667 0.024166666666666666
2 0.31953125 0.5233333333333333 0.0265625 0.008333333333333333
2 0.34348958333333335 0.5225 0.009895833333333333 0.011666666666666667
2 0.35052083333333334 0.5304166666666666 0.008333333333333333 0.020833333333333332
2 0.36171875 0.5333333333333333 0.021354166666666667 0.03166666666666667
2 0.3690104166666667 0.5429166666666667 0.015104166666666667 0.035833333333333335
5 0.45390625 0.50125 0.16510416666666666 0.31916666666666665
6 0.3065104166666667 0.4625 0.0046875 0.02
6 0.33932291666666664 0.45666666666666667 0.0036458333333333334 0.018333333333333333
6 0.32447916666666665 0.46125 0.004166666666666667 0.014166666666666666
