2 0.7760416666666666 0.75625 0.4479166666666667 0.37416666666666665
2 0.36302083333333335 0.5570833333333334 0.05416666666666667 0.06583333333333333
2 0.22760416666666666 0.5520833333333334 0.04375 0.049166666666666664
2 0.2596354166666667 0.5391666666666667 0.03697916666666667 0.051666666666666666
2 0.2859375 0.5375 0.017708333333333333 0.03666666666666667
2 0.42291666666666666 0.5516666666666666 0.013541666666666667 0.051666666666666666
2 0.36302083333333335 0.52375 0.03125 0.0175
5 0.5390625 0.49333333333333335 0.22604166666666667 0.4
6 0.36614583333333334 0.46291666666666664 0.004166666666666667 0.019166666666666665
0 0.18567708333333333 0.5483333333333333 0.0109375 0.056666666666666664
6 0.34869791666666666 0.46125 0.0046875 0.019166666666666665
6 0.3807291666666667 0.45625 0.004166666666666667 0.019166666666666665
2 0.421875 0.5391666666666667 0.023958333333333335 0.05333333333333334
2 0.40911458333333334 0.5425 0.011979166666666667 0.03666666666666667
2 0.40234375 0.5370833333333334 0.009895833333333333 0.0275
2 0.39765625 0.535 0.0078125 0.025
2 0.31692708333333336 0.5404166666666667 0.0265625 0.034166666666666665
2 0.33671875 0.5304166666666666 0.018229166666666668 0.015833333333333335
