2 0.7955729166666666 0.7375 0.4088541666666667 0.3516666666666667
2 0.3971354166666667 0.5508333333333333 0.0515625 0.06166666666666667
2 0.17109375 0.6095833333333334 0.16510416666666666 0.15083333333333335
2 0.44427083333333334 0.52375 0.00625 0.025833333333333333
2 0.265625 0.5445833333333333 0.042708333333333334 0.0475
2 0.2955729166666667 0.5329166666666667 0.03697916666666667 0.050833333333333335
2 0.3203125 0.5304166666666666 0.016666666666666666 0.035833333333333335
2 0.45677083333333335 0.5445833333333333 0.016666666666666666 0.050833333333333335
2 0.39739583333333334 0.5216666666666666 0.0375 0.02666666666666667
5 0.5692708333333333 0.4875 0.21666666666666667 0.37666666666666665
6 0.3984375 0.45875 0.004166666666666667 0.019166666666666665
0 0.16927083333333334 0.52625 0.009375 0.024166666666666666
6 0.3802083333333333 0.45708333333333334 0.004166666666666667 0.019166666666666665
6 0.4119791666666667 0.4529166666666667 0.004166666666666667 0.015833333333333335
2 0.45286458333333335 0.5333333333333333 0.022395833333333334 0.05333333333333334
2 0.44114583333333335 0.5358333333333334 0.011458333333333333 0.035
2 0.43359375 0.5308333333333334 0.009895833333333333 0.02666666666666667
2 0.4283854166666667 0.5283333333333333 0.008854166666666666 0.023333333333333334
2 0.37083333333333335 0.5245833333333333 0.01875 0.0175
