5 0.60703125 0.5079166666666667 0.10364583333333334 0.23583333333333334
2 0.49557291666666664 0.5233333333333333 0.0078125 0.006666666666666667
2 0.49270833333333336 0.5316666666666666 0.01875 0.015
2 0.46575520833333334 0.5308333333333334 0.005989583333333393 0.020833333333333332
0 0.42473958333333334 0.5383333333333333 0.0046875 0.025
2 0.5122395833333333 0.5370833333333334 0.018229166666666668 0.024166666666666666
2 0.525 0.5320833333333334 0.005208333333333333 0.015833333333333335
2 0.5317708333333333 0.5354166666666667 0.005208333333333333 0.019166666666666665
2 0.5557291666666667 0.5383333333333333 0.028125 0.04
2 0.5407738095238095 0.5373809523809524 0.010416666666666666 0.02666666666666667
5 0.5395461309523809 0.5335119047619048 0.013169642857142822 0.02559523809523815
2 0.5292968749999999 0.5310416666666665 0.008072916666666607 0.016249999999999907
2 0.5080729166666667 0.5329166666666667 0.015104166666666667 0.025833333333333333
2 0.45 0.5395833333333333 0.017708333333333333 0.0225
2 0.45729166666666665 0.5333333333333333 0.016666666666666666 0.025
2 0.4786458333333333 0.5208333333333334 0.014583333333333334 0.015
