2 0.7760416666666666 0.75625 0.4479166666666667 0.37416666666666665
2 0.36328125 0.5579166666666666 0.05364583333333333 0.06583333333333333
2 0.22734375 0.5520833333333334 0.044270833333333336 0.049166666666666664
2 0.2596354166666667 0.5395833333333333 0.03697916666666667 0.050833333333333335
2 0.2859375 0.5375 0.017708333333333333 0.03666666666666667
2 0.4236979166666667 0.5516666666666666 0.015104166666666667 0.051666666666666666
2 0.36302083333333335 0.52375 0.03125 0.0175
5 0.5419270833333333 0.49291666666666667 0.22760416666666666 0.4008333333333333
6 0.36614583333333334 0.46291666666666664 0.004166666666666667 0.019166666666666665
0 0.17890625 0.55 0.015104166666666667 0.056666666666666664
6 0.34869791666666666 0.46125 0.0046875 0.019166666666666665
6 0.3807291666666667 0.45625 0.004166666666666667 0.019166666666666665
2 0.42213541666666665 0.5391666666666667 0.0265625 0.05333333333333334
2 0.40911458333333334 0.5425 0.011979166666666667 0.03666666666666667
2 0.40234375 0.5375 0.009895833333333333 0.028333333333333332
2 0.39895833333333336 0.5345833333333333 0.007291666666666667 0.024166666666666666
2 0.31927083333333334 0.5391666666666667 0.025 0.03166666666666667
2 0.3385416666666667 0.53 0.014583333333333334 0.016666666666666666
