2 0.7953125 0.7375 0.409375 0.3516666666666667
2 0.396875 0.5508333333333333 0.051041666666666666 0.06166666666666667
2 0.16432291666666668 0.6129166666666667 0.17135416666666667 0.15583333333333332
2 0.4453125 0.52375 0.004166666666666667 0.025833333333333333
2 0.26536458333333335 0.54625 0.04114583333333333 0.050833333333333335
2 0.2950520833333333 0.5329166666666667 0.03697916666666667 0.050833333333333335
2 0.31979166666666664 0.5304166666666666 0.016666666666666666 0.035833333333333335
2 0.45677083333333335 0.5445833333333333 0.016666666666666666 0.050833333333333335
2 0.3966145833333333 0.5220833333333333 0.03697916666666667 0.0275
5 0.5692708333333333 0.48875 0.21666666666666667 0.37916666666666665
6 0.39791666666666664 0.45875 0.004166666666666667 0.019166666666666665
0 0.16927083333333334 0.52625 0.009375 0.024166666666666666
6 0.3802083333333333 0.45708333333333334 0.004166666666666667 0.019166666666666665
6 0.4119791666666667 0.4529166666666667 0.004166666666666667 0.015833333333333335
2 0.45260416666666664 0.5333333333333333 0.021875 0.05333333333333334
2 0.44114583333333335 0.5358333333333334 0.011458333333333333 0.035
2 0.43333333333333335 0.5308333333333334 0.009375 0.02666666666666667
2 0.428125 0.5283333333333333 0.008333333333333333 0.023333333333333334
2 0.3703125 0.5245833333333333 0.01875 0.0175
