5 0.7268229166666667 0.48125 0.2682291666666667 0.4175
2 0.4859375 0.51625 0.011458333333333333 0.015833333333333335
2 0.48151041666666666 0.52 0.013020833333333334 0.015
2 0.44895833333333335 0.5233333333333333 0.010416666666666666 0.028333333333333332
0 0.40234375 0.5270833333333333 0.0046875 0.0275
2 0.51328125 0.5341666666666667 0.03177083333333333 0.04
2 0.5309895833333333 0.5229166666666667 0.0078125 0.020833333333333332
2 0.54140625 0.52875 0.0078125 0.024166666666666666
2 0.5697916666666667 0.5329166666666667 0.035416666666666666 0.050833333333333335
2 0.5510416666666667 0.53125 0.009375 0.035833333333333335
5 0.5510416666666667 0.52625 0.0125 0.0375
2 0.5354166666666667 0.5245833333333333 0.008333333333333333 0.0225
2 0.5083333333333333 0.5275 0.025 0.03833333333333333
2 0.4197916666666667 0.5341666666666667 0.027083333333333334 0.03166666666666667
2 0.43411458333333336 0.5245833333333333 0.024479166666666666 0.035833333333333335
2 0.4747395833333333 0.5079166666666667 0.015104166666666667 0.014166666666666666
0 0.35963541666666665 0.5308333333333334 0.0067708333333333336 0.04
2 0.4930160984848485 0.5141287878787879 0.0037405303030303354 0.0125
6 0.5182291666666666 0.46 0.003125 0.013333333333333334
2 0.5231770833333333 0.51125 0.0078125 0.0075
2 0.4666666666666667 0.525 0.026041666666666668 0.02
2 0.5263020833333333 0.5175 0.008854166666666666 0.013333333333333334
6 0.5375 0.45666666666666667 0.004166666666666667 0.015
6 0.49140625 0.4625 0.0026041666666666665 0.01
