2 0.7973958333333333 0.7404166666666666 0.40520833333333334 0.3575
2 0.39921875 0.5504166666666667 0.050520833333333334 0.0625
2 0.23307291666666666 0.5854166666666667 0.11197916666666667 0.1125
2 0.42630208333333336 0.52375 0.027604166666666666 0.025833333333333333
2 0.27239583333333334 0.54125 0.03229166666666667 0.04083333333333333
2 0.29739583333333336 0.5325 0.0375 0.04833333333333333
2 0.3221354166666667 0.5304166666666666 0.016145833333333335 0.035833333333333335
2 0.45755208333333336 0.5445833333333333 0.0140625 0.050833333333333335
2 0.39921875 0.5208333333333334 0.0390625 0.025
5 0.571875 0.48875 0.21666666666666667 0.37583333333333335
6 0.4 0.4579166666666667 0.004166666666666667 0.019166666666666665
0 0.17447916666666666 0.5404166666666667 0.009375 0.05583333333333333
6 0.38229166666666664 0.45708333333333334 0.004166666666666667 0.019166666666666665
6 0.4140625 0.4529166666666667 0.004166666666666667 0.015833333333333335
2 0.4552083333333333 0.5333333333333333 0.022916666666666665 0.05333333333333334
2 0.44296875 0.535 0.0109375 0.035
2 0.4354166666666667 0.5308333333333334 0.009375 0.02666666666666667
2 0.4309895833333333 0.52875 0.0078125 0.024166666666666666
2 0.3729166666666667 0.5245833333333333 0.019791666666666666 0.0175
