2 0.7763020833333333 0.7520833333333333 0.4401041666666667 0.3675
2 0.36744791666666665 0.5579166666666666 0.0546875 0.06583333333333333
2 0.23177083333333334 0.5529166666666666 0.042708333333333334 0.050833333333333335
2 0.2635416666666667 0.53875 0.0375 0.050833333333333335
2 0.2890625 0.5383333333333333 0.017708333333333333 0.03666666666666667
2 0.42682291666666666 0.5516666666666666 0.015104166666666667 0.051666666666666666
2 0.3671875 0.5245833333333333 0.03125 0.019166666666666665
5 0.5442708333333334 0.49333333333333335 0.225 0.3983333333333333
6 0.3697916666666667 0.46291666666666664 0.004166666666666667 0.019166666666666665
0 0.16848958333333333 0.5475 0.0109375 0.051666666666666666
6 0.35234375 0.46125 0.0046875 0.019166666666666665
6 0.3846354166666667 0.45625 0.0036458333333333334 0.019166666666666665
2 0.42682291666666666 0.5391666666666667 0.0234375 0.05333333333333334
2 0.41067708333333336 0.5416666666666666 0.011979166666666667 0.03666666666666667
2 0.40651041666666665 0.5366666666666666 0.0109375 0.02666666666666667
2 0.40078125 0.5345833333333333 0.008854166666666666 0.024166666666666666
2 0.3260416666666667 0.5370833333333334 0.021875 0.0275
2 0.34296875 0.5291666666666667 0.013020833333333334 0.016666666666666666
