2 0.7747395833333334 0.7579166666666667 0.44635416666666666 0.36916666666666664
5 0.54140625 0.4920833333333333 0.22760416666666666 0.4041666666666667
2 0.15989583333333332 0.5970833333333333 0.1375 0.1225
0 0.19895833333333332 0.52875 0.011458333333333333 0.0175
6 0.3807291666666667 0.4558333333333333 0.004166666666666667 0.018333333333333333
6 0.34869791666666666 0.46125 0.0036458333333333334 0.019166666666666665
2 0.23020833333333332 0.5516666666666666 0.040625 0.04833333333333333
2 0.2596354166666667 0.5391666666666667 0.0390625 0.04833333333333333
6 0.36640625 0.45916666666666667 0.0046875 0.02
2 0.2791666666666667 0.5383333333333333 0.029166666666666667 0.04
2 0.32526041666666666 0.5375 0.024479166666666666 0.028333333333333332
2 0.3958333333333333 0.5316666666666666 0.013541666666666667 0.021666666666666667
2 0.4005208333333333 0.535 0.014583333333333334 0.02666666666666667
2 0.4200520833333333 0.5408333333333334 0.021354166666666667 0.051666666666666666
2 0.36302083333333335 0.557266081871346 0.053125 0.06380116959064148
2 0.4082131410256409 0.5432051282051283 0.009375 0.03705128205128223
2 0.4063424059139785 0.5378360215053763 0.009895833333333333 0.029005376344085978
2 0.3658854166666667 0.52625 0.03697916666666667 0.019166666666666665
2 0.42421875 0.5508333333333333 0.0171875 0.051666666666666666
2 0.3392361111111111 0.5270833333333333 0.015625 0.019166666666666665
