2 0.78828125 0.7304166666666667 0.4088541666666667 0.3308333333333333
2 0.39739583333333334 0.55375 0.051041666666666666 0.060833333333333336
2 0.040364583333333336 0.7133333333333334 0.08072916666666667 0.235
2 0.26536458333333335 0.5483333333333333 0.04114583333333333 0.05
2 0.2950520833333333 0.5354166666666667 0.03697916666666667 0.0475
2 0.31979166666666664 0.53375 0.016666666666666666 0.035833333333333335
2 0.45546875 0.5479166666666667 0.016145833333333335 0.050833333333333335
2 0.3963541666666667 0.5195833333333333 0.03125 0.0175
5 0.5713541666666667 0.4920833333333333 0.21875 0.37916666666666665
6 0.39791666666666664 0.46125 0.004166666666666667 0.019166666666666665
0 0.1703125 0.5470833333333334 0.010416666666666666 0.0575
6 0.37916666666666665 0.46125 0.004166666666666667 0.019166666666666665
6 0.4119791666666667 0.4554166666666667 0.004166666666666667 0.015833333333333335
2 0.45286458333333335 0.5366666666666666 0.022395833333333334 0.05333333333333334
2 0.43984375 0.5391666666666667 0.013020833333333334 0.03666666666666667
2 0.43307291666666664 0.5333333333333333 0.009895833333333333 0.02666666666666667
2 0.42890625 0.5316666666666666 0.0078125 0.023333333333333334
2 0.36822916666666666 0.5291666666666667 0.022916666666666665 0.021666666666666667
