5 0.6182291666666667 0.5075 0.11041666666666666 0.25
2 0.4924479166666666 0.5242499999999999 0.007604166666666619 0.0125
2 0.48463541666666665 0.5283333333333333 0.011979166666666667 0.011666666666666667
2 0.5192708333333333 0.5283333333333333 0.007291666666666667 0.011666666666666667
2 0.4627604166666667 0.5304166666666666 0.0067708333333333336 0.020833333333333332
0 0.4203125 0.5391666666666667 0.003125 0.021666666666666667
2 0.5096354166666667 0.5358333333333334 0.019270833333333334 0.025
2 0.5234375 0.5308333333333334 0.005208333333333333 0.016666666666666666
2 0.5294270833333333 0.5341666666666667 0.0046875 0.018333333333333333
2 0.5515625 0.5379166666666667 0.027083333333333334 0.0425
2 0.5388020833333333 0.5357291666666667 0.009895833333333333 0.026458333333333334
5 0.5376953125 0.5311458333333333 0.013151041666666667 0.026041666666666668
2 0.528125 0.53125 0.008333333333333333 0.0175
2 0.5061197916666667 0.5322916666666667 0.015364583333333333 0.027083333333333334
2 0.44583333333333336 0.5383333333333333 0.017708333333333333 0.023333333333333334
2 0.45364583333333336 0.530875 0.017395833333333322 0.025916666666666685
2 0.47604166666666664 0.51875 0.014583333333333334 0.0125
2 0.49703125000000004 0.5229583333333333 0.002708333333333357 0.005083333333333352
