5 0.603125 0.5066666666666667 0.1 0.23666666666666666
2 0.49583333333333335 0.5225 0.007291666666666667 0.011666666666666667
2 0.48854166666666665 0.5291666666666667 0.026041666666666668 0.015
2 0.4666666666666667 0.5295833333333333 0.00625 0.020833333333333332
0 0.42578125 0.5358333333333334 0.0046875 0.02666666666666667
2 0.5119791666666667 0.5345833333333333 0.017708333333333333 0.024166666666666666
2 0.5244791666666667 0.5295833333333333 0.005208333333333333 0.015833333333333335
2 0.5315104166666667 0.5333333333333333 0.0046875 0.016666666666666666
2 0.5541666666666667 0.5366666666666666 0.025 0.04
2 0.5411458333333333 0.535 0.010416666666666666 0.02666666666666667
5 0.5401041666666667 0.5308333333333334 0.013541666666666667 0.025
2 0.5296875 0.5308333333333334 0.008333333333333333 0.015
2 0.5091145833333334 0.53125 0.015104166666666667 0.025833333333333333
2 0.4505208333333333 0.5366666666666666 0.016666666666666666 0.021666666666666667
2 0.4583333333333333 0.53 0.016666666666666666 0.025
2 0.4796875 0.5191666666666667 0.014583333333333334 0.013333333333333334
