2 0.5072916666666667 0.5191666666666667 0.020833333333333332 0.02666666666666667
2 0.5359375 0.51375 0.017708333333333333 0.0225
2 0.47552083333333334 0.49875 0.011458333333333333 0.010833333333333334
5 0.43125 0.5258333333333334 0.03125 0.04
2 0.509375 0.5008333333333334 0.028125 0.018333333333333333
5 0.9065104166666667 0.5470833333333334 0.18697916666666667 0.1125
2 0.34401041666666665 0.5183333333333333 0.043229166666666666 0.043333333333333335
2 0.46484375 0.5120833333333333 0.015104166666666667 0.0225
2 0.5252604166666667 0.5091666666666667 0.0109375 0.016666666666666666
5 0.96640625 0.5779166666666666 0.0671875 0.09583333333333334
2 0.29192708333333334 0.52375 0.0421875 0.03916666666666667
0 0.26953125 0.56375 0.016145833333333335 0.060833333333333336
0 0.2515625 0.5633333333333334 0.011458333333333333 0.06166666666666667
2 0.48098958333333336 0.5058333333333334 0.019270833333333334 0.015
2 0.7916666666666666 0.5395833333333333 0.07916666666666666 0.035833333333333335
2 0.253125 0.5229166666666667 0.03333333333333333 0.035833333333333335
