2 0.6502604166666667 0.5866666666666667 0.14010416666666667 0.16
0 0.7096354166666666 0.5775 0.0390625 0.135
2 0.47760416666666666 0.5183333333333333 0.015625 0.02
2 0.5401041666666667 0.5320833333333334 0.036458333333333336 0.0425
2 0.35390625 0.5445833333333333 0.049479166666666664 0.0625
2 0.38229166666666664 0.5395833333333333 0.027083333333333334 0.04083333333333333
5 0.4278645833333333 0.5166666666666667 0.030729166666666665 0.041666666666666664
5 0.45651041666666664 0.5079166666666667 0.0203125 0.0375
2 0.49244791666666665 0.5154166666666666 0.015104166666666667 0.0175
2 0.44817708333333334 0.5175 0.0203125 0.03166666666666667
2 0.5036458333333333 0.5154166666666666 0.00625 0.010833333333333334
2 0.9950520833333333 0.5125 0.009895833333333333 0.03666666666666667
0 0.50859375 0.5154166666666666 0.005729166666666666 0.020833333333333332
6 0.3953125 0.4766666666666667 0.004166666666666667 0.018333333333333333
2 0.22369791666666666 0.6416666666666667 0.24635416666666668 0.21
6 0.44947916666666665 0.43416666666666665 0.004166666666666667 0.015
0 0.5778645833333333 0.5208333333333334 0.0078125 0.02666666666666667
6 0.48802083333333335 0.4354166666666667 0.004166666666666667 0.015833333333333335
2 0.5190104166666667 0.5183333333333333 0.016145833333333335 0.02
