2 0.5119791666666667 0.5225 0.021875 0.02666666666666667
2 0.10052083333333334 0.67875 0.20104166666666667 0.2225
2 0.5385416666666667 0.5158333333333334 0.015625 0.021666666666666667
2 0.9776041666666667 0.5758333333333333 0.04479166666666667 0.11333333333333333
2 0.48020833333333335 0.4995833333333333 0.010416666666666666 0.0075
5 0.44140625 0.5270833333333333 0.028645833333333332 0.0375
2 0.5143229166666666 0.5020833333333333 0.030729166666666665 0.0175
5 0.8296875 0.5395833333333333 0.13333333333333333 0.0925
2 0.3611979166666667 0.5208333333333334 0.0390625 0.04
2 0.4705729166666667 0.5145833333333333 0.015104166666666667 0.0225
2 0.52890625 0.51125 0.009895833333333333 0.015833333333333335
5 0.91171875 0.5508333333333333 0.14322916666666666 0.10666666666666667
2 0.31276041666666665 0.5241666666666667 0.03697916666666667 0.035
0 0.30807291666666664 0.55625 0.015104166666666667 0.05416666666666667
0 0.2921875 0.5583333333333333 0.009375 0.051666666666666666
2 0.4830729166666667 0.50875 0.0171875 0.014166666666666666
2 0.7598958333333333 0.5358333333333334 0.06041666666666667 0.03
2 0.28541666666666665 0.5254166666666666 0.013541666666666667 0.030833333333333334
