1 0.5794270833333334 0.5575 0.0203125 0.058333333333333334
2 0.09739583333333333 0.58625 0.19375 0.12583333333333332
2 0.45546875 0.5091666666666667 0.018229166666666668 0.02666666666666667
0 0.5796875 0.535 0.021875 0.08
2 0.6209449404761905 0.49541666666666656 0.04873511904761898 0.01988095238095241
2 0.5333333333333333 0.49933333333333335 0.008333333333333333 0.011666666666666667
2 0.52890625 0.49583333333333335 0.0078125 0.011666666666666667
2 0.4856770833333333 0.5019166666666667 0.0109375 0.015833333333333335
2 0.43359375 0.5416666666666666 0.06197916666666667 0.07
2 0.5186197916666667 0.49927083333333333 0.0078125 0.013125
2 0.63154296875 0.49927083333333333 0.033528645833333336 0.017291666666666667
2 0.64140625 0.504375 0.009375 0.012083333333333333
2 0.6251562500000001 0.4971666666666667 0.023229166666666738 0.016666666666666666
2 0.463578869047619 0.5080357142857143 0.008854166666666666 0.020833333333333332
2 0.4677827380952381 0.5076190476190476 0.008779761904761922 0.02190476190476185
2 0.6470486111111112 0.5061111111111112 0.003125 0.012777777777777714
