1 0.5869791666666667 0.5666666666666667 0.025 0.06666666666666667
2 0.44296875 0.5029166666666667 0.016145833333333335 0.0125
0 0.5864583333333333 0.5391666666666667 0.022916666666666665 0.09166666666666666
2 0.6323958333333334 0.4957500000000001 0.06895833333333339 0.022833333333333313
2 0.531423611111111 0.5008333333333334 0.009027777777777798 0.011666666666666667
2 0.52578125 0.49666666666666665 0.008854166666666666 0.011666666666666667
2 0.4814583333333333 0.5040833333333333 0.013541666666666667 0.01816666666666663
2 0.4557291666666667 0.5295833333333333 0.051041666666666666 0.0575
2 0.5166145833333334 0.4996666666666667 0.0078125 0.010666666666666628
2 0.65296875 0.5074166666666666 0.04718749999999995 0.034166666666666665
2 0.6672916666666667 0.5079166666666667 0.013750000000000047 0.01783333333333341
2 0.6394791666666666 0.49774999999999997 0.025 0.01616666666666665
2 0.45286458333333335 0.5 0.005729166666666666 0.006666666666666667
2 0.45807291666666666 0.49875 0.005729166666666666 0.005833333333333334
2 0.6776041666666667 0.5045833333333334 0.01171875 0.025
2 0.6705729166666666 0.5033333333333333 0.027604166666666666 0.02666666666666667
