2 0.5104166666666666 0.51875 0.021875 0.0275
2 0.07552083333333333 0.6858333333333333 0.15104166666666666 0.21
2 0.5377604166666666 0.5125 0.0171875 0.021666666666666667
2 0.4791666666666667 0.49625 0.010416666666666666 0.010833333333333334
5 0.43828125 0.52375 0.028645833333333332 0.03916666666666667
2 0.51171875 0.4995833333333333 0.028645833333333332 0.0175
5 0.8518229166666667 0.5366666666666666 0.1515625 0.09666666666666666
2 0.35572916666666665 0.5175 0.03854166666666667 0.04
2 0.46953125 0.5104166666666666 0.015104166666666667 0.0225
2 0.5278645833333333 0.5070833333333333 0.009895833333333333 0.015833333333333335
5 0.93359375 0.5529166666666666 0.1328125 0.1175
2 0.30494791666666665 0.5208333333333334 0.034895833333333334 0.03666666666666667
0 0.29635416666666664 0.55625 0.013541666666666667 0.05583333333333333
0 0.28020833333333334 0.5575 0.009375 0.055
2 0.48333333333333334 0.5054166666666666 0.017708333333333333 0.014166666666666666
2 0.7703125 0.5329166666666667 0.06666666666666667 0.030833333333333334
2 0.27630208333333334 0.5225 0.019270833333333334 0.03333333333333333
