1 0.5390625 0.5429166666666667 0.013541666666666667 0.04083333333333333
2 0.33880208333333334 0.5329166666666667 0.06510416666666667 0.04416666666666667
2 0.5059895833333333 0.505 0.021354166666666667 0.015
2 0.45078125 0.5091666666666667 0.0140625 0.02
0 0.5401041666666667 0.53 0.014583333333333334 0.058333333333333334
2 0.55625 0.5010416666666667 0.011458333333333333 0.01375
2 0.5080729166666667 0.49916666666666665 0.005729166666666666 0.006666666666666667
2 0.45598958333333334 0.5070833333333333 0.008854166666666666 0.015833333333333335
2 0.5041666666666667 0.49666666666666665 0.007291666666666667 0.008333333333333333
2 0.4692187500000001 0.50375 0.009062500000000048 0.014166666666666666
2 0.14713541666666666 0.6670833333333334 0.2942708333333333 0.24416666666666667
2 0.49322916666666666 0.5029166666666667 0.004166666666666667 0.009166666666666667
