1 0.5442708333333334 0.54375 0.014583333333333334 0.04083333333333333
2 0.321875 0.5320833333333334 0.075 0.04583333333333333
2 0.5213541666666667 0.5029166666666667 0.013541666666666667 0.015833333333333335
2 0.45364583333333336 0.5083333333333333 0.019791666666666666 0.02
0 0.5447916666666667 0.5283333333333333 0.014583333333333334 0.058333333333333334
2 0.5640104166666666 0.497 0.0171875 0.015
2 0.5114583333333333 0.4984166666666667 0.006458333333333321 0.009166666666666667
2 0.4565476190476191 0.5051190476190476 0.013244047619047628 0.017619047619047593
2 0.5080729166666667 0.495 0.0078125 0.011666666666666667
2 0.4720052083333333 0.5010416666666667 0.008854166666666666 0.014166666666666666
2 0.2453125 0.61625 0.2 0.17583333333333334
2 0.49947916666666664 0.5 0.007291666666666667 0.01
