2 0.34375 0.52625 0.027083333333333334 0.0325
0 0.63515625 0.5625 0.028645833333333332 0.105
5 0.11692708333333333 0.54375 0.15364583333333334 0.15916666666666668
2 0.20989583333333334 0.545 0.05520833333333333 0.08333333333333333
6 0.34088541666666666 0.16416666666666666 0.0171875 0.07333333333333333
2 0.43776041666666665 0.5391666666666667 0.04739583333333333 0.055
6 0.1421875 0.14125 0.019791666666666666 0.07583333333333334
6 0.6135416666666667 0.38375 0.019791666666666666 0.06583333333333333
6 0.8528645833333334 0.005 0.030729166666666665 0.01
0 0.48151041666666666 0.53125 0.019270833333333334 0.0625
2 0.23723958333333334 0.535 0.044270833333333336 0.07
2 0.3606770833333333 0.5229166666666667 0.009895833333333333 0.015833333333333335
2 0.26484375 0.5320833333333334 0.030729166666666665 0.0525
2 0.2755208333333333 0.5258333333333334 0.034375 0.051666666666666666
2 0.2981770833333333 0.5204166666666666 0.028645833333333332 0.04583333333333333
5 0.31302083333333336 0.5054166666666666 0.036458333333333336 0.06583333333333333
2 0.4278645833333333 0.5295833333333333 0.030729166666666665 0.049166666666666664
2 0.40729166666666666 0.5225 0.013541666666666667 0.03666666666666667
2 0.3796006944444444 0.5225 0.01232638888888887 0.015555555555555524
0 0.37934027777777773 0.5190277777777778 0.003125 0.015833333333333335
2 0.3966145833333333 0.5179166666666667 0.011979166666666667 0.0225
0 0.7856770833333333 0.6070833333333333 0.059895833333333336 0.16916666666666666
0 0.025 0.5691666666666667 0.05 0.12333333333333334
2 0.3684895833333333 0.52125 0.008854166666666666 0.015833333333333335
2 0.4153645833333333 0.5266666666666666 0.013020833333333334 0.043333333333333335
0 0.5010416666666667 0.5216666666666666 0.011458333333333333 0.04666666666666667
2 0.29453125 0.5308333333333334 0.013020833333333334 0.03166666666666667
