2 0.4981770833333333 0.5070833333333333 0.0203125 0.025833333333333333
2 0.5294270833333333 0.5054166666666666 0.019270833333333334 0.024166666666666666
2 0.4661458333333333 0.49333333333333335 0.011458333333333333 0.021666666666666667
5 0.4140625 0.5175 0.035416666666666666 0.045
2 0.5013020833333334 0.49083333333333334 0.028645833333333332 0.018333333333333333
5 0.9611979166666667 0.5591666666666667 0.07760416666666667 0.13333333333333333
2 0.3143229166666667 0.5075 0.049479166666666664 0.04833333333333333
2 0.45416666666666666 0.5020833333333333 0.015625 0.0225
2 0.51875 0.4995833333333333 0.0125 0.0175
2 0.25729166666666664 0.5120833333333333 0.046875 0.0425
0 0.19791666666666666 0.5641666666666667 0.019791666666666666 0.07666666666666666
0 0.17369791666666667 0.5645833333333333 0.015104166666666667 0.0775
2 0.47760416666666666 0.49583333333333335 0.015625 0.015
2 0.8479166666666667 0.5416666666666666 0.11875 0.045
2 0.20364583333333333 0.5125 0.046875 0.04
2 0.17057291666666666 0.5116666666666667 0.025520833333333333 0.03666666666666667
