1 0.5390625 0.5420833333333334 0.013541666666666667 0.03916666666666667
2 0.3450520833333333 0.5316666666666666 0.06197916666666667 0.04
2 0.4984375 0.5045833333333334 0.021875 0.015833333333333335
2 0.45026041666666666 0.51 0.013020833333333334 0.018333333333333333
0 0.5388020833333333 0.5283333333333333 0.0140625 0.05
2 0.5528645833333333 0.5008333333333334 0.0109375 0.013333333333333334
2 0.50625 0.4998333333333333 0.00604166666666662 0.007000000000000076
2 0.4569010416666667 0.5081770833333333 0.00703125 0.015104166666666667
2 0.5028645833333333 0.4975 0.0078125 0.01
2 0.4679166666666667 0.5030833333333333 0.009375 0.014166666666666666
2 0.13151041666666666 0.695 0.2630208333333333 0.28833333333333333
