1 0.5677083333333334 0.5529166666666666 0.017708333333333333 0.0525
2 0.22682291666666668 0.5566666666666666 0.14114583333333333 0.075
2 0.45546875 0.5108333333333334 0.0171875 0.025
0 0.5682291666666667 0.5366666666666666 0.01875 0.07166666666666667
2 0.5989583333333334 0.49666666666666665 0.034375 0.018333333333333333
2 0.5270833333333333 0.50125 0.008333333333333333 0.010833333333333334
2 0.46364583333333337 0.50825 0.01541666666666668 0.021499999999999964
2 0.52265625 0.4975 0.008854166666666666 0.011666666666666667
2 0.4817708333333333 0.5029166666666667 0.011458333333333333 0.015833333333333335
2 0.38984375 0.565 0.08489583333333334 0.09
2 0.512890625 0.501875 0.0078125 0.011666666666666667
2 0.6049768518518517 0.5029629629629628 0.02048611111111095 0.015185185185185144
2 0.6123697916666667 0.5058333333333334 0.0049479166666666664 0.009166666666666667
2 0.6019097222222222 0.49833333333333335 0.017708333333333333 0.013333333333333334
