1 0.5645833333333333 0.5529166666666666 0.016666666666666666 0.049166666666666664
2 0.24505208333333334 0.5554166666666667 0.1296875 0.0725
2 0.45416666666666666 0.5120833333333333 0.016666666666666666 0.0225
0 0.5643229166666667 0.5329166666666667 0.018229166666666668 0.06583333333333333
2 0.5927604166666666 0.4973333333333333 0.03114583333333331 0.019666666666666686
2 0.5240451388888888 0.5018055555555555 0.008333333333333333 0.010833333333333334
2 0.46145833333333336 0.5095833333333334 0.014583333333333334 0.020833333333333332
2 0.5203125 0.49875 0.008333333333333333 0.0125
2 0.4803385416666667 0.505 0.011458333333333333 0.015833333333333335
2 0.3768229166666667 0.5704166666666667 0.09322916666666667 0.09583333333333334
2 0.51046875 0.502 0.0078125 0.011666666666666667
2 0.5994212962962963 0.501574074074074 0.018402777777777858 0.014629629629629524
2 0.6066145833333333 0.5063333333333333 0.005104166666666643 0.007666666666666704
2 0.5974479166666666 0.49899999999999994 0.014479166666666644 0.013333333333333334
