2 0.5239583333333333 0.5304166666666666 0.025 0.030833333333333334
2 0.25104166666666666 0.5920833333333333 0.13645833333333332 0.14916666666666667
2 0.3296875 0.5641666666666667 0.08125 0.09666666666666666
2 0.37942708333333336 0.5591666666666667 0.04635416666666667 0.06333333333333334
2 0.5450520833333333 0.51625 0.013020833333333334 0.0175
2 0.7674479166666667 0.525 0.12447916666666667 0.07166666666666667
2 0.8130208333333333 0.5375 0.14375 0.06666666666666667
2 0.49609375 0.5075 0.009895833333333333 0.016666666666666666
5 0.46901041666666665 0.52375 0.021354166666666667 0.029166666666666667
2 0.5265625 0.5054166666666666 0.030208333333333334 0.019166666666666665
5 0.69765625 0.5254166666666666 0.0640625 0.0525
2 0.40911458333333334 0.5191666666666667 0.0265625 0.028333333333333332
2 0.48880208333333336 0.5154166666666666 0.011979166666666667 0.0175
2 0.5375 0.5129166666666667 0.008333333333333333 0.014166666666666666
5 0.7192708333333333 0.5191666666666667 0.04791666666666667 0.03333333333333333
2 0.97890625 0.5729166666666666 0.0421875 0.08416666666666667
2 0.7799479166666666 0.53125 0.10364583333333334 0.0675
2 0.3809895833333333 0.52 0.013020833333333334 0.02
0 0.3953125 0.5370833333333334 0.007291666666666667 0.0225
