2 0.51328125 0.5204166666666666 0.022395833333333334 0.0275
2 0.12317708333333334 0.6479166666666667 0.24635416666666668 0.1925
2 0.5385416666666667 0.5133333333333333 0.015625 0.02
2 0.9526041666666667 0.55375 0.09479166666666666 0.1475
2 0.4817708333333333 0.49833333333333335 0.010416666666666666 0.01
5 0.44427083333333334 0.5233333333333333 0.027083333333333334 0.03666666666666667
2 0.5135416666666667 0.4995833333333333 0.028125 0.0175
5 0.8049479166666667 0.5354166666666667 0.11510416666666666 0.08416666666666667
2 0.36744791666666665 0.5175 0.0390625 0.03833333333333333
2 0.47265625 0.5116666666666667 0.015104166666666667 0.021666666666666667
2 0.52890625 0.5083333333333333 0.009895833333333333 0.015
5 0.8768229166666667 0.5454166666666667 0.12552083333333333 0.09583333333333334
2 0.9963541666666667 0.5683333333333334 0.007291666666666667 0.03333333333333333
2 0.32005208333333335 0.52125 0.0359375 0.034166666666666665
0 0.31979166666666664 0.5516666666666666 0.0125 0.05
0 0.30546875 0.5529166666666666 0.009895833333333333 0.0475
2 0.4830729166666667 0.5066666666666667 0.0140625 0.013333333333333334
2 0.7481770833333333 0.5333333333333333 0.05260416666666667 0.028333333333333332
2 0.29713541666666665 0.5241666666666667 0.0078125 0.025
