2 0.48020833333333335 0.53 0.034375 0.04
0 0.7375 0.5504166666666667 0.025 0.0825
5 0.35703125 0.5308333333333334 0.0859375 0.10666666666666667
2 0.40625 0.5341666666666667 0.03125 0.06333333333333334
6 0.5140625 0.28791666666666665 0.010416666666666666 0.04583333333333333
2 0.57578125 0.5329166666666667 0.0390625 0.04583333333333333
6 0.22786458333333334 0.4058333333333333 0.011979166666666667 0.04666666666666667
6 0.3958333333333333 0.2833333333333333 0.010416666666666666 0.045
6 0.6953125 0.4191666666666667 0.0125 0.04
6 0.78984375 0.20333333333333334 0.0234375 0.06833333333333333
0 0.6091145833333333 0.5270833333333333 0.009895833333333333 0.0525
2 0.4205729166666667 0.52875 0.025520833333333333 0.05416666666666667
2 0.5015625 0.5225 0.0125 0.016666666666666666
2 0.43515625 0.5270833333333333 0.0203125 0.0425
2 0.4393229166666667 0.5229166666666667 0.0265625 0.0425
2 0.45546875 0.5191666666666667 0.018229166666666668 0.03833333333333333
5 0.465625 0.4979166666666667 0.03229166666666667 0.03916666666666667
2 0.5682291666666667 0.5258333333333334 0.029166666666666667 0.04
2 0.54765625 0.52125 0.011979166666666667 0.0325
2 0.5206473214285714 0.5201785714285714 0.012723214285714294 0.015833333333333335
0 0.5229166666666667 0.5170833333333333 0.0036458333333333334 0.015
2 0.5366319444444444 0.5175000000000001 0.011805555555555477 0.02055555555555562
0 0.8841145833333334 0.5733333333333334 0.0328125 0.10833333333333334
1 0.028125 0.58125 0.05625 0.06583333333333333
0 0.6385416666666667 0.5279166666666667 0.003125 0.015833333333333335
0 0.28411458333333334 0.5454166666666667 0.03177083333333333 0.07916666666666666
2 0.5086458333333334 0.5204166666666665 0.006666666666666643 0.016499999999999963
2 0.5541666666666667 0.52375 0.011458333333333333 0.035833333333333335
0 0.63046875 0.5208333333333334 0.0109375 0.03833333333333333
2 0.45364583333333336 0.5275 0.009375 0.02666666666666667
