2 0.4940104166666667 0.49916666666666665 0.019270833333333334 0.025
2 0.5299479166666666 0.5004166666666666 0.022395833333333334 0.0275
2 0.46145833333333336 0.4875 0.0125 0.023333333333333334
5 0.39348958333333334 0.51625 0.044270833333333336 0.05416666666666667
2 0.5 0.48625 0.03333333333333333 0.0175
2 0.26875 0.5058333333333334 0.06666666666666667 0.06
2 0.44583333333333336 0.4970833333333333 0.015625 0.024166666666666666
2 0.5166666666666667 0.4945833333333333 0.0125 0.0175
2 0.19557291666666668 0.5104166666666666 0.06927083333333334 0.05416666666666667
0 0.009895833333333333 0.59625 0.019791666666666666 0.12583333333333332
2 0.4783854166666667 0.49041666666666667 0.011979166666666667 0.015833333333333335
2 0.94609375 0.5579166666666666 0.1078125 0.08083333333333333
2 0.13125 0.5108333333333334 0.06354166666666666 0.051666666666666666
2 0.07682291666666667 0.51125 0.0609375 0.0475
2 0.028385416666666666 0.5104166666666666 0.05677083333333333 0.0475
2 0.45390625 0.49666666666666665 0.0046875 0.016666666666666666
