2 0.5083333333333333 0.5183333333333333 0.020833333333333332 0.02666666666666667
2 0.0203125 0.7466666666666667 0.040625 0.14666666666666667
2 0.53671875 0.5129166666666667 0.0171875 0.0225
2 0.4765625 0.4975 0.011458333333333333 0.011666666666666667
5 0.43333333333333335 0.525 0.030208333333333334 0.04
2 0.509375 0.49916666666666665 0.028125 0.018333333333333333
5 0.8934895833333333 0.54375 0.17760416666666667 0.1075
2 0.34765625 0.5170833333333333 0.043229166666666666 0.0425
2 0.46588541666666666 0.5104166666666666 0.015104166666666667 0.0225
2 0.52578125 0.5075 0.009895833333333333 0.016666666666666666
5 0.9567708333333333 0.5629166666666666 0.08645833333333333 0.11583333333333333
2 0.29583333333333334 0.5216666666666666 0.041666666666666664 0.03833333333333333
0 0.2765625 0.5604166666666667 0.015625 0.059166666666666666
0 0.259375 0.56 0.011458333333333333 0.06
2 0.48151041666666666 0.505 0.019270833333333334 0.015
2 0.7869791666666667 0.5379166666666667 0.07604166666666666 0.035833333333333335
2 0.2596354166666667 0.52125 0.030729166666666665 0.034166666666666665
