2 0.5205729166666667 0.5329166666666667 0.0234375 0.029166666666666667
2 0.10989583333333333 0.645 0.21979166666666666 0.23666666666666666
2 0.24973958333333332 0.59 0.13697916666666668 0.13666666666666666
2 0.3346354166666667 0.5766666666666667 0.0765625 0.08166666666666667
2 0.54296875 0.5208333333333334 0.0140625 0.018333333333333333
2 0.8291666666666667 0.5245833333333333 0.13541666666666666 0.06916666666666667
2 0.8927083333333333 0.5545833333333333 0.16770833333333332 0.08583333333333333
2 0.49114583333333334 0.51125 0.010416666666666666 0.0175
5 0.46067708333333335 0.52875 0.022395833333333334 0.030833333333333334
2 0.52109375 0.5091666666666667 0.0265625 0.018333333333333333
5 0.71796875 0.5333333333333333 0.06822916666666666 0.06
2 0.3971354166666667 0.5229166666666667 0.0296875 0.030833333333333334
2 0.4828125 0.5191666666666667 0.0125 0.018333333333333333
2 0.534375 0.51625 0.008333333333333333 0.014166666666666666
5 0.7528645833333333 0.5391666666666667 0.0734375 0.06166666666666667
2 0.8455729166666667 0.5433333333333333 0.13697916666666668 0.085
2 0.36171875 0.5270833333333333 0.0203125 0.025833333333333333
0 0.37604166666666666 0.5483333333333333 0.011458333333333333 0.035
0 0.36380208333333336 0.54875 0.0067708333333333336 0.029166666666666667
2 0.47213541666666664 0.5129166666666667 0.0078125 0.009166666666666667
