1 0.5734375 0.555 0.019791666666666666 0.055
2 0.19036458333333334 0.5654166666666667 0.16510416666666666 0.08916666666666667
2 0.45703125 0.5108333333333334 0.018229166666666668 0.023333333333333334
0 0.5729166666666666 0.53625 0.01875 0.0775
2 0.607421875 0.498125 0.040364583333333336 0.02125
2 0.5302083333333333 0.50125 0.008333333333333333 0.010833333333333334
2 0.4671875 0.5095833333333334 0.010416666666666666 0.020833333333333332
2 0.5265625 0.49833333333333335 0.007291666666666667 0.011666666666666667
2 0.48489583333333336 0.5054166666666666 0.011458333333333333 0.015833333333333335
2 0.40859375 0.5583333333333333 0.07447916666666667 0.07833333333333334
2 0.5161458333333333 0.5023958333333334 0.0078125 0.010625
2 0.6144345238095237 0.5014880952380952 0.024107142857142824 0.015119047619047593
2 0.6228050595238095 0.5074404761904762 0.006473214285714354 0.013214285714285741
2 0.6096354166666667 0.49875 0.021354166666666667 0.014166666666666666
