1 0.546875 0.5433333333333333 0.014583333333333334 0.045
2 0.31354166666666666 0.53125 0.08020833333333334 0.0425
2 0.5265625 0.5004166666666666 0.013541666666666667 0.014166666666666666
2 0.4518229166666667 0.5070833333333333 0.015104166666666667 0.020833333333333332
0 0.5473958333333333 0.5291666666666667 0.016666666666666666 0.06166666666666667
2 0.5680729166666666 0.497 0.0203125 0.015666666666666627
2 0.5130208333333334 0.49833333333333335 0.0067708333333333336 0.009166666666666667
2 0.45677083333333335 0.5033333333333333 0.014583333333333334 0.018333333333333333
2 0.5096354166666667 0.4945833333333333 0.0078125 0.010833333333333334
2 0.4728125 0.50075 0.008958333333333356 0.014166666666666666
2 0.275 0.6045833333333334 0.171875 0.1575
2 0.50046875 0.49950000000000006 0.0078125 0.01
2 0.5727746212121211 0.4994318181818182 0.009848484848484891 0.011439393939393956
