1 0.5877604166666667 0.5704166666666667 0.024479166666666666 0.06916666666666667
2 0.44036458333333334 0.5141666666666667 0.016145833333333335 0.028333333333333332
0 0.5880208333333333 0.545 0.025 0.09833333333333333
2 0.6343315972222222 0.4977777777777777 0.06744791666666666 0.024444444444444477
2 0.5312065972222222 0.5028472222222222 0.009461805555555595 0.01180555555555562
2 0.52578125 0.4995833333333333 0.008854166666666666 0.0125
2 0.48041666666666666 0.5058333333333334 0.013541666666666667 0.01899999999999996
2 0.45989583333333334 0.5304166666666666 0.04791666666666667 0.05416666666666667
2 0.516015625 0.5009375 0.0078125 0.010625
2 0.6573437500000001 0.5095000000000001 0.04864583333333338 0.034666666666666686
2 0.6733506944444444 0.5111111111111111 0.013368055555555477 0.018333333333333333
2 0.6439583333333334 0.5001666666666668 0.026875000000000072 0.016333333333333352
2 0.45042317708333335 0.50234375 0.005403645833333333 0.0071875
2 0.45611979166666666 0.5008333333333334 0.005295138888888869 0.005833333333333334
2 0.6854166666666667 0.5077083333333333 0.014973958333333334 0.025
2 0.6775 0.50425 0.03145833333333338 0.028166666666666628
