1 0.5721354166666667 0.55375 0.018229166666666668 0.0525
2 0.20494791666666667 0.5616666666666666 0.1546875 0.085
2 0.45651041666666664 0.5095833333333334 0.018229166666666668 0.024166666666666666
0 0.5716145833333334 0.5333333333333333 0.018229166666666668 0.06833333333333333
2 0.6048177083333335 0.49597222222222226 0.03793402777777786 0.018333333333333333
2 0.5289583333333333 0.5005833333333334 0.008333333333333333 0.010833333333333334
2 0.46677083333333336 0.50825 0.010416666666666666 0.020833333333333332
2 0.5247395833333334 0.4970833333333333 0.0078125 0.0125
2 0.4836458333333333 0.5034166666666666 0.011458333333333333 0.015833333333333335
2 0.40182291666666664 0.5608333333333333 0.07864583333333333 0.085
2 0.5151041666666667 0.5011458333333333 0.0078125 0.011458333333333333
2 0.6107142857142857 0.5007738095238097 0.022619047619047688 0.01559523809523815
2 0.61796875 0.5058333333333334 0.005729166666666666 0.011666666666666667
2 0.6059895833333334 0.4984722222222222 0.021006944444444522 0.013611111111111048
