2 0.9486979166666667 0.8670833333333333 0.10260416666666666 0.2658333333333333
7 0.6057291666666667 0.4404166666666667 0.028125 0.04083333333333333
2 0.7545138888888889 0.5277777777777778 0.11284722222222214 0.06055555555555562
2 0.8315104166666667 0.7008333333333333 0.33697916666666666 0.33666666666666667
2 0.5094618055555555 0.5293055555555556 0.03576388888888893 0.02666666666666667
2 0.5315972222222223 0.5261111111111111 0.018402777777777858 0.023333333333333334
2 0.545796130952381 0.5263690476190476 0.0171875 0.020833333333333332
2 0.5534505208333333 0.5223958333333333 0.017578125 0.023125
2 0.5651041666666666 0.5245833333333333 0.007291666666666667 0.0175
2 0.5700148809523811 0.5241666666666667 0.006994047619047687 0.016666666666666666
2 0.5748437500000001 0.5223749999999999 0.011979166666666667 0.01858333333333339
2 0.5859114583333334 0.5194166666666666 0.014114583333333286 0.018333333333333333
2 0.6095486111111111 0.5256944444444444 0.021180555555555595 0.02472222222222219
2 0.6171875 0.5125 0.016666666666666666 0.01
5 0.21041666666666667 0.5366666666666666 0.036458333333333336 0.051666666666666666
2 0.5958333333333333 0.5225 0.007291666666666667 0.006666666666666667
