2 0.7768229166666667 0.6441666666666667 0.27239583333333334 0.27666666666666667
2 0.5895833333333333 0.5504166666666667 0.058333333333333334 0.09083333333333334
2 0.9247395833333333 0.7891666666666667 0.15052083333333333 0.37833333333333335
2 0.31484375 0.5575 0.07239583333333334 0.08
2 0.5442708333333334 0.5354166666666667 0.028125 0.04416666666666667
5 0.11744791666666667 0.5833333333333334 0.23489583333333333 0.2816666666666667
2 0.6466145833333333 0.5733333333333334 0.10260416666666666 0.15666666666666668
2 0.5596354166666667 0.5483333333333333 0.022395833333333334 0.058333333333333334
2 0.525 0.5241666666666667 0.016666666666666666 0.023333333333333334
5 0.5057291666666667 0.5220833333333333 0.011458333333333333 0.009166666666666667
2 0.51484375 0.52375 0.0078125 0.0175
2 0.9911458333333333 0.52125 0.017708333333333333 0.0325
