2 0.1234375 0.5966666666666667 0.22083333333333333 0.175
2 0.3848958333333333 0.5695833333333333 0.090625 0.10083333333333333
2 0.6375 0.57 0.09791666666666667 0.13666666666666666
2 0.5692708333333333 0.5333333333333333 0.0375 0.07
2 0.7604166666666666 0.6129166666666667 0.23333333333333334 0.2325
2 0.35598958333333336 0.5295833333333333 0.04739583333333333 0.0475
2 0.5408854166666667 0.5229166666666667 0.021354166666666667 0.0375
5 0.2671875 0.5379166666666667 0.11666666666666667 0.16583333333333333
2 0.59921875 0.5445833333333333 0.0609375 0.1025
2 0.55078125 0.5308333333333334 0.018229166666666668 0.051666666666666666
2 0.52578125 0.5145833333333333 0.0140625 0.0225
5 0.5083333333333333 0.5129166666666667 0.011458333333333333 0.009166666666666667
2 0.5169270833333334 0.5145833333333333 0.0067708333333333336 0.015833333333333335
2 0.8713541666666667 0.5116666666666667 0.014583333333333334 0.02
