2 0.76875 0.64875 0.30416666666666664 0.3275
7 0.5697916666666667 0.44875 0.020833333333333332 0.0325
2 0.6236979166666666 0.5883333333333334 0.08489583333333334 0.15333333333333332
0 0.14244791666666667 0.5504166666666667 0.022395833333333334 0.09583333333333334
2 0.49635416666666665 0.5208333333333334 0.03229166666666667 0.025
2 0.5180989583333333 0.5184375 0.015104166666666667 0.021458333333333333
2 0.5309895833333333 0.5179166666666667 0.011979166666666667 0.019166666666666665
2 0.5384114583333334 0.515625 0.015364583333333333 0.02125
2 0.5489583333333333 0.5166666666666667 0.007291666666666667 0.016666666666666666
2 0.5536458333333333 0.5154166666666666 0.005208333333333333 0.0175
2 0.5578125 0.5141666666666667 0.0125 0.015
2 0.5682291666666667 0.5120833333333333 0.010416666666666666 0.0175
2 0.5916666666666667 0.5170833333333333 0.0125 0.0225
2 0.59453125 0.51125 0.013020833333333334 0.020833333333333332
