7 0.6377604166666667 0.42333333333333334 0.0359375 0.056666666666666664
2 0.8044270833333333 0.5345833333333333 0.13177083333333334 0.07083333333333333
2 0.9549479166666667 0.8833333333333333 0.09010416666666667 0.23333333333333334
2 0.5091145833333334 0.53375 0.04010416666666667 0.030833333333333334
2 0.5315104166666667 0.5309722222222222 0.022395833333333334 0.024166666666666666
2 0.5482291666666668 0.5298333333333334 0.015625 0.023333333333333334
2 0.5569010416666667 0.52625 0.01640625 0.025
2 0.5683333333333332 0.5280833333333332 0.007499999999999929 0.019166666666666665
2 0.5728587962962962 0.5270833333333333 0.0082175925925925 0.017314814814814762
2 0.5776041666666667 0.5258333333333334 0.0125 0.02
2 0.5885850694444446 0.5224305555555556 0.015190972222222262 0.019305555555555524
2 0.6219328703703703 0.532175925925926 0.026851851851851904 0.03009259259259257
2 0.6291666666666667 0.5208333333333334 0.025 0.021666666666666667
5 0.15260416666666668 0.54125 0.096875 0.060833333333333336
2 0.6044270833333333 0.52125 0.016145833333333335 0.015833333333333335
