2 0.7630208333333334 0.635 0.25104166666666666 0.26166666666666666
2 0.5880208333333333 0.55 0.057291666666666664 0.08833333333333333
2 0.9119791666666667 0.7604166666666666 0.17604166666666668 0.42083333333333334
2 0.31796875 0.55625 0.07135416666666666 0.07583333333333334
2 0.5432291666666667 0.535 0.027083333333333334 0.043333333333333335
5 0.12083333333333333 0.5795833333333333 0.24166666666666667 0.26916666666666667
2 0.6424479166666667 0.5720833333333334 0.09947916666666666 0.14916666666666667
2 0.5596354166666667 0.5466666666666666 0.022395833333333334 0.058333333333333334
2 0.525 0.5241666666666667 0.016666666666666666 0.023333333333333334
5 0.5057291666666667 0.5220833333333333 0.011458333333333333 0.009166666666666667
2 0.51484375 0.52375 0.0078125 0.0175
2 0.98671875 0.5191666666666667 0.0265625 0.03333333333333333
