2 0.9442708333333333 0.5533333333333333 0.11145833333333334 0.12
5 0.0078125 0.5433333333333333 0.014583333333333334 0.04666666666666667
2 0.4856770833333333 0.5275 0.04635416666666667 0.03833333333333333
2 0.5140625 0.5216666666666666 0.028125 0.03
2 0.5989583333333334 0.5125 0.014583333333333334 0.018333333333333333
7 0.99609375 0.12 0.0078125 0.11833333333333333
2 0.5768229166666666 0.51125 0.015104166666666667 0.020833333333333332
2 0.5666666666666667 0.5145833333333333 0.011458333333333333 0.019166666666666665
2 0.53359375 0.52125 0.019270833333333334 0.025833333333333333
2 0.5611979166666666 0.5179166666666667 0.0078125 0.019166666666666665
2 0.5559895833333334 0.5183333333333333 0.008854166666666666 0.02
2 0.6385677083333334 0.5311666666666666 0.03703125000000007 0.04616666666666665
2 0.640234375 0.5097083333333334 0.03411458333333333 0.022249999999999943
2 0.5441145833333333 0.51625 0.01843749999999993 0.029166666666666667
