2 0.84609375 0.6870833333333334 0.3078125 0.3225
2 0.6778645833333333 0.5758333333333333 0.15677083333333333 0.18166666666666667
2 0.5484375 0.5308333333333334 0.036458333333333336 0.055
2 0.59140625 0.5533333333333333 0.0546875 0.08166666666666667
2 0.5059895833333333 0.5145833333333333 0.021354166666666667 0.0175
2 0.5713541666666667 0.53875 0.027083333333333334 0.0575
3 0.5921875 0.5658333333333333 0.023958333333333335 0.07333333333333333
2 0.6114583333333333 0.5058333333333334 0.028125 0.016666666666666666
2 0.5202380952380953 0.5122619047619048 0.013690476190476157 0.016666666666666666
7 0.5406250000000001 0.4749999999999999 0.009027777777777857 0.01611111111111105
