2 0.21380208333333334 0.5779166666666666 0.1515625 0.13083333333333333
2 0.43307291666666664 0.5483333333333333 0.05260416666666667 0.06166666666666667
2 0.609375 0.5604166666666667 0.06666666666666667 0.11083333333333334
2 0.5630208333333333 0.5345833333333333 0.029166666666666667 0.060833333333333336
2 0.6880208333333333 0.5854166666666667 0.15104166666666666 0.16416666666666666
2 0.37552083333333336 0.5366666666666666 0.04583333333333333 0.055
2 0.5403645833333334 0.525 0.0203125 0.035
5 0.30807291666666664 0.53625 0.09010416666666667 0.1375
2 0.58671875 0.5433333333333333 0.0484375 0.08666666666666667
2 0.5489583333333333 0.5325 0.015625 0.045
2 0.5270833333333333 0.5170833333333333 0.0125 0.0225
5 0.5109375 0.51625 0.011458333333333333 0.009166666666666667
2 0.5190104166666667 0.5170833333333333 0.0067708333333333336 0.015833333333333335
2 0.83046875 0.5145833333333333 0.008854166666666666 0.0125
