2 0.95546875 0.56125 0.0890625 0.11916666666666667
2 0.48098958333333336 0.5354166666666667 0.04739583333333333 0.03916666666666667
2 0.5106770833333333 0.52875 0.027604166666666666 0.030833333333333334
2 0.5828125 0.52125 0.01875 0.0225
2 0.5716145833333334 0.51625 0.013020833333333334 0.019166666666666665
2 0.5622395833333333 0.5204166666666666 0.013020833333333334 0.019166666666666665
2 0.5291666666666667 0.5266666666666666 0.020833333333333332 0.02666666666666667
2 0.5580729166666667 0.52375 0.0067708333333333336 0.019166666666666665
2 0.5526041666666667 0.5245833333333333 0.008333333333333333 0.020833333333333332
2 0.6380208333333334 0.5354166666666667 0.03958333333333333 0.0475
2 0.6385416666666667 0.5141666666666667 0.0375 0.023333333333333334
2 0.5392275855654761 0.5224404761904762 0.01977771577380949 0.029985119047619076
0 0.49392361111111105 0.5122222222222222 0.004861111111111131 0.015
