2 0.95546875 0.5608333333333333 0.0890625 0.12
2 0.48098958333333336 0.5354166666666667 0.04739583333333333 0.03916666666666667
2 0.5096354166666667 0.5291666666666667 0.028645833333333332 0.03
2 0.5841145833333333 0.5208333333333334 0.018229166666666668 0.021666666666666667
2 0.571875 0.5145833333333333 0.0125 0.0175
2 0.5622395833333333 0.5204166666666666 0.013020833333333334 0.019166666666666665
2 0.5291666666666667 0.5266666666666666 0.019791666666666666 0.02666666666666667
2 0.5578125 0.52375 0.007291666666666667 0.019166666666666665
2 0.5526041666666667 0.5245833333333333 0.008333333333333333 0.020833333333333332
2 0.6380208333333334 0.5354166666666667 0.03958333333333333 0.0475
2 0.6386289414414413 0.5141261261261263 0.03740427927927925 0.023306306306306417
2 0.5396875 0.5220833333333333 0.019166666666666703 0.02983333333333339
0 0.49406250000000007 0.5125 0.005416666666666714 0.015999999999999945
