2 0.30625 0.55 0.08645833333333333 0.085
2 0.46145833333333336 0.5270833333333333 0.027083333333333334 0.0325
2 0.5697916666666667 0.5425 0.0375 0.07666666666666666
2 0.5458333333333333 0.5270833333333333 0.019791666666666666 0.0475
2 0.6083333333333333 0.5516666666666666 0.07604166666666666 0.1
2 0.396875 0.5270833333333333 0.029166666666666667 0.0425
2 0.53203125 0.52 0.018229166666666668 0.03166666666666667
5 0.35390625 0.52375 0.0609375 0.10083333333333333
0 0.5127604166666667 0.51625 0.0046875 0.020833333333333332
0 0.5171875 0.5175 0.005208333333333333 0.02666666666666667
2 0.5611979166666666 0.5291666666666667 0.030729166666666665 0.06333333333333334
2 0.5375 0.5266666666666666 0.010416666666666666 0.035
5 0.50703125 0.5120833333333333 0.008854166666666666 0.0075
0 0.52265625 0.52 0.0046875 0.025
