2 0.9388020833333334 0.5458333333333333 0.12239583333333333 0.11666666666666667
5 0.020833333333333332 0.5491666666666667 0.041666666666666664 0.056666666666666664
2 0.49296875 0.52625 0.0453125 0.0375
2 0.5208333333333334 0.52125 0.027083333333333334 0.030833333333333334
2 0.60625 0.5108333333333334 0.013541666666666667 0.018333333333333333
7 0.9578125 0.18208333333333335 0.084375 0.20916666666666667
2 0.5830729166666667 0.51 0.015104166666666667 0.018333333333333333
2 0.5729166666666666 0.5133333333333333 0.011458333333333333 0.018333333333333333
2 0.5395833333333333 0.5191666666666667 0.019791666666666666 0.025
2 0.5671875 0.5166666666666667 0.007291666666666667 0.018333333333333333
2 0.5619791666666667 0.5166666666666667 0.008333333333333333 0.02
2 0.6416666666666667 0.5289583333333333 0.034895833333333334 0.04458333333333324
2 0.6427083333333333 0.5083333333333333 0.031770833333333214 0.020000000000000094
2 0.55 0.5152083333333334 0.018229166666666786 0.028749999999999904
