7 0.8419270833333333 0.28833333333333333 0.0921875 0.13666666666666666
2 0.9221354166666667 0.54375 0.15572916666666667 0.10916666666666666
2 0.5059895833333333 0.5266666666666666 0.0453125 0.03666666666666667
2 0.532986111111111 0.5230555555555556 0.027083333333333216 0.028333333333333332
2 0.5521809895833333 0.5221875 0.018033854166666665 0.025833333333333333
2 0.5611979166666666 0.5160416666666666 0.019270833333333334 0.02875
2 0.5735243055555554 0.5195833333333333 0.009201388888888929 0.020833333333333332
2 0.5779761904761905 0.5184523809523809 0.008333333333333333 0.020476190476190367
2 0.5840277777777777 0.5167361111111111 0.011458333333333333 0.021805555555555522
2 0.5942708333333333 0.5120833333333333 0.015625 0.021666666666666667
2 0.6456597222222222 0.5320833333333332 0.030555555555555478 0.04194444444444438
2 0.6494791666666667 0.5058333333333334 0.020833333333333332 0.011666666666666667
5 0.04635416666666667 0.5308333333333334 0.09270833333333334 0.09166666666666666
2 0.6190104166666667 0.5129166666666667 0.0140625 0.0175
