2 0.9453125 0.7529166666666667 0.109375 0.2808333333333333
2 0.8223958333333333 0.6408333333333334 0.2375 0.22833333333333333
2 0.37994791666666666 0.5758333333333333 0.09114583333333333 0.105
2 0.090625 0.64375 0.18125 0.2725
2 0.21796875 0.6025 0.10364583333333334 0.11666666666666667
2 0.2760416666666667 0.5820833333333333 0.06458333333333334 0.08583333333333333
2 0.3234375 0.5575 0.06145833333333333 0.07333333333333333
2 0.43411458333333336 0.5329166666666667 0.04010416666666667 0.0475
2 0.5130208333333334 0.54625 0.05416666666666667 0.06583333333333333
5 0.53046875 0.5016666666666667 0.018229166666666668 0.02666666666666667
2 0.5518229166666667 0.5204166666666666 0.024479166666666666 0.035833333333333335
0 0.86875 0.5158333333333334 0.03958333333333333 0.051666666666666666
0 0.8294270833333334 0.51 0.0328125 0.03833333333333333
0 0.796875 0.5141666666666667 0.025 0.035
2 0.6325520833333333 0.5366666666666666 0.0765625 0.06166666666666667
0 0.4901041666666667 0.6470833333333333 0.05 0.17083333333333334
2 0.3671875 0.5429166666666667 0.04375 0.0525
2 0.684375 0.5720833333333334 0.10833333333333334 0.0825
0 0.3927083333333333 0.5229166666666667 0.0125 0.020833333333333332
2 0.5377604166666666 0.52125 0.009895833333333333 0.029166666666666667
0 0.5963541666666666 0.5195833333333333 0.009375 0.0325
0 0.5903645833333333 0.5195833333333333 0.0078125 0.0275
2 0.47265625 0.5225 0.0109375 0.03
5 0.5067708333333333 0.505 0.017708333333333333 0.018333333333333333
2 0.5796875 0.6583333333333333 0.31145833333333334 0.24166666666666667
2 0.46119791666666665 0.5245833333333333 0.024479166666666666 0.035833333333333335
0 0.6738839285714285 0.520595238095238 0.014434523809523843 0.03380952380952389
0 0.690029761904762 0.5216666666666666 0.01517857142857153 0.03166666666666667
0 0.7069878472222223 0.5253472222222222 0.012934027777777857 0.02569444444444438
2 0.4783854166666667 0.5212500000000001 0.0109375 0.016388888888888953
2 0.4824776785714286 0.5191666666666667 0.009895833333333333 0.016666666666666666
2 0.4876627604166667 0.51671875 0.0048828125 0.010104166666666666
