0 0.53359375 0.7116666666666667 0.1453125 0.3883333333333333
2 0.07682291666666667 0.63 0.15364583333333334 0.265
0 0.4375 0.645 0.06875 0.425
2 0.19635416666666666 0.6145833333333334 0.12291666666666666 0.14083333333333334
2 0.27005208333333336 0.5895833333333333 0.0703125 0.10416666666666667
2 0.31171875 0.5629166666666666 0.058854166666666666 0.08416666666666667
2 0.3567708333333333 0.5679166666666666 0.09375 0.1125
2 0.41458333333333336 0.54625 0.015625 0.06583333333333333
2 0.8625 0.6745833333333333 0.275 0.28583333333333333
0 0.7765625 0.5333333333333333 0.020833333333333332 0.056666666666666664
0 0.7482007575757575 0.5493939393939393 0.017803030303030216 0.06651515151515165
2 0.51484375 0.5175 0.016145833333333335 0.011666666666666667
0 0.533984375 0.515 0.01015625 0.018333333333333333
2 0.46041666666666664 0.5304166666666666 0.009375 0.04083333333333333
2 0.47578125 0.5270833333333333 0.025520833333333333 0.0275
5 0.5377604166666666 0.5029166666666667 0.019270833333333334 0.0275
2 0.48828125 0.5166666666666667 0.0067708333333333336 0.008333333333333333
5 0.5135788690476191 0.5058333333333334 0.010491071428571412 0.013333333333333334
2 0.498046875 0.5147916666666666 0.007552083333333333 0.009583333333333333
2 0.5494791666666666 0.58625 0.07604166666666666 0.1275
2 0.6460069444444444 0.5647222222222222 0.09722222222222214 0.11277777777777771
2 0.5 0.5379166666666667 0.016145833333333335 0.029166666666666667
2 0.6002604166666666 0.5529166666666666 0.024479166666666666 0.06416666666666666
5 0.5614583333333333 0.5208333333333334 0.028125 0.03833333333333333
2 0.5454861111111111 0.5154166666666665 0.009027777777777857 0.015277777777777715
0 0.711015625 0.5281666666666667 0.015885416666666666 0.04300000000000002
0 0.6873437499999999 0.5234166666666668 0.013437499999999976 0.04383333333333335
0 0.729296875 0.5569791666666667 0.01796875 0.083125
0 0.7153645833333333 0.5654166666666667 0.021354166666666667 0.07916666666666666
0 0.5578125 0.515218253968254 0.008333333333333333 0.017103174603174693
2 0.7265625 0.5266666666666666 0.016666666666666666 0.018333333333333333
0 0.6080981182795698 0.5134677419354837 0.008165322580645314 0.02139784946236574
0 0.59375 0.5254166666666666 0.008333333333333333 0.025833333333333333
0 0.5986545138888889 0.5225 0.005729166666666666 0.03166666666666667
0 0.5901041666666667 0.5154166666666666 0.007291666666666667 0.014166666666666666
0 0.6758463541666667 0.5075 0.005859375 0.010416666666666666
5 0.5197916666666667 0.5080999999999999 0.004166666666666667 0.0075
