2 0.9453125 0.7529166666666667 0.109375 0.2808333333333333
2 0.8158854166666667 0.6408333333333334 0.25052083333333336 0.22833333333333333
2 0.15546875 0.71875 0.3109375 0.3375
2 0.08151041666666667 0.5891666666666666 0.16302083333333334 0.16166666666666665
2 0.2760416666666667 0.57375 0.06458333333333334 0.06916666666666667
2 0.32473958333333336 0.5566666666666666 0.0640625 0.07166666666666667
2 0.38645833333333335 0.5533333333333333 0.07083333333333333 0.08166666666666667
2 0.51328125 0.5329166666666667 0.03697916666666667 0.0425
5 0.53046875 0.5016666666666667 0.018229166666666668 0.02666666666666667
2 0.5518229166666667 0.5204166666666666 0.024479166666666666 0.035833333333333335
0 0.94140625 0.5666666666666667 0.043229166666666666 0.14666666666666667
0 0.7825520833333334 0.5091666666666667 0.019270833333333334 0.03333333333333333
0 0.7671875 0.5075 0.015625 0.045
2 0.6325520833333333 0.5366666666666666 0.0765625 0.06166666666666667
0 0.45677083333333335 0.6516666666666666 0.06770833333333333 0.30333333333333334
2 0.35625 0.5316666666666666 0.021875 0.03
2 0.6677083333333333 0.59125 0.08645833333333333 0.12916666666666668
0 0.42994791666666665 0.5270833333333333 0.0109375 0.04083333333333333
2 0.5372395833333333 0.52125 0.0109375 0.029166666666666667
0 0.5947916666666667 0.5195833333333333 0.00625 0.0325
0 0.57578125 0.5225 0.013020833333333334 0.03666666666666667
2 0.47265625 0.5225 0.0109375 0.03
5 0.5067708333333333 0.505 0.017708333333333333 0.018333333333333333
2 0.58671875 0.6575 0.20677083333333332 0.24333333333333335
2 0.4473958333333333 0.5279166666666667 0.010416666666666666 0.0375
0 0.7234375 0.6266666666666667 0.10625 0.32666666666666666
2 0.43359375 0.5283333333333333 0.0265625 0.03166666666666667
0 0.6644097222222222 0.5190277777777778 0.014583333333333334 0.03138888888888895
0 0.68134765625 0.5209895833333333 0.019856770833333332 0.0296875
2 0.4791666666666667 0.5229166666666667 0.00625 0.020833333333333332
2 0.4796875 0.52 0.0125 0.02
2 0.4859375 0.5169642857142858 0.008333333333333333 0.013928571428571387
