2 0.9453125 0.7529166666666667 0.109375 0.2808333333333333
2 0.8296875 0.6408333333333334 0.22291666666666668 0.22833333333333333
2 0.2994791666666667 0.61875 0.17708333333333334 0.1725
2 0.090625 0.64375 0.18125 0.2725
2 0.21223958333333334 0.6025 0.0921875 0.11666666666666667
2 0.2682291666666667 0.55125 0.04895833333333333 0.024166666666666666
2 0.32421875 0.5295833333333333 0.050520833333333334 0.0175
2 0.4140625 0.5441666666666667 0.05625 0.06833333333333333
2 0.5135416666666667 0.5383333333333333 0.04375 0.051666666666666666
5 0.53046875 0.5016666666666667 0.018229166666666668 0.02666666666666667
2 0.5518229166666667 0.5204166666666666 0.024479166666666666 0.035833333333333335
0 0.8861979166666667 0.5258333333333334 0.0421875 0.06833333333333333
0 0.7997395833333333 0.51 0.021354166666666667 0.03333333333333333
0 0.7752604166666667 0.5104166666666666 0.0265625 0.0425
2 0.6325520833333333 0.5366666666666666 0.0765625 0.06166666666666667
0 0.4791666666666667 0.6291666666666667 0.04791666666666667 0.25666666666666665
2 0.3692708333333333 0.5429166666666667 0.04791666666666667 0.0525
2 0.6880208333333333 0.5741666666666667 0.103125 0.09
0 0.40130208333333334 0.515 0.008854166666666666 0.023333333333333334
2 0.5377604166666666 0.52125 0.009895833333333333 0.029166666666666667
0 0.5963541666666666 0.5195833333333333 0.009375 0.0325
0 0.59375 0.5166666666666667 0.00625 0.03333333333333333
2 0.47265625 0.5225 0.0109375 0.03
5 0.5067708333333333 0.505 0.017708333333333333 0.018333333333333333
2 0.58171875 0.6573333333333333 0.33468749999999997 0.24366666666666675
2 0.453125 0.5258333333333334 0.015625 0.03833333333333333
0 0.7067708333333333 0.62125 0.071875 0.30583333333333335
2 0.43776041666666665 0.5279166666666667 0.0171875 0.030833333333333334
0 0.66875 0.5191666666666667 0.013541666666666667 0.03333333333333333
0 0.6815104166666667 0.5204166666666666 0.013020833333333334 0.029166666666666667
0 0.7096354166666666 0.52625 0.009895833333333333 0.025833333333333333
2 0.48671875 0.5170833333333333 0.0067708333333333336 0.014166666666666666
