2 0.71953125 0.6 0.1671875 0.17666666666666667
0 0.9161458333333333 0.5808333333333333 0.042708333333333334 0.145
0 0.82421875 0.6058333333333333 0.044270833333333336 0.14333333333333334
0 0.8713541666666667 0.5829166666666666 0.035416666666666666 0.15416666666666667
2 0.040625 0.6779166666666666 0.08125 0.17583333333333334
2 0.12734375 0.63875 0.15677083333333333 0.15083333333333335
2 0.5317708333333333 0.5766666666666667 0.08333333333333333 0.10666666666666667
2 0.2760416666666667 0.6075 0.15625 0.17166666666666666
2 0.22057291666666667 0.5795833333333333 0.0484375 0.07583333333333334
2 0.3966145833333333 0.5641666666666667 0.08072916666666667 0.1
2 0.4591145833333333 0.5379166666666667 0.03697916666666667 0.04083333333333333
5 0.5630208333333333 0.52125 0.026041666666666668 0.0325
2 0.47708333333333336 0.52875 0.011458333333333333 0.024166666666666666
2 0.47890625 0.5195833333333333 0.011979166666666667 0.0125
2 0.6372395833333333 0.5779166666666666 0.049479166666666664 0.0975
0 0.5619791666666667 0.5170833333333333 0.008333333333333333 0.015833333333333335
0 0.5955729166666667 0.5191666666666667 0.008854166666666666 0.015
2 0.43255208333333334 0.5454166666666667 0.018229166666666668 0.060833333333333336
2 0.5072916666666667 0.5216666666666666 0.013541666666666667 0.015
5 0.5359375 0.5083333333333333 0.019791666666666666 0.03333333333333333
0 0.81328125 0.5995833333333334 0.027604166666666666 0.1225
0 0.6111979166666667 0.5241666666666667 0.0067708333333333336 0.041666666666666664
2 0.5908854166666667 0.5525 0.06822916666666666 0.06
2 0.3463541666666667 0.56125 0.026041666666666668 0.0675
0 0.6012500000000001 0.5209166666666666 0.005208333333333333 0.020499999999999925
0 0.6438541666666666 0.52125 0.008125000000000071 0.018499999999999944
0 0.6601041666666667 0.51925 0.010000000000000024 0.0225
