2 0.86953125 0.6995833333333333 0.2598958333333333 0.31416666666666665
2 0.6486979166666667 0.5779166666666666 0.09947916666666666 0.11916666666666667
0 0.78359375 0.55375 0.022395833333333334 0.0725
0 0.71484375 0.5783333333333334 0.0359375 0.095
0 0.7161458333333334 0.5633333333333334 0.019791666666666666 0.09166666666666666
0 0.00703125 0.9116666666666666 0.0140625 0.018333333333333333
2 0.17552083333333332 0.6295833333333334 0.13645833333333332 0.13916666666666666
2 0.25442708333333336 0.60125 0.07864583333333333 0.09583333333333334
2 0.528125 0.5783333333333334 0.07604166666666666 0.09333333333333334
2 0.346875 0.5816666666666667 0.10104166666666667 0.11333333333333333
2 0.30546875 0.5729166666666666 0.05572916666666667 0.0775
2 0.42213541666666665 0.5579166666666666 0.058854166666666666 0.07583333333333334
2 0.46848958333333335 0.5408333333333334 0.0265625 0.03
5 0.559375 0.5333333333333333 0.023958333333333335 0.043333333333333335
2 0.4830729166666667 0.5333333333333333 0.009895833333333333 0.02
2 0.49140625 0.5270833333333333 0.0109375 0.014166666666666666
2 0.6015625 0.56375 0.025 0.06416666666666666
5 0.71171875 0.5408333333333334 0.0484375 0.05
0 0.5559895833333334 0.5325 0.0067708333333333336 0.03333333333333333
0 0.5890625 0.5358333333333334 0.009375 0.025
2 0.4484375 0.5454166666666667 0.0125 0.049166666666666664
2 0.0609375 0.6475 0.121875 0.24166666666666667
2 0.509375 0.52875 0.0125 0.015833333333333335
2 0.50234375 0.53 0.0036458333333333334 0.011666666666666667
5 0.5354166666666667 0.515 0.01875 0.03
0 0.7177083333333333 0.5904166666666667 0.017708333333333333 0.06416666666666666
0 0.7114583333333333 0.5683333333333334 0.015625 0.085
0 0.6015625 0.5354166666666667 0.009375 0.04583333333333333
0 0.5960416666666667 0.5333333333333333 0.004791666666666572 0.03
