2 0.9453125 0.7529166666666667 0.109375 0.2808333333333333
2 0.82265625 0.6408333333333334 0.23697916666666666 0.22833333333333333
2 0.32578125 0.605 0.14947916666666666 0.15
2 0.090625 0.64375 0.18125 0.2725
2 0.2171875 0.6025 0.10208333333333333 0.11666666666666667
2 0.26875 0.56375 0.05 0.049166666666666664
2 0.31979166666666664 0.535 0.05625 0.028333333333333332
2 0.4205729166666667 0.5416666666666666 0.05260416666666667 0.065
2 0.51328125 0.54 0.04635416666666667 0.055
5 0.53046875 0.5016666666666667 0.018229166666666668 0.02666666666666667
2 0.5518229166666667 0.5204166666666666 0.024479166666666666 0.035833333333333335
0 0.8708333333333333 0.5170833333333333 0.03854166666666667 0.049166666666666664
0 0.8028645833333333 0.50875 0.030729166666666665 0.0375
0 0.7822916666666667 0.5120833333333333 0.021875 0.03916666666666667
2 0.6325520833333333 0.5366666666666666 0.0765625 0.06166666666666667
0 0.48723958333333334 0.6445833333333333 0.0453125 0.2225
2 0.3684895833333333 0.5429166666666667 0.04635416666666667 0.0525
2 0.6854166666666667 0.5816666666666667 0.09791666666666667 0.11833333333333333
0 0.4002604166666667 0.5208333333333334 0.015104166666666667 0.043333333333333335
2 0.5377604166666666 0.52125 0.009895833333333333 0.029166666666666667
0 0.5963541666666666 0.5195833333333333 0.009375 0.0325
0 0.5934895833333333 0.5166666666666667 0.008854166666666666 0.03333333333333333
2 0.47265625 0.5225 0.0109375 0.03
5 0.5067708333333333 0.505 0.017708333333333333 0.018333333333333333
2 0.5817708333333333 0.6583333333333333 0.3333333333333333 0.24166666666666667
2 0.459375 0.5258333333333334 0.028125 0.03833333333333333
0 0.6765625 0.58875 0.06354166666666666 0.1825
2 0.44192708333333336 0.5229166666666667 0.013020833333333334 0.020833333333333332
0 0.6677083333333333 0.51625 0.0125 0.03333333333333333
0 0.7110491071428571 0.5261309523809524 0.01421130952380949 0.027261904761904817
2 0.47734375 0.5216666666666666 0.0109375 0.02
2 0.48208333333333336 0.519578431372549 0.009754901960784323 0.01758823529411766
2 0.48671875 0.5170833333333333 0.0067708333333333336 0.014166666666666666
