0 0.4109375 0.6975 0.13229166666666667 0.40166666666666667
2 0.07682291666666667 0.63375 0.15364583333333334 0.26416666666666666
0 0.3671875 0.6483333333333333 0.115625 0.4116666666666667
2 0.19739583333333333 0.6145833333333334 0.125 0.14083333333333334
2 0.26953125 0.5883333333333334 0.07135416666666666 0.09166666666666666
2 0.31302083333333336 0.55625 0.04479166666666667 0.07083333333333333
2 0.3223958333333333 0.5670833333333334 0.03333333333333333 0.11083333333333334
2 0.4390625 0.5425 0.040625 0.06833333333333333
2 0.8625 0.67225 0.275 0.2875
0 0.776891447368421 0.5333333333333333 0.020833333333333332 0.056666666666666664
0 0.7429086538461539 0.554775641025641 0.019150641025641117 0.06788461538461547
2 0.5139756944444445 0.5175 0.01753472222222226 0.011666666666666667
0 0.534375 0.5133333333333333 0.008333333333333333 0.016666666666666666
2 0.45598958333333334 0.5318055555555556 0.016493055555555535 0.046944444444444476
2 0.47595108695652166 0.527536231884058 0.02613224637681159 0.028405797101449273
5 0.5377604166666666 0.5020471014492754 0.019270833333333334 0.02576086956521749
2 0.48899305555555556 0.5220833333333333 0.008194444444444452 0.019166666666666665
5 0.5133854166666666 0.506 0.00947916666666669 0.012999999999999925
2 0.4973958333333333 0.5158333333333334 0.008333333333333333 0.011666666666666667
2 0.5357514880952381 0.58 0.0953125 0.11690476190476184
2 0.6453125 0.5647222222222222 0.09583333333333334 0.11277777777777781
2 0.5028645833333333 0.535 0.025520833333333333 0.02666666666666667
2 0.6016145833333333 0.5530833333333334 0.02677083333333326 0.06450000000000007
5 0.5610026041666667 0.52375 0.029036458333333334 0.04583333333333333
2 0.5455729166666666 0.5145833333333333 0.0078125 0.014166666666666666
0 0.7121875000000001 0.5356666666666666 0.019166666666666644 0.05800000000000002
0 0.6785807291666667 0.5108333333333334 0.009244791666666667 0.02
0 0.7229166666666667 0.53125 0.015625 0.030833333333333334
0 0.7163411458333333 0.5663541666666667 0.019401041666666667 0.08229166666666667
0 0.5578125 0.5147420634920635 0.008333333333333333 0.01615079365079377
2 0.7300347222222221 0.5354166666666667 0.010069444444444405 0.035833333333333335
0 0.6071908602150539 0.5136290322580644 0.007963709677419691 0.02107526881720446
0 0.59296875 0.5245833333333333 0.0078125 0.025833333333333333
0 0.5981770833333333 0.5225 0.005729166666666666 0.03166666666666667
0 0.5981770833333333 0.5125 0.0067708333333333336 0.015
0 0.6682291666666667 0.5066666666666667 0.00625 0.008333333333333333
5 0.5197916666666667 0.5082999999999996 0.004166666666666667 0.0075
