2 0.9453125 0.7529166666666667 0.109375 0.2808333333333333
2 0.8385416666666666 0.6408333333333334 0.20520833333333333 0.22833333333333333
2 0.26979166666666665 0.63375 0.209375 0.19583333333333333
2 0.09088541666666666 0.64375 0.18177083333333333 0.2725
2 0.20729166666666668 0.5975 0.08229166666666667 0.10666666666666667
2 0.26171875 0.5454166666666667 0.030729166666666665 0.0125
2 0.3268229166666667 0.5375 0.05572916666666667 0.03333333333333333
2 0.40651041666666665 0.5458333333333333 0.06197916666666667 0.07166666666666667
2 0.51328125 0.5366666666666666 0.04114583333333333 0.05
5 0.53046875 0.5016666666666667 0.018229166666666668 0.02666666666666667
2 0.5518229166666667 0.5204166666666666 0.024479166666666666 0.035833333333333335
0 0.8966145833333333 0.5233333333333333 0.04114583333333333 0.07833333333333334
0 0.7955729166666666 0.51 0.022395833333333334 0.03166666666666667
0 0.7731770833333333 0.5083333333333333 0.022395833333333334 0.04666666666666667
2 0.6325520833333333 0.5366666666666666 0.0765625 0.06166666666666667
0 0.45338541666666665 0.63125 0.07239583333333334 0.26416666666666666
2 0.3640625 0.5454166666666667 0.0375 0.0575
2 0.6739583333333333 0.59125 0.075 0.12916666666666668
2 0.5377604166666666 0.52125 0.009895833333333333 0.029166666666666667
0 0.5963541666666666 0.5195833333333333 0.009375 0.0325
0 0.5921875 0.5166666666666667 0.007291666666666667 0.03333333333333333
2 0.47265625 0.5225 0.0109375 0.03
5 0.5067708333333333 0.505 0.017708333333333333 0.018333333333333333
2 0.5817708333333333 0.65625 0.32916666666666666 0.24583333333333332
2 0.44895833333333335 0.5258333333333334 0.007291666666666667 0.03833333333333333
0 0.7236979166666667 0.62 0.0546875 0.32
2 0.43697916666666664 0.5275 0.01875 0.03
0 0.6686979166666667 0.5189166666666666 0.014687499999999905 0.03516666666666671
0 0.6815104166666667 0.5220833333333333 0.0140625 0.029166666666666667
2 0.47734375 0.5229166666666667 0.0109375 0.020833333333333332
2 0.4791666666666667 0.52 0.0125 0.02
2 0.48671875 0.5170833333333333 0.0067708333333333336 0.014166666666666666
