2 0.9466145833333334 0.7616666666666667 0.10677083333333333 0.2783333333333333
2 0.8244791666666667 0.64625 0.23333333333333334 0.22916666666666666
2 0.09036458333333333 0.6508333333333334 0.18072916666666666 0.275
2 0.21796875 0.60875 0.10364583333333334 0.1175
2 0.2760416666666667 0.5879166666666666 0.06458333333333334 0.08583333333333333
2 0.31692708333333336 0.5629166666666666 0.050520833333333334 0.0725
2 0.3625 0.56875 0.08229166666666667 0.09916666666666667
2 0.5104166666666666 0.53375 0.027083333333333334 0.034166666666666665
5 0.53046875 0.5108333333333334 0.018229166666666668 0.03333333333333333
2 0.5518229166666667 0.5204166666666666 0.024479166666666666 0.035833333333333335
0 0.75625 0.5154166666666666 0.019791666666666666 0.0375
0 0.7442708333333333 0.51875 0.017708333333333333 0.049166666666666664
2 0.6325520833333333 0.5366666666666666 0.0765625 0.06166666666666667
0 0.6947916666666667 0.6845833333333333 0.07916666666666666 0.3641666666666667
2 0.646875 0.5945833333333334 0.09791666666666667 0.1425
0 0.46640625 0.53125 0.0140625 0.0425
2 0.5372395833333333 0.5254166666666666 0.0109375 0.030833333333333334
0 0.5763020833333333 0.5258333333333334 0.0140625 0.03166666666666667
2 0.4703125 0.5279166666666667 0.00625 0.04083333333333333
5 0.5067708333333333 0.51125 0.017708333333333333 0.020833333333333332
2 0.5825520833333333 0.66375 0.1984375 0.24583333333333332
2 0.45286458333333335 0.5354166666666667 0.033854166666666664 0.04416666666666667
0 0.79609375 0.6475 0.0921875 0.365
2 0.43046875 0.535 0.0234375 0.035
0 0.5739583333333333 0.5275 0.011458333333333333 0.03
0 0.5940104166666667 0.5258333333333334 0.013020833333333334 0.03
0 0.6611979166666667 0.5191666666666667 0.0109375 0.023333333333333334
0 0.7109375 0.545 0.011458333333333333 0.04666666666666667
0 0.7202083333333335 0.5466666666666665 0.011875000000000096 0.04899999999999996
2 0.47604166666666675 0.52875 0.011805555555555595 0.0225
2 0.47799479166666664 0.5271527777777777 0.012760416666666666 0.020694444444444477
2 0.48541666666666666 0.5233333333333333 0.009375 0.015
