2 0.9533854166666667 0.7716666666666666 0.09322916666666667 0.27166666666666667
2 0.825 0.6383333333333333 0.2604166666666667 0.23333333333333334
2 0.08828125 0.64375 0.1765625 0.2791666666666667
2 0.215625 0.6004166666666667 0.10520833333333333 0.1175
2 0.2760416666666667 0.5791666666666667 0.06458333333333334 0.08666666666666667
2 0.31588541666666664 0.5533333333333333 0.049479166666666664 0.07333333333333333
2 0.3611979166666667 0.56 0.0828125 0.10166666666666667
2 0.51015625 0.5233333333333333 0.027604166666666666 0.03166666666666667
5 0.5307291666666667 0.50375 0.01875 0.035833333333333335
2 0.5533854166666666 0.5154166666666666 0.027604166666666666 0.0425
0 0.7385416666666667 0.5154166666666666 0.016666666666666666 0.0525
2 0.6325520833333333 0.5366666666666666 0.0765625 0.06166666666666667
0 0.7466145833333333 0.67875 0.0890625 0.37416666666666665
2 0.6502604166666667 0.5770833333333333 0.1328125 0.12083333333333333
0 0.4752604166666667 0.5170833333333333 0.0109375 0.0475
2 0.5372395833333333 0.5183333333333333 0.0109375 0.02666666666666667
0 0.5705729166666667 0.515 0.011979166666666667 0.03166666666666667
2 0.46979166666666666 0.5170833333333333 0.0125 0.035833333333333335
5 0.5072916666666667 0.5029166666666667 0.01875 0.0175
2 0.5858506944444444 0.6591666666666667 0.20538194444444446 0.25333333333333335
2 0.45208333333333334 0.5270833333333333 0.034375 0.04583333333333333
0 0.80078125 0.6466666666666666 0.08177083333333333 0.36833333333333335
2 0.43046875 0.5241666666666667 0.0234375 0.03
0 0.5768229166666666 0.5125 0.005729166666666666 0.028333333333333332
0 0.5950520833333334 0.51875 0.0109375 0.0325
0 0.6119791666666666 0.5083333333333333 0.023958333333333335 0.018333333333333333
0 0.6607291666666666 0.5099166666666668 0.010208333333333404 0.02016666666666661
0 0.6903645833333333 0.5316666666666666 0.021354166666666667 0.058333333333333334
0 0.7145833333333333 0.5375 0.013541666666666667 0.04666666666666667
0 0.721875 0.5345833333333333 0.010416666666666666 0.04416666666666667
2 0.47744791666666664 0.5213333333333332 0.010312499999999976 0.022999999999999923
2 0.4798958333333333 0.5181666666666667 0.01083333333333331 0.02066666666666663
2 0.48541666666666666 0.515 0.008333333333333333 0.015
