2 0.9453125 0.7529166666666667 0.109375 0.2808333333333333
2 0.8182291666666667 0.6408333333333334 0.24583333333333332 0.22833333333333333
2 0.17578125 0.6845833333333333 0.31927083333333334 0.2808333333333333
2 0.08151041666666667 0.64375 0.16302083333333334 0.2725
2 0.2716145833333333 0.5533333333333333 0.05572916666666667 0.028333333333333332
2 0.32473958333333336 0.5566666666666666 0.06510416666666667 0.07166666666666667
2 0.39296875 0.5504166666666667 0.06822916666666666 0.0775
2 0.5135416666666667 0.5325 0.03854166666666667 0.041666666666666664
5 0.53046875 0.5016666666666667 0.018229166666666668 0.02666666666666667
2 0.5518229166666667 0.5204166666666666 0.024479166666666666 0.035833333333333335
0 0.9239583333333333 0.5658333333333333 0.04583333333333333 0.155
0 0.78671875 0.5091666666666667 0.0203125 0.035
0 0.7674479166666667 0.5020833333333333 0.016145833333333335 0.0425
2 0.6325520833333333 0.5366666666666666 0.0765625 0.06166666666666667
0 0.4453125 0.64 0.058333333333333334 0.28833333333333333
2 0.3640625 0.5454166666666667 0.0375 0.0575
2 0.68046875 0.59125 0.0765625 0.12916666666666668
0 0.4236979166666667 0.5291666666666667 0.015104166666666667 0.04
2 0.5372395833333333 0.52125 0.0109375 0.029166666666666667
0 0.596875 0.5195833333333333 0.010416666666666666 0.0325
0 0.5822916666666667 0.5195833333333333 0.009375 0.03916666666666667
2 0.47265625 0.5225 0.0109375 0.03
5 0.5067708333333333 0.505 0.017708333333333333 0.018333333333333333
2 0.5886284722222221 0.6563888888888889 0.26093749999999993 0.24555555555555553
2 0.46927083333333336 0.52625 0.00625 0.035833333333333335
0 0.7434895833333334 0.6270833333333333 0.08802083333333334 0.3258333333333333
2 0.4296875 0.52875 0.0125 0.0325
0 0.666015625 0.518125 0.013802083333333333 0.032916666666666664
0 0.679296875 0.52125 0.019010416666666665 0.0275
2 0.47663690476190473 0.5229166666666667 0.01235119047619051 0.020833333333333332
2 0.4791666666666667 0.52 0.0125 0.02
2 0.4859375 0.5169642857142858 0.008333333333333333 0.013928571428571483
