0 0.048177083333333336 0.7370833333333333 0.09635416666666667 0.43416666666666665
2 0.1109375 0.63 0.059375 0.23166666666666666
0 0.07317708333333334 0.6779166666666666 0.1078125 0.4075
2 0.19375 0.6233333333333333 0.13229166666666667 0.14
2 0.265625 0.595 0.075 0.09666666666666666
2 0.30755208333333334 0.56875 0.05572916666666667 0.07916666666666666
2 0.3546875 0.5775 0.10208333333333333 0.115
2 0.42696759259259254 0.5547685185185185 0.05763888888888893 0.0725
2 0.8647135416666667 0.6832083333333333 0.27057291666666666 0.29274999999999995
0 0.7794270833333333 0.54375 0.021354166666666667 0.05583333333333333
0 0.7169270833333331 0.5752564102564103 0.02672275641025633 0.09012820512820506
2 0.5098958333333333 0.525 0.014583333333333334 0.013333333333333334
0 0.5347842261904762 0.5199702380952381 0.008110119047619099 0.016488095238095277
2 0.45169270833333336 0.5425 0.014322916666666666 0.0475
2 0.47239583333333335 0.5366666666666666 0.028125 0.03
5 0.53701171875 0.50921875 0.018424479166666667 0.024895833333333332
2 0.48671875 0.5304166666666666 0.0078125 0.019166666666666665
5 0.5130208333333334 0.5151388888888888 0.009375 0.0125
2 0.494921875 0.5241666666666667 0.01015625 0.013333333333333334
2 0.5305729166666666 0.5763333333333335 0.07906249999999998 0.09866666666666674
2 0.6465494791666667 0.5736458333333333 0.099609375 0.114375
2 0.515625 0.5366666666666666 0.0375 0.021666666666666667
2 0.6002604166666666 0.56125 0.024479166666666666 0.06583333333333333
5 0.5611979166666666 0.5324404761904761 0.0262648809523809 0.05011904761904769
2 0.5453559027777778 0.5218749999999999 0.008246527777777856 0.013194444444444382
0 0.7094039351851851 0.5607253086419752 0.015644290123456746 0.09675925925925924
0 0.6526041666666667 0.515 0.008333333333333333 0.008333333333333333
0 0.7096354166666666 0.5779166666666666 0.0078125 0.0775
0 0.5568359375 0.52484375 0.00625 0.020729166666666667
2 0.7161458333333334 0.5366666666666666 0.040625 0.04888888888888886
0 0.6030729166666667 0.5214166666666668 0.0078125 0.020833333333333332
0 0.5927083333333333 0.5329166666666667 0.008333333333333333 0.025833333333333333
0 0.597265625 0.5297916666666667 0.005208333333333333 0.028333333333333332
0 0.6106770833333334 0.5229166666666667 0.0026041666666666665 0.010833333333333334
5 0.519140625 0.5158333333333334 0.004166666666666667 0.0075
