4 0.5122395833333333 0.5045833333333334 0.06302083333333333 0.1175
5 0.01328125 0.6641666666666667 0.0265625 0.115
2 0.10885416666666667 0.6254166666666666 0.21770833333333334 0.23416666666666666
2 0.9317708333333333 0.8045833333333333 0.13645833333333332 0.3875
2 0.7786458333333334 0.5954166666666667 0.28229166666666666 0.3025
2 0.6302083333333334 0.5704166666666667 0.051041666666666666 0.13583333333333333
2 0.41484375 0.5354166666666667 0.034895833333333334 0.04083333333333333
0 0.57265625 0.5179166666666667 0.009895833333333333 0.0375
5 0.6258680555555555 0.513611111111111 0.01875 0.021666666666666667
2 0.47854166666666664 0.5101666666666667 0.00604166666666662 0.015
2 0.4716145833333334 0.5161111111111111 0.005034722222222262 0.015
2 0.46284722222222224 0.5159722222222223 0.013888888888888869 0.021388888888888857
2 0.45896763392857143 0.5193154761904761 0.013084077380952408 0.02004761904761902
2 0.4544270833333333 0.5229166666666667 0.0046875 0.020833333333333332
2 0.44153645833333327 0.5216666666666666 0.020225694444444404 0.03166666666666667
2 0.43875868055555556 0.5258333333333334 0.011892361111111072 0.03166666666666667
2 0.4318229166666667 0.52975 0.013854166666666678 0.032166666666666684
