4 0.5075520833333333 0.52625 0.044270833333333336 0.0825
2 0.009895833333333333 0.6875 0.019791666666666666 0.13
2 0.8638020833333333 0.7045833333333333 0.27239583333333334 0.5908333333333333
2 0.7153645833333333 0.6295833333333334 0.13802083333333334 0.2125
2 0.40390625 0.56 0.04010416666666667 0.04833333333333333
0 0.5747395833333333 0.5391666666666667 0.008854166666666666 0.03833333333333333
2 0.53828125 0.54 0.0171875 0.023333333333333334
5 0.6419270833333334 0.54125 0.0234375 0.035833333333333335
5 0.7947916666666667 0.5041666666666667 0.015625 0.021666666666666667
2 0.6486979166666667 0.545 0.011458333333333333 0.03333333333333333
2 0.5315755208333334 0.530625 0.0048177083333333336 0.008333333333333333
2 0.48078125 0.5308333333333334 0.010520833333333358 0.015
2 0.4696180555555555 0.5377777777777778 0.0078125 0.015833333333333335
2 0.4609375 0.5375 0.014583333333333334 0.021666666666666667
2 0.45651041666666664 0.5408333333333334 0.016145833333333335 0.021666666666666667
2 0.4509548611111111 0.5468055555555555 0.005381944444444405 0.021388888888888954
2 0.43671875 0.5446428571428571 0.021502976190476156 0.032380952380952406
2 0.4315104166666667 0.5493055555555556 0.015451388888888869 0.033055555555555526
2 0.42276785714285714 0.5526785714285715 0.01875 0.036071428571428615
