2 0.146875 0.64 0.21354166666666666 0.16833333333333333
2 0.27838541666666666 0.59 0.09427083333333333 0.1
2 0.3363467261904762 0.5701785714285714 0.05915178571428565 0.07178571428571426
2 0.3736979166666667 0.5545238095238096 0.0484375 0.06642857142857149
2 0.40230654761904766 0.5533333333333333 0.021875 0.04809523809523815
2 0.4272395833333333 0.5424166666666668 0.030520833333333285 0.034166666666666665
2 0.44140625000000006 0.5356547619047619 0.020758928571428588 0.03130952380952389
2 0.45659722222222227 0.5338888888888889 0.012152777777777797 0.02
2 0.47608506944444445 0.5246527777777779 0.012413194444444406 0.019027777777777713
4 0.5087797619047619 0.5177380952380952 0.03720238095238102 0.0711904761904763
2 0.6158854166666665 0.5195833333333333 0.01078869047619051 0.02440476190476185
2 0.5555989583333333 0.54125 0.029427083333333333 0.03791666666666667
2 0.5372395833333333 0.53 0.0171875 0.021666666666666667
2 0.5311197916666667 0.52625 0.01015625 0.019166666666666665
2 0.4861979166666667 0.5241666666666667 0.009895833333333333 0.013333333333333334
0 0.6229166666666667 0.5408333333333334 0.015625 0.06166666666666667
2 0.4227864583333333 0.5236805555555555 0.010850694444444404 0.007638888888888952
5 0.8679687500000001 0.5404166666666665 0.17781250000000004 0.1148333333333333
5 0.9419270833333333 0.5641666666666667 0.0859375 0.145
0 0.5807291666666666 0.5316666666666666 0.007291666666666667 0.013333333333333334
2 0.4517113095238095 0.5373214285714285 0.005357142857142823 0.0225
