2 0.26145833333333335 0.6004166666666667 0.1203125 0.11
2 0.3310267857142856 0.5755952380952382 0.06235119047619045 0.07404761904761907
2 0.36692708333333335 0.5629166666666666 0.043229166666666666 0.059166666666666666
2 0.3909895833333333 0.5526666666666666 0.04052083333333331 0.05566666666666663
2 0.4139322916666667 0.5516666666666666 0.016927083333333332 0.04083333333333333
2 0.4326041666666667 0.5427500000000001 0.02645833333333331 0.029833333333333295
2 0.44382440476190477 0.5376785714285713 0.018601190476190452 0.028928571428571387
2 0.45677083333333335 0.5377777777777778 0.011458333333333333 0.02
2 0.474609375 0.5289583333333333 0.012239583333333333 0.017083333333333332
4 0.5049479166666667 0.5234375 0.0375 0.07166666666666667
2 0.6067708333333334 0.5220833333333333 0.004166666666666667 0.015833333333333335
2 0.5478124999999999 0.54375 0.026250000000000048 0.03450000000000008
2 0.5328125 0.5348214285714286 0.01517857142857147 0.020833333333333332
2 0.5269965277777778 0.5302777777777778 0.008506944444444406 0.017777777777777715
2 0.4831473214285714 0.5282142857142857 0.008556547619047627 0.014523809523809538
0 0.6025716145833333 0.5447916666666667 0.013606770833333334 0.05479166666666667
2 0.4244791666666667 0.5269999999999999 0.008333333333333333 0.006999999999999981
5 0.7786458333333334 0.5435416666666667 0.115625 0.09041666666666667
5 0.8091145833333333 0.57125 0.044270833333333336 0.0825
2 0.021197916666666667 0.5765833333333333 0.0340625 0.07016666666666671
