4 0.5216145833333333 0.5145833333333333 0.11302083333333333 0.18916666666666668
5 0.09088541666666666 0.6525 0.17760416666666667 0.23666666666666666
2 0.85234375 0.7333333333333333 0.2953125 0.47333333333333333
2 0.69296875 0.5720833333333334 0.17135416666666667 0.2075
2 0.023958333333333335 0.8508333333333333 0.04791666666666667 0.29833333333333334
2 0.6033854166666667 0.5645833333333333 0.0296875 0.09916666666666667
2 0.20520833333333333 0.5979166666666667 0.15104166666666666 0.1575
2 0.41822916666666665 0.53625 0.020833333333333332 0.035833333333333335
2 0.4427083333333333 0.5441666666666667 0.04479166666666667 0.056666666666666664
2 0.46026041666666667 0.5214166666666668 0.0109375 0.019166666666666665
