5 0.03567708333333333 0.6854166666666667 0.07135416666666666 0.20416666666666666
4 0.5286458333333334 0.5091666666666667 0.09583333333333334 0.16
5 0.24401041666666667 0.5829166666666666 0.14427083333333332 0.13416666666666666
2 0.8466145833333333 0.6779166666666666 0.3067708333333333 0.35083333333333333
5 0.4205729166666667 0.5425 0.07447916666666667 0.09833333333333333
2 0.690625 0.58625 0.14166666666666666 0.17416666666666666
2 0.6291666666666667 0.5441666666666667 0.090625 0.12666666666666668
2 0.4622395833333333 0.5316666666666666 0.028645833333333332 0.043333333333333335
2 0.5815104166666667 0.5395833333333333 0.009895833333333333 0.06583333333333333
2 0.321875 0.5591666666666667 0.07604166666666666 0.09833333333333333
2 0.4734375 0.5158333333333334 0.010416666666666666 0.018333333333333333
