2 0.11067708333333333 0.6575 0.22135416666666666 0.195
2 0.2572048611111111 0.5972222222222223 0.11180555555555553 0.1077777777777778
2 0.33177083333333335 0.56875 0.071875 0.09083333333333334
2 0.3761067708333333 0.5638541666666667 0.034765625 0.060208333333333336
2 0.4164806547619048 0.5476190476190477 0.03846726190476192 0.040476190476190554
2 0.4350694444444444 0.5379166666666667 0.024131944444444463 0.03527777777777781
2 0.45364583333333336 0.5360416666666666 0.016145833333333335 0.022083333333333333
2 0.47734375 0.525 0.0140625 0.02
4 0.5127604166666667 0.5170833333333333 0.0359375 0.06916666666666667
2 0.6361979166666668 0.5202976190476192 0.017782738095238195 0.03630952380952389
2 0.5676215277777779 0.5435416666666667 0.03611111111111107 0.044583333333333336
2 0.5440104166666667 0.5301041666666667 0.019791666666666666 0.025
2 0.536328125 0.5257638888888889 0.011892361111111131 0.02097222222222219
2 0.4886574074074074 0.5244907407407408 0.012731481481481429 0.0175
0 0.6583333333333333 0.5441666666666667 0.01875 0.07666666666666666
2 0.41733630952380957 0.5247619047619048 0.013839285714285766 0.010476190476190557
5 0.9616145833333333 0.5569166666666667 0.07677083333333339 0.13850000000000004
0 0.5916666666666667 0.53 0.009375 0.015
2 0.446875 0.53875 0.007291666666666667 0.025833333333333333
