4 0.5122395833333333 0.5041666666666667 0.06197916666666667 0.115
5 0.0109375 0.6622916666666666 0.021875 0.11375
2 0.10807291666666667 0.62625 0.21614583333333334 0.23416666666666666
2 0.93515625 0.8108333333333333 0.1296875 0.37666666666666665
2 0.7809895833333333 0.59625 0.2859375 0.30583333333333335
2 0.63125 0.5708333333333333 0.052083333333333336 0.13666666666666666
2 0.41484375 0.5358333333333334 0.034895833333333334 0.04
0 0.5731770833333333 0.5179166666666667 0.009895833333333333 0.0375
5 0.6263888888888888 0.5134027777777778 0.01875 0.020416666666666666
2 0.47864583333333327 0.5103333333333334 0.006666666666666643 0.015
2 0.4716145833333334 0.5165277777777777 0.005555555555555595 0.015
2 0.4627278645833333 0.5165104166666666 0.014127604166666667 0.0215625
2 0.45852678571428573 0.5197619047619046 0.013273809523809632 0.02019047619047607
2 0.4544270833333333 0.5220833333333333 0.0046875 0.020833333333333332
2 0.4414930555555555 0.5222222222222223 0.020486111111111073 0.03166666666666667
2 0.43848958333333327 0.5261666666666667 0.011770833333333286 0.031000000000000038
2 0.4312934027777777 0.5299305555555556 0.014149305555555537 0.032638888888888856
