2 0.3075 0.5850000000000001 0.08770833333333335 0.08933333333333338
2 0.3563616071428572 0.5684523809523808 0.04620535714285712 0.06285714285714278
2 0.3824652777777777 0.5578472222222222 0.034375 0.05097222222222229
2 0.4002604166666667 0.5491666666666667 0.034895833333333334 0.05
2 0.4203125 0.54875 0.013541666666666667 0.035833333333333335
2 0.4356770833333333 0.54125 0.0234375 0.0275
2 0.44527529761904755 0.5369642857142858 0.018080357142857117 0.02726190476190472
2 0.4573784722222223 0.53625 0.010243055555555537 0.018055555555555523
2 0.4730468749999999 0.528125 0.011892361111111072 0.016527777777777714
4 0.5020833333333333 0.5221428571428572 0.0375 0.07166666666666667
2 0.5969184027777777 0.5226041666666666 0.00329861111111119 0.016875
2 0.5424479166666667 0.5408333333333334 0.024479166666666666 0.03
2 0.5286979166666667 0.53275 0.013854166666666739 0.020499999999999925
2 0.52421875 0.5293055555555555 0.0071180555555555355 0.0175
2 0.48072916666666665 0.5280833333333333 0.005625000000000035 0.00949999999999998
0 0.5919270833333333 0.541875 0.011979166666666667 0.04875
2 0.4251736111111111 0.5264583333333334 0.0078125 0.00597222222222219
5 0.7342261904761905 0.53875 0.08467261904761898 0.08202380952380954
5 0.7552604166666668 0.5611666666666667 0.034062500000000044 0.06899999999999996
2 0.09407552083333333 0.5701041666666666 0.030338541666666666 0.058958333333333335
2 0.98125 0.5266666666666666 0.016666666666666666 0.05333333333333334
