4 0.5158854166666667 0.5120833333333333 0.08697916666666666 0.15916666666666668
5 0.06614583333333333 0.6475 0.13229166666666667 0.21833333333333332
2 0.3723958333333333 0.59 0.10833333333333334 0.12166666666666667
2 0.16510416666666666 0.6095833333333334 0.18958333333333333 0.1875
2 0.8739583333333333 0.7379166666666667 0.2520833333333333 0.5208333333333334
2 0.7197916666666667 0.5841666666666666 0.20625 0.23833333333333334
2 0.6130208333333333 0.5691666666666667 0.03854166666666667 0.11833333333333333
2 0.42161458333333335 0.54 0.028645833333333332 0.03666666666666667
0 0.5752604166666667 0.52625 0.009895833333333333 0.0375
5 0.619140625 0.5172916666666667 0.015190972222222262 0.017638888888888857
2 0.47092013888888895 0.5234722222222222 0.003993055555555536 0.0125
2 0.462890625 0.523125 0.012760416666666666 0.020416666666666666
2 0.46078125000000003 0.5269166666666666 0.011562500000000024 0.019166666666666665
2 0.45505208333333336 0.5307499999999998 0.0046875 0.018833333333333258
2 0.44357638888888895 0.5291666666666667 0.01875 0.03
2 0.440141369047619 0.5329166666666667 0.009895833333333333 0.029166666666666667
2 0.4342633928571429 0.5361309523809524 0.013020833333333334 0.03226190476190472
