4 0.52421875 0.5133333333333333 0.12552083333333333 0.21
5 0.10182291666666667 0.6425 0.20364583333333333 0.235
2 0.8427083333333333 0.6875 0.3145833333333333 0.39166666666666666
2 0.6794270833333333 0.5645833333333333 0.15260416666666668 0.1925
2 0.27682291666666664 0.62875 0.19947916666666668 0.19583333333333333
2 0.6010416666666667 0.5575 0.026041666666666668 0.1
2 0.22005208333333334 0.5608333333333333 0.1296875 0.095
2 0.44479166666666664 0.5129166666666667 0.013541666666666667 0.010833333333333334
2 0.42682291666666666 0.5329166666666667 0.0328125 0.035833333333333335
2 0.45390625 0.5316666666666666 0.019270833333333334 0.041666666666666664
2 0.43984375 0.5291666666666667 0.0067708333333333336 0.03
