4 0.5111979166666667 0.5170833333333333 0.05677083333333333 0.10583333333333333
2 0.1046875 0.6433333333333333 0.209375 0.24166666666666667
2 0.9471354166666667 0.8425 0.10572916666666667 0.31166666666666665
2 0.7921875 0.6116666666666667 0.3020833333333333 0.31666666666666665
2 0.6325520833333333 0.5841666666666666 0.0515625 0.14
2 0.4140625 0.5483333333333333 0.035416666666666666 0.041666666666666664
0 0.57265625 0.53 0.009895833333333333 0.03666666666666667
2 0.54140625 0.5295833333333333 0.0046875 0.024166666666666666
5 0.6274374999999999 0.5266166666666666 0.019333333333333275 0.023700000000000044
2 0.4791666666666667 0.5228333333333333 0.008333333333333333 0.015
2 0.471875 0.5291666666666667 0.005208333333333333 0.013333333333333334
2 0.4622829861111111 0.5281944444444444 0.015017361111111072 0.020833333333333332
2 0.459375 0.5308333333333334 0.014583333333333334 0.02
2 0.45369791666666665 0.5360833333333332 0.0046875 0.020833333333333332
2 0.44129464285714287 0.5344047619047619 0.021279761904761923 0.03166666666666667
2 0.4380729166666667 0.5391666666666667 0.011354166666666643 0.02966666666666659
2 0.4299913194444444 0.5423611111111112 0.015190972222222203 0.034166666666666665
