4 0.5244791666666667 0.5104166666666666 0.12604166666666666 0.2075
5 0.10625 0.63625 0.20729166666666668 0.2225
2 0.8411458333333334 0.6816666666666666 0.3177083333333333 0.375
2 0.6765625 0.5641666666666667 0.14895833333333333 0.19166666666666668
2 0.31145833333333334 0.6091666666666666 0.16041666666666668 0.16333333333333333
2 0.5986979166666667 0.5570833333333334 0.021354166666666667 0.0975
2 0.22421875 0.5833333333333334 0.12760416666666666 0.14
2 0.4473958333333333 0.5158333333333334 0.013541666666666667 0.016666666666666666
2 0.425 0.5316666666666666 0.028125 0.035
2 0.4557291666666667 0.53 0.015625 0.04
2 0.43802083333333336 0.5283333333333333 0.009375 0.03
