2 0.16692708333333334 0.6329166666666667 0.19427083333333334 0.15916666666666668
2 0.28552827380952384 0.5873809523809523 0.08980654761904763 0.09666666666666666
2 0.3409598214285714 0.5686309523809525 0.05587797619047616 0.06964285714285723
2 0.3763020833333333 0.5533333333333333 0.04739583333333333 0.065
2 0.40401785714285715 0.5525000000000001 0.020833333333333332 0.047380952380952406
2 0.4278645833333333 0.5420833333333334 0.0296875 0.034166666666666665
2 0.44192708333333336 0.5354166666666667 0.0203125 0.030833333333333334
2 0.4569444444444445 0.533611111111111 0.011805555555555595 0.02
2 0.476171875 0.5247916666666667 0.012239583333333333 0.01875
4 0.5085565476190477 0.5176190476190476 0.03735119047619051 0.07142857142857148
2 0.6143229166666665 0.5195833333333333 0.010342261904761804 0.023452380952380926
2 0.5546875 0.54125 0.029166666666666667 0.0375
2 0.536892361111111 0.529861111111111 0.016840277777777798 0.021388888888888857
2 0.5306857638888889 0.52625 0.009982638888888869 0.019166666666666665
2 0.4859895833333333 0.5243333333333333 0.00947916666666663 0.013000000000000018
0 0.6205729166666667 0.5408333333333334 0.015104166666666667 0.061111111111111144
2 0.423046875 0.5235416666666667 0.010677083333333334 0.007916666666666667
5 0.8578725961538461 0.540673076923077 0.17351762820512823 0.11108974358974365
5 0.9229166666666667 0.565 0.078125 0.13666666666666666
0 0.5794270833333334 0.5316666666666666 0.0067708333333333336 0.013333333333333334
2 0.45208333333333334 0.5370833333333334 0.005208333333333333 0.0225
