2 0.29921875 0.5879166666666666 0.09322916666666667 0.0925
2 0.3517857142857143 0.5702380952380953 0.04866071428571424 0.06571428571428574
2 0.37927827380952384 0.5595238095238095 0.03608630952380949 0.05261904761904759
2 0.3984375 0.550625 0.0359375 0.05125
2 0.41875 0.55 0.014583333333333334 0.03666666666666667
2 0.4348958333333333 0.5425 0.023958333333333335 0.028333333333333332
2 0.44490327380952377 0.5373809523809524 0.018229166666666668 0.02761904761904759
2 0.4572544642857143 0.5368452380952381 0.010491071428571412 0.018452380952380925
2 0.4732514880952381 0.5286904761904762 0.012127976190476156 0.01690476190476185
4 0.5020833333333333 0.5228571428571429 0.0375 0.07166666666666667
2 0.5984375 0.5233333333333333 0.0036458333333333334 0.016666666666666666
2 0.5433407738095238 0.5420833333333334 0.024925595238095313 0.03107142857142861
2 0.5293402777777778 0.5334722222222222 0.014236111111111071 0.020833333333333332
2 0.5246354166666667 0.5299166666666667 0.007395833333333357 0.0175
2 0.48072916666666665 0.5283333333333333 0.00625 0.01
0 0.5936848958333333 0.54296875 0.012369791666666666 0.0484375
2 0.4249131944444445 0.5270833333333333 0.0078125 0.006388888888888857
5 0.74267578125 0.5400520833333333 0.0908203125 0.08447916666666666
5 0.7660416666666668 0.5639166666666666 0.03968750000000014 0.07199999999999988
2 0.07620442708333333 0.5733854166666666 0.03756510416666667 0.06114583333333334
2 0.9927083333333333 0.5295833333333333 0.014583333333333334 0.0575
