2 0.8697916666666666 0.80875 0.2604166666666667 0.3825
5 0.36692708333333335 0.565 0.15572916666666667 0.12333333333333334
5 0.6677083333333333 0.5958333333333333 0.153125 0.18
6 0.8841145833333334 0.40791666666666665 0.016145833333333335 0.04416666666666667
6 0.8036458333333333 0.3154166666666667 0.015625 0.0425
6 0.7575520833333333 0.4741666666666667 0.011979166666666667 0.035
6 0.290625 0.39208333333333334 0.022916666666666665 0.0725
5 0.41380208333333335 0.5258333333333334 0.0203125 0.021666666666666667
5 0.5807291666666666 0.5333333333333333 0.019791666666666666 0.021666666666666667
2 0.540625 0.5358333333333334 0.010416666666666666 0.013333333333333334
6 0.3802083333333333 0.35833333333333334 0.0125 0.04
0 0.96875 0.5783333333333334 0.04479166666666667 0.085
2 0.52578125 0.535 0.011979166666666667 0.013333333333333334
2 0.5080729166666667 0.5295833333333333 0.005729166666666666 0.010833333333333334
5 0.5203125 0.53 0.008333333333333333 0.008333333333333333
2 0.48828125 0.5358333333333334 0.0078125 0.021666666666666667
5 0.4752604166666667 0.5358333333333334 0.0234375 0.03833333333333333
2 0.45807291666666666 0.54375 0.027604166666666666 0.0375
6 0.5747395833333333 0.4066666666666667 0.0067708333333333336 0.03
6 0.4088541666666667 0.4658333333333333 0.004166666666666667 0.025
4 0.4908854166666667 0.52625 0.0140625 0.0325
2 0.5005208333333333 0.5333333333333333 0.00625 0.011666666666666667
