2 0.6296875 0.5816666666666667 0.08541666666666667 0.09166666666666666
5 0.5682291666666667 0.5383333333333333 0.04479166666666667 0.06
2 0.378125 0.53625 0.034375 0.034166666666666665
2 0.44895833333333335 0.5445833333333333 0.034375 0.04583333333333333
2 0.471875 0.5325 0.030208333333333334 0.043333333333333335
5 0.40078125 0.52875 0.027604166666666666 0.03916666666666667
2 0.5921875 0.52625 0.020833333333333332 0.019166666666666665
6 0.3015625 0.2520833333333333 0.021875 0.060833333333333336
6 0.8825520833333333 0.43916666666666665 0.0171875 0.045
6 0.37526041666666665 0.44 0.0067708333333333336 0.03166666666666667
6 0.6059895833333333 0.3458333333333333 0.0109375 0.05
2 0.4875 0.5358333333333334 0.007291666666666667 0.021666666666666667
2 0.48932291666666666 0.5327083333333333 0.009895833333333333 0.020833333333333332
4 0.49174107142857143 0.5229761904761905 0.016666666666666666 0.035
0 0.41692708333333334 0.5402380952380953 0.0078125 0.03166666666666667
5 0.5114583333333333 0.5244047619047618 0.00625 0.011666666666666667
2 0.5453125 0.531547619047619 0.008928571428571293 0.013333333333333334
2 0.5033854166666667 0.5283796296296296 0.007928240740740715 0.010833333333333334
2 0.5281575520833334 0.5319791666666667 0.0177734375 0.014166666666666666
