2 0.58203125 0.565 0.04635416666666667 0.056666666666666664
5 0.5552083333333333 0.5458333333333333 0.028125 0.043333333333333335
2 0.3776041666666667 0.5475 0.035416666666666666 0.03666666666666667
2 0.44921875 0.5545833333333333 0.034895833333333334 0.04583333333333333
2 0.47317708333333336 0.5445833333333333 0.0296875 0.04416666666666667
5 0.40234375 0.54125 0.027604166666666666 0.04083333333333333
2 0.59296875 0.5375 0.0234375 0.02
6 0.29791666666666666 0.25625 0.022916666666666665 0.0625
6 0.8901041666666667 0.45 0.017708333333333333 0.04833333333333333
6 0.3751041666666666 0.44966666666666677 0.0068750000000000235 0.03533333333333341
6 0.6083333333333333 0.35375 0.011458333333333333 0.050833333333333335
2 0.4890252976190476 0.5453571428571428 0.006175595238095255 0.021666666666666667
2 0.4903645833333333 0.5429166666666667 0.009895833333333333 0.020833333333333332
4 0.4933407738095238 0.5326190476190477 0.016145833333333335 0.035
0 0.41681547619047615 0.5519642857142856 0.008035714285714353 0.03297619047619037
5 0.5122767857142858 0.5354761904761905 0.00625 0.011666666666666667
2 0.504203869047619 0.5401190476190476 0.0078125 0.01
2 0.5292534722222223 0.5413888888888888 0.0175347222222222 0.015
