2 0.60078125 0.56 0.0609375 0.07166666666666667
5 0.5604166666666667 0.5308333333333334 0.035416666666666666 0.05
2 0.3776041666666667 0.5308333333333334 0.035416666666666666 0.035
2 0.44921875 0.53875 0.034895833333333334 0.04583333333333333
2 0.47161458333333334 0.5283333333333333 0.030729166666666665 0.043333333333333335
5 0.4015625 0.5241666666666667 0.028125 0.04
2 0.5919270833333333 0.5220833333333333 0.024479166666666666 0.019166666666666665
6 0.29867187500000003 0.24104166666666665 0.021406249999999953 0.06241666666666665
6 0.8888020833333333 0.4320833333333333 0.018229166666666668 0.04583333333333333
6 0.37502604166666664 0.43391666666666673 0.006302083333333345 0.03333333333333338
6 0.6072916666666667 0.3383333333333333 0.011458333333333333 0.051666666666666666
2 0.48883928571428575 0.5302380952380953 0.007291666666666667 0.019523809523809443
2 0.48984375 0.5279166666666667 0.009895833333333333 0.020833333333333332
4 0.49229910714285713 0.5171428571428572 0.01644345238095243 0.035
0 0.4158854166666667 0.5373809523809524 0.0078125 0.03166666666666667
5 0.5119791666666667 0.5208333333333334 0.00625 0.011666666666666667
2 0.50390625 0.5253571428571429 0.0078125 0.01
2 0.5284288194444444 0.5251388888888889 0.019184027777777737 0.015
