2 0.68359375 0.6083333333333333 0.13697916666666668 0.13666666666666666
5 0.58125 0.5358333333333334 0.057291666666666664 0.07666666666666666
2 0.37838541666666664 0.5283333333333333 0.033854166666666664 0.03333333333333333
2 0.44869791666666664 0.5358333333333334 0.033854166666666664 0.045
2 0.4705729166666667 0.52625 0.028645833333333332 0.0425
5 0.40234375 0.5208333333333334 0.025520833333333333 0.03666666666666667
6 0.30833333333333335 0.25583333333333336 0.020833333333333332 0.058333333333333334
6 0.8684895833333334 0.4344166666666666 0.016145833333333335 0.0425
6 0.37734375 0.43475 0.0067708333333333336 0.030833333333333334
6 0.6013020833333333 0.3433333333333333 0.0109375 0.04833333333333333
6 0.021875 0.20125 0.04375 0.14416666666666667
2 0.48709077380952376 0.5274404761904762 0.0067708333333333336 0.019166666666666665
2 0.48830729166666664 0.5252083333333334 0.008906249999999952 0.02158333333333341
4 0.4905815972222222 0.5154166666666666 0.016579861111111073 0.035
0 0.4186755952380953 0.5328571428571429 0.008333333333333333 0.030952380952380926
5 0.5105034722222223 0.5184722222222223 0.00625 0.011666666666666667
2 0.545498511904762 0.5261904761904762 0.011979166666666667 0.013333333333333334
2 0.5022321428571429 0.5222023809523809 0.007589285714285765 0.010833333333333334
2 0.527170138888889 0.52375 0.016666666666666666 0.014166666666666666
