2 0.8940104166666667 0.81875 0.21197916666666666 0.3625
5 0.4822916666666667 0.5833333333333334 0.12708333333333333 0.18333333333333332
5 0.7127604166666667 0.6091666666666666 0.21302083333333333 0.23166666666666666
6 0.8716145833333333 0.40166666666666667 0.016145833333333335 0.043333333333333335
6 0.7973958333333333 0.3129166666666667 0.015625 0.0425
6 0.75234375 0.46708333333333335 0.013020833333333334 0.03916666666666667
6 0.29791666666666666 0.3879166666666667 0.019791666666666666 0.0675
2 0.4005208333333333 0.52875 0.020833333333333332 0.030833333333333334
5 0.41458333333333336 0.52375 0.021875 0.034166666666666665
5 0.5807291666666666 0.5245833333333333 0.019791666666666666 0.020833333333333332
2 0.5408854166666667 0.5279166666666667 0.009895833333333333 0.0125
6 0.3828125 0.3541666666666667 0.0125 0.03666666666666667
0 0.9510416666666667 0.5929166666666666 0.041666666666666664 0.13083333333333333
6 0.57421875 0.39666666666666667 0.0067708333333333336 0.03
6 0.41015625 0.45679166666666676 0.0046875 0.02358333333333339
