2 0.5755208333333334 0.5554166666666667 0.034375 0.04083333333333333
2 0.4544270833333333 0.5554166666666667 0.0390625 0.050833333333333335
5 0.5611979166666666 0.5408333333333334 0.024479166666666666 0.035
2 0.4817708333333333 0.5425 0.029166666666666667 0.045
2 0.37838541666666664 0.54625 0.0390625 0.035833333333333335
5 0.40598958333333335 0.5383333333333333 0.0296875 0.04
6 0.24791666666666667 0.17416666666666666 0.029166666666666667 0.08333333333333333
6 0.63828125 0.31916666666666665 0.013020833333333334 0.06
6 0.36614583333333334 0.4354166666666667 0.008333333333333333 0.0375
0 0.4205729166666667 0.5533333333333333 0.0078125 0.035
6 0.9895833333333334 0.42583333333333334 0.019791666666666666 0.058333333333333334
2 0.6067708333333334 0.5366666666666666 0.026041666666666668 0.021666666666666667
2 0.36276041666666664 0.5358333333333334 0.015104166666666667 0.02
2 0.49895833333333334 0.54375 0.00625 0.020833333333333332
2 0.5018229166666667 0.54125 0.0067708333333333336 0.019166666666666665
5 0.5028645833333333 0.5304166666666666 0.015104166666666667 0.035833333333333335
4 0.5237499999999999 0.5341666666666667 0.0074999999999999884 0.013333333333333334
2 0.5393229166666667 0.5391666666666667 0.0171875 0.015
2 0.5145833333333333 0.5391666666666667 0.008333333333333333 0.011666666666666667
