5 0.20677083333333332 0.55375 0.18020833333333333 0.11583333333333333
2 0.8640625 0.8041666666666667 0.271875 0.39166666666666666
5 0.6432291666666666 0.58 0.12291666666666666 0.14833333333333334
2 0.39557291666666666 0.53625 0.0234375 0.030833333333333334
2 0.45651041666666664 0.5425 0.028645833333333332 0.03833333333333333
2 0.475 0.535 0.025 0.03833333333333333
5 0.41041666666666665 0.5291666666666667 0.021875 0.03166666666666667
2 0.584375 0.5316666666666666 0.025 0.021666666666666667
6 0.36999999999999994 0.3438333333333333 0.013854166666666619 0.04050000000000002
6 0.7750781250000001 0.46791666666666665 0.012447916666666595 0.03166666666666667
6 0.4034895833333333 0.4602083333333335 0.0046875 0.025250000000000057
6 0.832109375 0.2929166666666667 0.018593749999999905 0.048833333333333354
6 0.580282738095238 0.39375000000000004 0.008333333333333333 0.03464285714285713
6 0.9354166666666667 0.3854166666666667 0.020833333333333332 0.04833333333333333
6 0.26525297619047616 0.37434523809523806 0.012946428571428558 0.07107142857142856
6 0.2559895833333333 0.3770833333333333 0.0126736111111111 0.0686111111111111
2 0.48726851851851855 0.5360648148148148 0.005208333333333333 0.017870370370370287
2 0.48854166666666665 0.5341666666666667 0.007291666666666667 0.02
4 0.489453125 0.5245833333333333 0.015364583333333333 0.03333333333333333
0 0.4327008928571428 0.5399404761904762 0.005729166666666666 0.023214285714285743
5 0.5083333333333333 0.52875 0.00625 0.011666666666666667
2 0.5416666666666666 0.535625 0.010416666666666666 0.0125
2 0.50078125 0.53125 0.0067708333333333336 0.010833333333333334
2 0.5244791666666667 0.5331770833333334 0.016666666666666666 0.013020833333333334
