2 0.65234375 0.55125 0.030729166666666665 0.0375
2 0.5307291666666667 0.5575 0.042708333333333334 0.056666666666666664
5 0.63828125 0.5379166666666667 0.022395833333333334 0.0325
2 0.5596354166666667 0.5429166666666667 0.030729166666666665 0.0475
2 0.45026041666666666 0.5491666666666667 0.04114583333333333 0.04
5 0.47942708333333334 0.5404166666666667 0.030729166666666665 0.0425
6 0.25833333333333336 0.07083333333333333 0.03854166666666667 0.10833333333333334
6 0.7536458333333333 0.26875 0.016666666666666666 0.07416666666666667
6 0.43020833333333336 0.42583333333333334 0.010416666666666666 0.045
0 0.49322916666666666 0.5545833333333333 0.008333333333333333 0.03916666666666667
2 0.6908854166666667 0.5329166666666667 0.028645833333333332 0.0225
2 0.4356770833333333 0.5404166666666667 0.0203125 0.025833333333333333
2 0.57734375 0.5433333333333333 0.0067708333333333336 0.021666666666666667
2 0.5796875 0.5408333333333334 0.007291666666666667 0.02
5 0.5809895833333333 0.5275 0.015104166666666667 0.03333333333333333
4 0.6003645833333333 0.533 0.006979166666666714 0.012666666666666705
2 0.6186631944444445 0.5373611111111112 0.018576388888888927 0.014166666666666666
2 0.5919270833333333 0.5379166666666667 0.0078125 0.014166666666666666
