3 0.20284375 0.57405 0.04214583333333331 0.09190000000000016
0 0.5049479166666667 0.5475 0.0296875 0.12166666666666667
0 0.5369791666666667 0.5429166666666667 0.023958333333333335 0.12916666666666668
2 0.68046875 0.5308333333333334 0.06614583333333333 0.06833333333333333
2 0.6377604166666667 0.5308333333333334 0.025520833333333333 0.05
2 0.8885416666666667 0.5270833333333333 0.07916666666666666 0.05416666666666667
2 0.96171875 0.5220833333333333 0.0765625 0.08583333333333333
2 0.77578125 0.49833333333333335 0.0484375 0.013333333333333334
0 0.5609375 0.5429166666666667 0.023958333333333335 0.12916666666666668
2 0.30885416666666665 0.6258333333333334 0.421875 0.23833333333333334
2 0.5966145833333333 0.49583333333333335 0.016145833333333335 0.018333333333333333
