3 0.2140625 0.5831944444444446 0.07083333333333333 0.11083333333333334
1 0.9608506944444444 0.6197222222222223 0.0765625 0.12944444444444447
0 0.5625 0.5425 0.026041666666666668 0.12833333333333333
0 0.9755208333333333 0.5525 0.04895833333333333 0.235
0 0.5372395833333333 0.5433333333333333 0.024479166666666666 0.12833333333333333
0 0.5317708333333333 0.55375 0.014583333333333334 0.10083333333333333
0 0.5036458333333333 0.55 0.025 0.12
0 0.58828125 0.5245833333333333 0.0140625 0.06416666666666666
2 0.6811899038461537 0.53 0.06614583333333333 0.07
2 0.63828125 0.5291666666666667 0.024479166666666666 0.04666666666666667
2 0.6231770833333333 0.5170833333333333 0.015104166666666667 0.019166666666666665
2 0.9646918402777779 0.5212500000000002 0.07061631944444428 0.08486111111111123
2 0.8906622023809523 0.5273214285714287 0.08236607142857129 0.053928571428571485
7 0.6746614583333332 0.442375 0.02536458333333324 0.039750000000000035
2 0.7766369047619047 0.49416666666666664 0.04985119047619051 0.025
2 0.8583333333333333 0.4997916666666667 0.011458333333333333 0.01625
