3 0.21223958333333334 0.58375 0.06822916666666666 0.10916666666666666
0 0.5044270833333333 0.5491666666666667 0.025520833333333333 0.12333333333333334
0 0.5364583333333334 0.54375 0.023958333333333335 0.1275
2 0.68046875 0.53125 0.06614583333333333 0.06916666666666667
2 0.6377604166666667 0.5308333333333334 0.025520833333333333 0.05
2 0.8885416666666667 0.5270833333333333 0.07916666666666666 0.05416666666666667
2 0.96171875 0.5220833333333333 0.0765625 0.08583333333333333
2 0.77578125 0.49833333333333335 0.0484375 0.013333333333333334
0 0.5609375 0.5429166666666667 0.023958333333333335 0.12916666666666668
2 0.9994791666666667 0.9991666666666666 0.0010416666666666667 0.0016666666666666668
1 0.7877604166666666 0.5908333333333333 0.11302083333333333 0.11
0 0.79921875 0.5408333333333334 0.049479166666666664 0.16833333333333333
1 0.6395833333333333 0.6433333333333333 0.175 0.16333333333333333
0 0.6174479166666667 0.5795833333333333 0.0953125 0.2608333333333333
1 0.2721354166666667 0.6316666666666667 0.1515625 0.15
0 0.26197916666666665 0.575 0.06979166666666667 0.23833333333333334
