2 0.6463541666666667 0.5729166666666666 0.18020833333333333 0.1975
2 0.5067708333333333 0.5354166666666667 0.03958333333333333 0.0525
2 0.16953125 0.6608333333333334 0.2484375 0.23833333333333334
2 0.2825520833333333 0.5575 0.03697916666666667 0.04833333333333333
0 0.3221354166666667 0.5454166666666667 0.019270833333333334 0.0775
1 0.3221354166666667 0.5645833333333333 0.018229166666666668 0.0525
2 0.44895833333333335 0.5075 0.008333333333333333 0.013333333333333334
2 0.45807291666666666 0.5129166666666667 0.016145833333333335 0.0225
2 0.4588541666666667 0.5170833333333333 0.010416666666666666 0.0225
2 0.46588541666666666 0.5183333333333333 0.011979166666666667 0.025
2 0.46875 0.5220833333333333 0.009375 0.029166666666666667
2 0.47890625 0.52125 0.0203125 0.03916666666666667
2 0.4828125 0.5270833333333333 0.011458333333333333 0.035833333333333335
2 0.49921875 0.5295833333333333 0.03697916666666667 0.0525
2 0.52578125 0.5475 0.03697916666666667 0.07
2 0.55625 0.5579166666666666 0.05520833333333333 0.1125
2 0.24401041666666667 0.5420833333333334 0.050520833333333334 0.0425
2 0.19296875 0.5391666666666667 0.06822916666666666 0.028333333333333332
2 0.10546875 0.6033333333333334 0.09739583333333333 0.10666666666666667
2 0.03333333333333333 0.6283333333333333 0.06666666666666667 0.16
2 0.33567708333333335 0.5308333333333334 0.005729166666666666 0.013333333333333334
2 0.3841145833333333 0.5183333333333333 0.016145833333333335 0.023333333333333334
2 0.39765625 0.51375 0.0171875 0.0175
2 0.4166666666666667 0.5091666666666667 0.0125 0.015
2 0.4328125 0.5145833333333333 0.014583333333333334 0.0175
0 0.40963541666666664 0.52125 0.0036458333333333334 0.014166666666666666
0 0.39609375 0.51625 0.0067708333333333336 0.024166666666666666
1 0.39609375 0.5245833333333333 0.0036458333333333334 0.010833333333333334
0 0.37473958333333335 0.5166666666666667 0.005729166666666666 0.021666666666666667
1 0.37526041666666665 0.52375 0.0046875 0.0125
0 0.34479166666666666 0.535 0.0125 0.051666666666666666
1 0.34401041666666665 0.5479166666666667 0.0109375 0.03916666666666667
