2 0.7692708333333333 0.5204166666666666 0.09375 0.0525
2 0.6013020833333333 0.5525 0.06927083333333334 0.08833333333333333
2 0.06510416666666667 0.62 0.13020833333333334 0.10833333333333334
2 0.703125 0.6141666666666666 0.17395833333333333 0.15666666666666668
2 0.44921875 0.5365625 0.03567708333333333 0.048125
2 0.35859375 0.5579166666666666 0.0609375 0.07083333333333333
2 0.5080729166666667 0.5229166666666667 0.019270833333333334 0.024166666666666666
2 0.5411458333333333 0.518125 0.01875 0.022916666666666665
2 0.5200520833333333 0.51625 0.011979166666666667 0.025833333333333333
2 0.4153645833333333 0.5375 0.0265625 0.03333333333333333
2 0.42526041666666664 0.52625 0.0203125 0.019166666666666665
2 0.4973958333333333 0.5108333333333334 0.014583333333333334 0.015
2 0.8817708333333333 0.5166666666666667 0.08333333333333333 0.043333333333333335
2 0.6221354166666667 0.5745833333333333 0.0703125 0.09583333333333334
2 0.9307291666666667 0.50625 0.058333333333333334 0.035833333333333335
2 0.9716145833333333 0.5116666666666667 0.05677083333333333 0.045
2 0.3971354166666667 0.5445833333333333 0.022395833333333334 0.0375
2 0.8674479166666667 0.72375 0.26510416666666664 0.3458333333333333
2 0.4817708333333333 0.5170833333333333 0.014583333333333334 0.019166666666666665
2 0.8434895833333333 0.5129166666666667 0.0546875 0.034166666666666665
0 0.47890625 0.5204166666666666 0.0046875 0.015833333333333335
2 0.38828125 0.55 0.0171875 0.045
0 0.5296502976190476 0.5148809523809523 0.007217261904761922 0.017380952380952407
0 0.5716145833333334 0.5139583333333333 0.005729166666666666 0.023333333333333334
1 0.47890625 0.5258333333333334 0.0046875 0.013333333333333334
0 0.46848958333333335 0.525 0.0067708333333333336 0.028333333333333332
2 0.9596354166666666 0.4925 0.030729166666666665 0.023333333333333334
0 0.46484375 0.5170833333333333 0.005729166666666666 0.019166666666666665
1 0.46848958333333335 0.53125 0.005729166666666666 0.019166666666666665
0 0.5765625 0.5133333333333333 0.004166666666666667 0.016666666666666666
2 0.5734375 0.5466666666666666 0.014583333333333334 0.05333333333333334
0 0.5853515625 0.5054166666666666 0.004296875 0.01
