2 0.9638020833333333 0.8270833333333333 0.07239583333333334 0.33416666666666667
2 0.846875 0.6516666666666666 0.30625 0.24166666666666667
2 0.6763020833333333 0.5704166666666667 0.1328125 0.14083333333333334
2 0.6114583333333333 0.5529166666666666 0.05416666666666667 0.0875
2 0.5809895833333333 0.5308333333333334 0.04114583333333333 0.055
0 0.23489583333333333 0.5716666666666667 0.029166666666666667 0.11
0 0.3328125 0.5620833333333334 0.029166666666666667 0.10416666666666667
0 0.3736979166666667 0.5725 0.0265625 0.09166666666666666
2 0.66171875 0.50125 0.05364583333333333 0.029166666666666667
2 0.09088541666666666 0.57375 0.12135416666666667 0.06916666666666667
2 0.55078125 0.5145833333333333 0.027604166666666666 0.034166666666666665
2 0.33151041666666664 0.54125 0.06510416666666667 0.035833333333333335
2 0.5578125 0.5241666666666667 0.028125 0.041666666666666664
0 0.32057291666666665 0.545 0.0109375 0.05333333333333334
0 0.76796875 0.5025 0.025520833333333333 0.06166666666666667
1 0.23203125 0.6133333333333333 0.03177083333333333 0.07166666666666667
1 0.3341145833333333 0.59375 0.024479166666666666 0.0575
1 0.37161458333333336 0.59 0.024479166666666666 0.06166666666666667
2 0.48151041666666666 0.51125 0.016145833333333335 0.0225
2 0.43046875 0.5233333333333333 0.0296875 0.035
2 0.5088541666666667 0.5108333333333334 0.015625 0.018333333333333333
2 0.5315104166666667 0.50375 0.013020833333333334 0.019166666666666665
2 0.5158854166666667 0.5025 0.008854166666666666 0.016666666666666666
2 0.45026041666666666 0.51625 0.0140625 0.020833333333333332
2 0.45390625 0.5145833333333333 0.0140625 0.0225
2 0.46458333333333335 0.51375 0.009375 0.0175
2 0.49713541666666666 0.5029166666666667 0.0078125 0.009166666666666667
2 0.715625 0.4945833333333333 0.020833333333333332 0.015833333333333335
0 0.42421875 0.5191666666666667 0.008854166666666666 0.035
1 0.42526041666666664 0.5325 0.0067708333333333336 0.023333333333333334
2 0.5473958333333333 0.5129166666666667 0.010416666666666666 0.019166666666666665
2 0.60859375 0.5354166666666667 0.049479166666666664 0.05416666666666667
2 0.7661458333333333 0.48791666666666667 0.026041666666666668 0.015833333333333335
2 0.7869791666666667 0.49125 0.028125 0.019166666666666665
2 0.13424479166666667 0.5579166666666666 0.047135416666666666 0.0475
2 0.44505208333333335 0.5195833333333333 0.0067708333333333336 0.0225
2 0.016145833333333335 0.5775 0.03229166666666667 0.05333333333333334
0 0.7300520833333334 0.5076666666666667 0.0203125 0.04600000000000004
