3 0.21354166666666666 0.5825 0.07083333333333333 0.10833333333333334
0 0.5028645833333333 0.49333333333333335 0.0140625 0.015
0 0.5359375 0.49041666666666667 0.021875 0.024166666666666666
2 0.68046875 0.5308333333333334 0.06614583333333333 0.06833333333333333
2 0.6377604166666667 0.5308333333333334 0.025520833333333333 0.05
2 0.8885416666666667 0.5270833333333333 0.07916666666666666 0.05416666666666667
2 0.96171875 0.5220833333333333 0.0765625 0.08583333333333333
2 0.77578125 0.49833333333333335 0.0484375 0.013333333333333334
0 0.5609375 0.5429166666666667 0.023958333333333335 0.12916666666666668
2 0.5588541666666667 0.6183333333333333 0.4125 0.24
1 0.1234375 0.6166666666666667 0.12395833333333334 0.12333333333333334
0 0.12447916666666667 0.5679166666666666 0.06145833333333333 0.1925
