3 0.21432291666666667 0.5833333333333334 0.07135416666666666 0.11
1 0.8544270833333333 0.6125 0.15260416666666668 0.15333333333333332
0 0.5627604166666667 0.5420833333333334 0.025520833333333333 0.12916666666666668
0 0.8515625 0.5475 0.09479166666666666 0.22166666666666668
0 0.5369791666666667 0.5433333333333333 0.025 0.12833333333333333
0 0.5317708333333333 0.5616666666666666 0.014583333333333334 0.085
0 0.5026041666666666 0.5504166666666667 0.022916666666666665 0.11916666666666667
0 0.5895833333333333 0.52375 0.0125 0.06416666666666666
2 0.68046875 0.53 0.06614583333333333 0.07
2 0.6385416666666665 0.5295833333333335 0.02578124999999988 0.04708333333333343
2 0.6122395833333333 0.51875 0.03177083333333333 0.0325
2 0.9637369791666667 0.52125 0.07252604166666667 0.08541666666666667
2 0.89267578125 0.52671875 0.0853515625 0.0534375
7 0.6752604166666667 0.44208333333333333 0.026171875 0.04083333333333333
2 0.7760416666666666 0.49416666666666664 0.051041666666666666 0.025
2 0.85859375 0.49916666666666665 0.011979166666666667 0.015
