3 0.21860416666666668 0.5525166666666667 0.05595833333333333 0.049966666666666694
0 0.5044270833333333 0.5491666666666667 0.030729166666666665 0.125
0 0.5369791666666667 0.5429166666666667 0.023958333333333335 0.12916666666666668
2 0.68046875 0.5308333333333334 0.06614583333333333 0.06833333333333333
2 0.6377604166666667 0.5308333333333334 0.025520833333333333 0.05
2 0.8885416666666667 0.5270833333333333 0.07916666666666666 0.05416666666666667
2 0.96171875 0.5220833333333333 0.0765625 0.08583333333333333
2 0.77578125 0.49833333333333335 0.0484375 0.013333333333333334
0 0.5609375 0.5429166666666667 0.023958333333333335 0.12916666666666668
2 0.1625 0.6295833333333334 0.32395833333333335 0.22916666666666666
2 0.5807291666666666 0.4970833333333333 0.019791666666666666 0.015833333333333335
