0 0.5625434027777778 0.5425 0.025086805555555595 0.12666666666666668
0 0.53671875 0.5429166666666667 0.025520833333333333 0.12583333333333332
0 0.53125 0.5454166666666667 0.015625 0.11583333333333333
0 0.5041666666666667 0.5508333333333333 0.025 0.11833333333333333
0 0.5861979166666667 0.5245833333333333 0.015104166666666667 0.0675
2 0.68125 0.5295833333333333 0.06666666666666667 0.07083333333333333
2 0.6388020833333333 0.5291666666666667 0.025520833333333333 0.04666666666666667
2 0.7067708333333333 0.51375 0.01875 0.0275
2 0.9630208333333333 0.5207916666666667 0.07395833333333333 0.08508333333333336
2 0.8910232843137257 0.5265196078431373 0.08241421568627463 0.05362745098039208
7 0.6747395833333333 0.4425 0.025520833333333333 0.04
2 0.22291666666666668 0.6266666666666667 0.44583333333333336 0.225
2 0.776171875 0.49395833333333333 0.05078125 0.024583333333333332
2 0.8589285714285715 0.4995833333333333 0.012648809523809609 0.015833333333333335
