2 0.6458333333333334 0.5595833333333333 0.09375 0.09583333333333334
2 0.2359375 0.595 0.09895833333333333 0.09
2 0.5296875 0.5041666666666667 0.010416666666666666 0.013333333333333334
2 0.5408854166666667 0.5104166666666666 0.019270833333333334 0.0275
2 0.5416666666666666 0.5154166666666666 0.014583333333333334 0.025833333333333333
2 0.5513020833333333 0.51875 0.015104166666666667 0.0325
2 0.5575520833333333 0.525 0.0140625 0.04
2 0.5763020833333333 0.52625 0.0390625 0.05583333333333333
2 0.5828125 0.53625 0.023958333333333335 0.0575
2 0.6138020833333333 0.54 0.0640625 0.08666666666666667
2 0.7809895833333333 0.6183333333333333 0.23177083333333334 0.19
2 0.915625 0.7170833333333333 0.16875 0.4058333333333333
2 0.10130208333333333 0.6225 0.17864583333333334 0.18
2 0.016666666666666666 0.6679166666666667 0.03333333333333333 0.18916666666666668
2 0.2916666666666667 0.54375 0.014583333333333334 0.0225
2 0.38958333333333334 0.5270833333333333 0.04791666666666667 0.025833333333333333
2 0.45 0.51875 0.016666666666666666 0.024166666666666666
2 0.47421875 0.50875 0.021354166666666667 0.019166666666666665
2 0.49270833333333336 0.5066666666666667 0.013541666666666667 0.016666666666666666
2 0.5096354166666667 0.51 0.015104166666666667 0.018333333333333333
0 0.47265625 0.5183333333333333 0.0078125 0.03333333333333333
1 0.47213541666666664 0.5279166666666667 0.008854166666666666 0.020833333333333332
0 0.4609375 0.5175 0.009375 0.035
1 0.46145833333333336 0.5270833333333333 0.009375 0.0225
0 0.42109375 0.5229166666666667 0.0078125 0.0325
1 0.4203125 0.5325 0.007291666666666667 0.021666666666666667
0 0.3921875 0.5291666666666667 0.007291666666666667 0.03166666666666667
0 0.22994791666666667 0.5920833333333333 0.0515625 0.15583333333333332
1 0.22890625 0.6370833333333333 0.05260416666666667 0.10083333333333333
