2 0.6244791666666667 0.5695833333333333 0.16770833333333332 0.18583333333333332
2 0.49322916666666666 0.5354166666666667 0.03958333333333333 0.050833333333333335
2 0.18385416666666668 0.6433333333333333 0.21875 0.21
2 0.271875 0.5545833333333333 0.035416666666666666 0.0425
0 0.3143229166666667 0.5433333333333333 0.019270833333333334 0.075
1 0.31484375 0.5625 0.0171875 0.051666666666666666
2 0.4359375 0.5083333333333333 0.008333333333333333 0.013333333333333334
2 0.44505208333333335 0.51375 0.016145833333333335 0.0225
2 0.4453125 0.5170833333333333 0.009375 0.0225
2 0.45416666666666666 0.51875 0.013541666666666667 0.025833333333333333
2 0.4552083333333333 0.5220833333333333 0.009375 0.029166666666666667
2 0.46588541666666666 0.52125 0.0203125 0.03916666666666667
2 0.46927083333333336 0.5270833333333333 0.011458333333333333 0.035833333333333335
2 0.4856770833333333 0.5283333333333333 0.033854166666666664 0.051666666666666666
2 0.5114583333333333 0.5470833333333334 0.035416666666666666 0.06916666666666667
2 0.5395833333333333 0.55625 0.051041666666666666 0.1075
2 0.23333333333333334 0.53125 0.040625 0.020833333333333332
2 0.18567708333333333 0.54125 0.07135416666666666 0.029166666666666667
2 0.10572916666666667 0.6104166666666667 0.09479166666666666 0.12583333333333332
2 0.034895833333333334 0.6225 0.06979166666666667 0.15333333333333332
2 0.31276041666666665 0.5308333333333334 0.0265625 0.013333333333333334
2 0.37109375 0.5183333333333333 0.011979166666666667 0.023333333333333334
2 0.38619791666666664 0.51375 0.019270833333333334 0.0175
2 0.4036458333333333 0.5091666666666667 0.0125 0.015
2 0.4192708333333333 0.5145833333333333 0.014583333333333334 0.0175
0 0.3966145833333333 0.5204166666666666 0.0036458333333333334 0.014166666666666666
0 0.38229166666666664 0.51625 0.00625 0.0225
1 0.3841145833333333 0.5254166666666666 0.0036458333333333334 0.010833333333333334
0 0.36276041666666664 0.5166666666666667 0.005729166666666666 0.021666666666666667
1 0.36328125 0.5245833333333333 0.0046875 0.0125
0 0.33515625 0.5320833333333334 0.011979166666666667 0.049166666666666664
1 0.33489583333333334 0.5470833333333334 0.009375 0.0375
