0 0.92421875 0.4820833333333333 0.028645833333333332 0.0425
2 0.6255208333333333 0.5529166666666666 0.07708333333333334 0.08416666666666667
2 0.2674479166666667 0.5833333333333334 0.07552083333333333 0.075
1 0.014583333333333334 0.7970833333333334 0.029166666666666667 0.1675
2 0.5263020833333333 0.5045833333333334 0.009895833333333333 0.014166666666666666
2 0.5369791666666667 0.5108333333333334 0.017708333333333333 0.025
2 0.5380208333333333 0.515 0.013541666666666667 0.025
2 0.54765625 0.5179166666666667 0.015104166666666667 0.030833333333333334
2 0.5528645833333333 0.5241666666666667 0.0140625 0.03833333333333333
2 0.56953125 0.5245833333333333 0.0359375 0.050833333333333335
2 0.57421875 0.5341666666666667 0.0203125 0.05333333333333334
2 0.6002604166666666 0.5366666666666666 0.0546875 0.07833333333333334
2 0.7096354166666666 0.5941666666666666 0.14635416666666667 0.14833333333333334
2 0.86484375 0.6879166666666666 0.2703125 0.37583333333333335
2 0.16822916666666668 0.6004166666666667 0.13020833333333334 0.14583333333333334
2 0.06484375 0.6433333333333333 0.1296875 0.20166666666666666
2 0.39114583333333336 0.5270833333333333 0.04791666666666667 0.025833333333333333
2 0.45026041666666666 0.51625 0.0171875 0.024166666666666666
2 0.4739583333333333 0.51 0.017708333333333333 0.016666666666666666
2 0.4901041666666667 0.5075 0.013541666666666667 0.016666666666666666
2 0.50703125 0.5116666666666667 0.015104166666666667 0.018333333333333333
0 0.47421875 0.51625 0.0078125 0.030833333333333334
1 0.4744791666666667 0.5258333333333334 0.007291666666666667 0.016666666666666666
0 0.46197916666666666 0.5170833333333333 0.008333333333333333 0.0325
1 0.4622395833333333 0.52625 0.008854166666666666 0.019166666666666665
0 0.4244791666666667 0.5195833333333333 0.00625 0.025833333333333333
1 0.4236979166666667 0.5325 0.005729166666666666 0.021666666666666667
0 0.39453125 0.5266666666666666 0.005729166666666666 0.03166666666666667
0 0.29583333333333334 0.5695833333333333 0.034375 0.11416666666666667
1 0.2955729166666667 0.6004166666666667 0.03177083333333333 0.08083333333333333
