2 0.8302083333333333 0.6466666666666666 0.2916666666666667 0.23333333333333334
2 0.03177083333333333 0.6858333333333333 0.06354166666666666 0.13
2 0.53046875 0.5058333333333334 0.011979166666666667 0.015
2 0.54375 0.5129166666666667 0.020833333333333332 0.029166666666666667
2 0.54765625 0.52 0.0203125 0.03166666666666667
2 0.5619791666666667 0.5241666666666667 0.023958333333333335 0.04
2 0.5731770833333333 0.5316666666666666 0.024479166666666666 0.05
2 0.6010416666666667 0.5383333333333333 0.059375 0.07833333333333334
2 0.625 0.5583333333333333 0.05416666666666667 0.09166666666666666
2 0.6895833333333333 0.5745833333333333 0.125 0.15083333333333335
2 0.09947916666666666 0.5508333333333333 0.028125 0.025
2 0.13333333333333333 0.5583333333333333 0.04583333333333333 0.03833333333333333
2 0.22838541666666667 0.5554166666666667 0.0546875 0.029166666666666667
2 0.37265625 0.53375 0.05364583333333333 0.029166666666666667
2 0.4322916666666667 0.5229166666666667 0.019791666666666666 0.0275
2 0.46067708333333335 0.5183333333333333 0.0390625 0.028333333333333332
2 0.48828125 0.5095833333333334 0.015104166666666667 0.019166666666666665
2 0.509375 0.5116666666666667 0.015625 0.02
0 0.44765625 0.52875 0.011979166666666667 0.0475
1 0.446875 0.5425 0.011458333333333333 0.03166666666666667
0 0.43020833333333336 0.53 0.0125 0.04666666666666667
1 0.43125 0.54375 0.011458333333333333 0.0325
0 0.38567708333333334 0.5345833333333333 0.013020833333333334 0.050833333333333335
1 0.38619791666666664 0.5491666666666667 0.011979166666666667 0.03333333333333333
0 0.3692708333333333 0.5341666666666667 0.008333333333333333 0.041666666666666664
0 0.396875 0.52125 0.005208333333333333 0.0225
