2 0.7231770833333333 0.6208333333333333 0.18072916666666666 0.17166666666666666
2 0.7143229166666667 0.5166666666666667 0.07447916666666667 0.04
2 0.5684895833333333 0.5391666666666667 0.0421875 0.06
2 0.19557291666666668 0.5825 0.14635416666666667 0.07333333333333333
2 0.6036458333333333 0.5633333333333334 0.07395833333333333 0.085
2 0.46015625 0.53 0.025520833333333333 0.035
2 0.3859375 0.5466666666666666 0.04479166666666667 0.05333333333333334
2 0.5026041666666666 0.5220833333333333 0.017708333333333333 0.0225
2 0.53125 0.5158333333333334 0.017708333333333333 0.021666666666666667
2 0.5135416666666667 0.5158333333333334 0.009895833333333333 0.021666666666666667
2 0.4244791666666667 0.5333333333333333 0.020833333333333332 0.028333333333333332
2 0.4317708333333333 0.5291666666666667 0.019791666666666666 0.028333333333333332
2 0.44453125 0.52625 0.0109375 0.024166666666666666
2 0.49114583333333334 0.5125 0.010416666666666666 0.013333333333333334
2 0.7875 0.515 0.029166666666666667 0.035
0 0.28125 0.556875 0.035416666666666666 0.08125
1 0.28020833333333334 0.6004166666666667 0.03958333333333333 0.0725
2 0.5744791666666667 0.55 0.036458333333333336 0.06166666666666667
2 0.8953125 0.7645833333333333 0.209375 0.3825
2 0.8729166666666667 0.49583333333333335 0.014583333333333334 0.013333333333333334
2 0.89375 0.50625 0.058333333333333334 0.0375
2 0.4122395833333333 0.5383333333333333 0.016145833333333335 0.03166666666666667
2 0.6526041666666667 0.5833333333333334 0.08854166666666667 0.11666666666666667
2 0.96875 0.50125 0.05416666666666667 0.030833333333333334
2 0.4791666666666667 0.5166666666666667 0.013541666666666667 0.016666666666666666
0 0.10234375 0.5804166666666667 0.022395833333333334 0.0775
1 0.10052083333333334 0.6025 0.01875 0.05333333333333334
2 0.9440104166666666 0.49416666666666664 0.0203125 0.016666666666666666
2 0.7776041666666667 0.5116666666666667 0.040625 0.03
0 0.47682291666666665 0.5191666666666667 0.0036458333333333334 0.015
2 0.40703125 0.5416666666666666 0.009895833333333333 0.03333333333333333
