2 0.7697916666666667 0.6208333333333333 0.21770833333333334 0.18833333333333332
2 0.06276041666666667 0.6791666666666667 0.12552083333333333 0.175
2 0.53046875 0.5058333333333334 0.011979166666666667 0.015
2 0.54375 0.51375 0.020833333333333332 0.029166666666666667
2 0.5466145833333333 0.52 0.018229166666666668 0.03166666666666667
2 0.5614583333333333 0.5241666666666667 0.023958333333333335 0.04
2 0.57109375 0.5325 0.024479166666666666 0.05
2 0.5971354166666667 0.5379166666666667 0.0546875 0.0725
2 0.6161458333333333 0.55375 0.04895833333333333 0.08083333333333333
2 0.6690104166666667 0.5666666666666667 0.10572916666666667 0.13333333333333333
2 0.12083333333333333 0.5495833333333333 0.0125 0.019166666666666665
2 0.14947916666666666 0.5566666666666666 0.051041666666666666 0.03833333333333333
2 0.24583333333333332 0.5516666666666666 0.05 0.02666666666666667
2 0.37734375 0.5320833333333334 0.049479166666666664 0.029166666666666667
2 0.43984375 0.52125 0.019270833333333334 0.0275
2 0.46484375 0.5158333333333334 0.0359375 0.023333333333333334
2 0.4890625 0.5095833333333334 0.014583333333333334 0.019166666666666665
2 0.5098958333333333 0.5120833333333333 0.014583333333333334 0.0175
0 0.45338541666666665 0.5270833333333333 0.011979166666666667 0.04583333333333333
1 0.45260416666666664 0.5383333333333333 0.011458333333333333 0.03
0 0.43723958333333335 0.52875 0.0140625 0.04583333333333333
1 0.43802083333333336 0.5404166666666667 0.011458333333333333 0.0325
0 0.39348958333333334 0.5325 0.0109375 0.04833333333333333
1 0.39401041666666664 0.5475 0.0109375 0.03
0 0.37395833333333334 0.5333333333333333 0.008333333333333333 0.04
0 0.40130208333333334 0.52 0.0046875 0.02
2 0.007552083333333333 0.5583333333333333 0.015104166666666667 0.02666666666666667
