0 0.8046875 0.5245833333333333 0.025 0.1275
2 0.11484375 0.63125 0.20677083333333332 0.1675
2 0.5059895833333333 0.5245833333333333 0.04114583333333333 0.0475
2 0.5216145833333333 0.5104166666666666 0.025520833333333333 0.04083333333333333
2 0.5682291666666667 0.515 0.029166666666666667 0.043333333333333335
1 0.07916666666666666 0.7183333333333334 0.09895833333333333 0.175
0 0.07447916666666667 0.64375 0.09166666666666666 0.2375
0 0.44088541666666664 0.5258333333333334 0.018229166666666668 0.06333333333333334
1 0.44166666666666665 0.54375 0.01875 0.04416666666666667
1 0.41354166666666664 0.5441666666666667 0.0125 0.043333333333333335
0 0.4122395833333333 0.5191666666666667 0.0171875 0.055
0 0.715625 0.54125 0.019791666666666666 0.0925
0 0.66953125 0.5154166666666666 0.0109375 0.059166666666666666
0 0.9463541666666667 0.5570833333333334 0.04895833333333333 0.17083333333333334
2 0.48932291666666666 0.5025 0.013020833333333334 0.023333333333333334
2 0.5513020833333333 0.5058333333333334 0.0484375 0.03833333333333333
0 0.58515625 0.5145833333333333 0.013020833333333334 0.050833333333333335
1 0.58515625 0.5304166666666666 0.013020833333333334 0.034166666666666665
0 0.81484375 0.5283333333333333 0.011979166666666667 0.095
2 0.334375 0.5520833333333334 0.06354166666666666 0.0675
0 0.6580729166666667 0.5141666666666667 0.008854166666666666 0.06666666666666667
2 0.25625 0.56875 0.09791666666666667 0.10583333333333333
0 0.7653645833333333 0.5145833333333333 0.018229166666666668 0.0925
2 0.39791666666666664 0.5308333333333334 0.021875 0.03833333333333333
2 0.3536458333333333 0.5391666666666667 0.04791666666666667 0.06
0 0.7325520833333333 0.5216666666666666 0.0171875 0.085
2 0.37994791666666666 0.5325 0.027604166666666666 0.051666666666666666
2 0.45651041666666664 0.5175 0.0234375 0.03333333333333333
0 0.7953125 0.50875 0.009375 0.0775
