3 0.2140625 0.58375 0.07083333333333333 0.11083333333333334
1 0.93046875 0.6110416666666667 0.1390625 0.15041666666666667
0 0.5625 0.5421428571428571 0.026041666666666668 0.12904761904761908
0 0.93359375 0.55625 0.09322916666666667 0.2375
0 0.53671875 0.5433333333333333 0.024479166666666666 0.12833333333333333
0 0.53203125 0.5570833333333334 0.015104166666666667 0.09416666666666666
0 0.5028645833333333 0.5508333333333333 0.0234375 0.12
0 0.58828125 0.5245833333333333 0.0140625 0.06416666666666666
2 0.6807091346153844 0.53 0.06614583333333333 0.07
2 0.6384232954545455 0.5293939393939394 0.02533143939393933 0.04712121212121228
2 0.6177083333333333 0.51875 0.01875 0.030833333333333334
2 0.9656467013888889 0.52125 0.06870659722222226 0.08430555555555552
2 0.8918898809523809 0.5276785714285716 0.08482142857142846 0.051071428571428705
7 0.6749348958333333 0.44234375 0.025911458333333335 0.0403125
2 0.7763888888888889 0.49416666666666664 0.05034722222222214 0.025
2 0.8583333333333333 0.49933333333333335 0.011458333333333333 0.015333333333333315
