2 0.71875 0.5958333333333333 0.1625 0.15
2 0.09322916666666667 0.65125 0.18645833333333334 0.14583333333333334
2 0.53046875 0.5058333333333334 0.011979166666666667 0.015
2 0.5432291666666667 0.5129166666666667 0.020833333333333332 0.029166666666666667
2 0.5453125 0.5191666666666667 0.015625 0.03
2 0.559375 0.5233333333333333 0.023958333333333335 0.03666666666666667
2 0.56640625 0.5291666666666667 0.019270833333333334 0.045
2 0.5903645833333333 0.5333333333333333 0.050520833333333334 0.065
2 0.6033854166666667 0.5479166666666667 0.03697916666666667 0.07416666666666667
2 0.6502604166666667 0.5583333333333333 0.09114583333333333 0.11833333333333333
2 0.9135416666666667 0.7658333333333334 0.17291666666666666 0.31166666666666665
2 0.17291666666666666 0.5529166666666666 0.04375 0.030833333333333334
2 0.26015625 0.5491666666666667 0.034895833333333334 0.025
2 0.3802083333333333 0.53125 0.03854166666666667 0.0275
2 0.446875 0.5195833333333333 0.017708333333333333 0.0275
2 0.46822916666666664 0.51375 0.028125 0.020833333333333332
2 0.4901041666666667 0.5091666666666667 0.014583333333333334 0.018333333333333333
2 0.5096354166666667 0.5116666666666667 0.015104166666666667 0.018333333333333333
0 0.4588541666666667 0.5241666666666667 0.011458333333333333 0.03833333333333333
1 0.4583333333333333 0.5354166666666667 0.011458333333333333 0.0275
0 0.44453125 0.5254166666666666 0.013020833333333334 0.0425
1 0.44583333333333336 0.53625 0.010416666666666666 0.029166666666666667
0 0.40234375 0.5295833333333333 0.009895833333333333 0.04416666666666667
1 0.40182291666666664 0.54375 0.009895833333333333 0.025833333333333333
0 0.37916666666666665 0.5325 0.008333333333333333 0.03666666666666667
2 0.0328125 0.5558333333333333 0.042708333333333334 0.03333333333333333
