2 0.88359375 0.76125 0.2328125 0.4058333333333333
2 0.72890625 0.59625 0.19322916666666667 0.18916666666666668
2 0.6348958333333333 0.5704166666666667 0.07916666666666666 0.0975
2 0.5888020833333333 0.5383333333333333 0.0453125 0.06166666666666667
0 0.10260416666666666 0.6204166666666666 0.06145833333333333 0.18083333333333335
0 0.2643229166666667 0.5895833333333333 0.043229166666666666 0.14916666666666667
0 0.32135416666666666 0.6020833333333333 0.0375 0.12416666666666666
2 0.665625 0.5041666666666667 0.051041666666666666 0.03166666666666667
2 0.0515625 0.5854166666666667 0.103125 0.06916666666666667
2 0.5520833333333334 0.5195833333333333 0.029166666666666667 0.035833333333333335
2 0.3229166666666667 0.5475 0.08125 0.03833333333333333
2 0.5598958333333334 0.5304166666666666 0.028125 0.0425
0 0.29661458333333335 0.555 0.015104166666666667 0.06166666666666667
0 0.8161458333333333 0.5270833333333333 0.028125 0.11416666666666667
1 0.10182291666666667 0.6733333333333333 0.0609375 0.11166666666666666
1 0.26276041666666666 0.6404166666666666 0.04010416666666667 0.08583333333333333
1 0.31979166666666664 0.6308333333333334 0.03333333333333333 0.08833333333333333
2 0.4796875 0.5154166666666666 0.015625 0.0225
2 0.43072916666666666 0.5266666666666666 0.021875 0.03333333333333333
2 0.5080729166666667 0.5141666666666667 0.016145833333333335 0.02
2 0.5309895833333333 0.5079166666666667 0.0140625 0.015833333333333335
2 0.5158854166666667 0.5070833333333333 0.009895833333333333 0.0175
2 0.4479166666666667 0.5195833333333333 0.013541666666666667 0.020833333333333332
2 0.45026041666666666 0.5175 0.015104166666666667 0.023333333333333334
2 0.4622395833333333 0.5179166666666667 0.009895833333333333 0.0175
2 0.49557291666666664 0.5054166666666666 0.0078125 0.009166666666666667
2 0.7380208333333333 0.49541666666666667 0.028125 0.015833333333333335
0 0.4166666666666667 0.5245833333333333 0.008333333333333333 0.0425
1 0.4171875 0.5383333333333333 0.007291666666666667 0.025
2 0.5486979166666667 0.52375 0.0109375 0.034166666666666665
2 0.62109375 0.5470833333333334 0.0578125 0.06916666666666667
2 0.7734375 0.4925 0.03333333333333333 0.018333333333333333
2 0.8 0.49125 0.030208333333333334 0.019166666666666665
2 0.0953125 0.5679166666666666 0.06458333333333334 0.0525
2 0.44114583333333335 0.52375 0.008333333333333333 0.024166666666666666
2 0.5708333333333333 0.5316666666666666 0.015625 0.04833333333333333
2 0.84453125 0.49291666666666667 0.043229166666666666 0.029166666666666667
0 0.769357638888889 0.4938888888888889 0.015104166666666667 0.028333333333333332
