2 0.8794270833333333 0.7866666666666666 0.23697916666666666 0.4266666666666667
2 0.7497395833333333 0.5191666666666667 0.08697916666666666 0.051666666666666666
2 0.5890625 0.54625 0.059375 0.0775
2 0.09557291666666666 0.6054166666666667 0.19114583333333332 0.10083333333333333
2 0.6528645833333333 0.59 0.11302083333333333 0.12166666666666667
2 0.4544270833333333 0.5329166666666667 0.03177083333333333 0.04416666666666667
2 0.37005208333333334 0.5525 0.05364583333333333 0.06333333333333334
2 0.50703125 0.52125 0.019270833333333334 0.024166666666666666
2 0.5395833333333333 0.51625 0.017708333333333333 0.0225
2 0.51953125 0.5158333333333334 0.011979166666666667 0.023333333333333334
2 0.4192708333333333 0.5358333333333334 0.027083333333333334 0.03166666666666667
2 0.42916666666666664 0.5279166666666667 0.019791666666666666 0.0275
2 0.4401041666666667 0.5175 0.010416666666666666 0.008333333333333333
2 0.49635416666666665 0.51 0.014583333333333334 0.015
2 0.85625 0.5166666666666667 0.078125 0.041666666666666664
0 0.03854166666666667 0.605 0.07708333333333334 0.15
1 0.04296875 0.7070833333333333 0.0859375 0.14583333333333334
2 0.6036458333333333 0.5629166666666666 0.05625 0.08083333333333333
2 0.9015625 0.5045833333333334 0.05520833333333333 0.035833333333333335
2 0.940625 0.5095833333333334 0.057291666666666664 0.04083333333333333
2 0.40390625 0.54125 0.0203125 0.035833333333333335
2 0.775 0.6425 0.20520833333333333 0.21166666666666667
2 0.48151041666666666 0.5154166666666666 0.0140625 0.019166666666666665
2 0.8171875 0.5116666666666667 0.04479166666666667 0.03333333333333333
0 0.47994791666666664 0.5195833333333333 0.0036458333333333334 0.015833333333333335
2 0.39557291666666666 0.5454166666666667 0.016145833333333335 0.03916666666666667
0 0.5285714285714286 0.5136904761904761 0.005803571428571471 0.01642857142857139
0 0.56875 0.51 0.005208333333333333 0.016666666666666666
1 0.48020833333333335 0.525 0.004166666666666667 0.013333333333333334
0 0.46953125 0.5216666666666666 0.005729166666666666 0.021666666666666667
2 0.9330729166666667 0.4925 0.0265625 0.021666666666666667
0 0.465625 0.51375 0.005208333333333333 0.0125
1 0.4700520833333333 0.52625 0.0036458333333333334 0.010833333333333334
