0 0.79140625 0.5229166666666667 0.024479166666666666 0.12083333333333333
2 0.13541666666666666 0.6220833333333333 0.19270833333333334 0.1575
2 0.50625 0.52375 0.040625 0.0475
2 0.5216145833333333 0.5075 0.025520833333333333 0.04
2 0.5674479166666667 0.5141666666666667 0.028645833333333332 0.043333333333333335
1 0.12708333333333333 0.6920833333333334 0.078125 0.14916666666666667
0 0.12526041666666668 0.6270833333333333 0.0734375 0.20416666666666666
0 0.44192708333333336 0.5245833333333333 0.0171875 0.0625
1 0.4427083333333333 0.54 0.01875 0.041666666666666664
1 0.4153645833333333 0.5408333333333334 0.013020833333333334 0.041666666666666664
0 0.41484375 0.5183333333333333 0.0171875 0.055
0 0.7104166666666667 0.5391666666666667 0.020833333333333332 0.09
0 0.6651041666666667 0.5133333333333333 0.010416666666666666 0.058333333333333334
0 0.9177083333333333 0.55375 0.040625 0.16583333333333333
2 0.48932291666666666 0.5020833333333333 0.013020833333333334 0.0225
2 0.5515625 0.5054166666666666 0.051041666666666666 0.0375
0 0.5841145833333333 0.51125 0.013020833333333334 0.049166666666666664
1 0.5828125 0.5295833333333333 0.011458333333333333 0.035833333333333335
0 0.803125 0.52875 0.013541666666666667 0.09416666666666666
2 0.33932291666666664 0.5520833333333334 0.059895833333333336 0.07083333333333333
0 0.6557291666666667 0.5129166666666667 0.009375 0.0625
2 0.26458333333333334 0.56375 0.09583333333333334 0.0975
0 0.75859375 0.51375 0.019270833333333334 0.09083333333333334
2 0.39947916666666666 0.5295833333333333 0.021875 0.03916666666666667
2 0.3567708333333333 0.53625 0.046875 0.0575
0 0.7247395833333333 0.5195833333333333 0.0109375 0.07916666666666666
2 0.3815104166666667 0.5308333333333334 0.0265625 0.05
2 0.4578125 0.5175 0.023958333333333335 0.035
