2 0.8682291666666667 0.6816666666666666 0.2635416666666667 0.38666666666666666
2 0.7184895833333333 0.5925 0.14739583333333334 0.155
2 0.6401041666666667 0.5520833333333334 0.09583333333333334 0.11083333333333334
2 0.5955729166666667 0.5416666666666666 0.043229166666666666 0.07166666666666667
2 0.57421875 0.5245833333333333 0.03697916666666667 0.050833333333333335
0 0.31276041666666665 0.55125 0.0234375 0.0825
0 0.3802083333333333 0.5420833333333334 0.01875 0.07916666666666666
0 0.4080729166666667 0.5425 0.019270833333333334 0.07166666666666667
2 0.6489583333333333 0.4975 0.04375 0.025
2 0.14270833333333333 0.5670833333333334 0.10104166666666667 0.0575
2 0.5486979166666667 0.5108333333333334 0.025520833333333333 0.035
2 0.34739583333333335 0.5345833333333333 0.065625 0.0375
2 0.5546875 0.5179166666666667 0.026041666666666668 0.03916666666666667
0 0.340625 0.5370833333333334 0.008333333333333333 0.050833333333333335
0 0.72734375 0.49291666666666667 0.019270833333333334 0.0425
1 0.3109375 0.57625 0.01875 0.0525
1 0.37890625 0.56875 0.016145833333333335 0.04583333333333333
1 0.4083333333333333 0.5633333333333334 0.016666666666666666 0.04666666666666667
2 0.48333333333333334 0.5066666666666667 0.015625 0.02
2 0.4348958333333333 0.5191666666666667 0.027083333333333334 0.03333333333333333
2 0.50859375 0.5079166666666667 0.016145833333333335 0.019166666666666665
2 0.5305606617647058 0.5001470588235294 0.012162990196078265 0.016960784313725413
2 0.51640625 0.5 0.008854166666666666 0.015
2 0.45338541666666665 0.5125 0.013020833333333334 0.02
2 0.45598958333333334 0.5104166666666666 0.0140625 0.020833333333333332
2 0.4666666666666667 0.5095833333333334 0.008333333333333333 0.015833333333333335
2 0.49713541666666666 0.5004166666666666 0.0078125 0.009166666666666667
2 0.7083333333333334 0.48833333333333334 0.025 0.011666666666666667
0 0.43125 0.5175 0.009375 0.035
1 0.43255208333333334 0.5270833333333333 0.0046875 0.0175
2 0.5442708333333334 0.5075 0.008333333333333333 0.015
2 0.5932291666666667 0.5129166666666667 0.03854166666666667 0.019166666666666665
0 0.6921440972222221 0.5003472222222223 0.018663194444444406 0.03680555555555552
