2 0.5033854166666667 0.5275 0.050520833333333334 0.08
2 0.59296875 0.5445833333333333 0.06510416666666667 0.08416666666666667
2 0.6395833333333333 0.50375 0.041666666666666664 0.035833333333333335
2 0.07604166666666666 0.5395833333333333 0.15208333333333332 0.12416666666666666
2 0.41770833333333335 0.5195833333333333 0.035416666666666666 0.0425
2 0.5510416666666667 0.5195833333333333 0.03333333333333333 0.0425
2 0.43645833333333334 0.5141666666666667 0.01875 0.03166666666666667
2 0.4454427083333333 0.5091666666666667 0.018489583333333334 0.0275
2 0.478125 0.5002083333333334 0.019270833333333334 0.037083333333333336
2 0.53453125 0.5148333333333333 0.01572916666666663 0.03433333333333328
2 0.46328125 0.5058333333333334 0.0109375 0.016666666666666666
2 0.5208333333333334 0.50375 0.010416666666666666 0.010833333333333334
2 0.52765625 0.5121666666666665 0.011562500000000024 0.025
2 0.44537760416666666 0.5132291666666666 0.007682291666666666 0.023541666666666666
2 0.7197916666666667 0.50625 0.01875 0.0325
2 0.7158854166666667 0.5008333333333334 0.0109375 0.016666666666666666
6 0.5466889880952382 0.47351190476190474 0.0036458333333333334 0.0125
