2 0.5164806547619049 0.5322619047619048 0.05081845238095243 0.08
2 0.9752604166666666 0.8679166666666667 0.049479166666666664 0.26416666666666666
2 0.7559895833333333 0.5170833333333333 0.08385416666666666 0.06916666666666667
2 0.35833333333333334 0.5470833333333334 0.07291666666666667 0.0775
2 0.6135416666666667 0.5533333333333333 0.07708333333333334 0.09666666666666666
2 0.404296875 0.533125 0.04401041666666667 0.050416666666666665
2 0.431640625 0.52375 0.027864583333333335 0.03916666666666667
2 0.48932291666666666 0.50875 0.0203125 0.03916666666666667
2 0.5707465277777778 0.5347222222222223 0.03454861111111119 0.055
2 0.4632291666666667 0.5179999999999999 0.015000000000000036 0.02233333333333339
2 0.5368923611111112 0.5158333333333334 0.015451388888888928 0.021666666666666667
2 0.5528645833333333 0.5304166666666666 0.016145833333333335 0.0375
2 0.42552083333333335 0.5316666666666666 0.016666666666666666 0.035
2 0.9158854166666667 0.5175 0.09947916666666666 0.055
2 0.88359375 0.5004166666666666 0.08802083333333334 0.049166666666666664
2 0.98046875 0.5158333333333334 0.0390625 0.058333333333333334
2 0.47072916666666664 0.5148333333333334 0.010624999999999989 0.016666666666666666
5 0.025520833333333333 0.5283333333333333 0.051041666666666666 0.13333333333333333
6 0.5728298611111112 0.47513888888888894 0.0036458333333333334 0.015833333333333335
6 0.5578993055555554 0.48125 0.0036458333333333334 0.0125
