2 0.5098958333333333 0.5416666666666666 0.05416666666666667 0.08833333333333333
2 0.07552083333333333 0.6370833333333333 0.15104166666666666 0.23583333333333334
2 0.2765625 0.5733333333333334 0.121875 0.11333333333333333
2 0.3741666666666667 0.5408333333333334 0.04895833333333333 0.0646666666666666
2 0.4817708333333333 0.5154166666666666 0.020833333333333332 0.04083333333333333
2 0.6668619791666667 0.5967708333333334 0.13450520833333332 0.154375
2 0.44088541666666664 0.52825 0.02052083333333332 0.028166666666666628
2 0.5384895833333334 0.5242499999999999 0.019895833333333356 0.0275
2 0.59375 0.5597222222222222 0.059375 0.07888888888888895
2 0.34375 0.5608333333333333 0.04583333333333333 0.06333333333333334
2 0.4551215277777778 0.5233333333333333 0.013020833333333334 0.021666666666666667
6 0.4627604166666667 0.43041666666666667 0.0036458333333333334 0.0175
6 0.5051339285714286 0.43160714285714286 0.004166666666666667 0.016309523809523892
2 0.5677083333333334 0.5479166666666667 0.01875 0.05416666666666667
2 0.4630208333333333 0.5241666666666667 0.009375 0.016666666666666666
6 0.4031770833333334 0.4766666666666667 0.0048958333333333805 0.015333333333333409
2 0.46796875 0.522638888888889 0.0078125 0.014166666666666666
6 0.5953125 0.469 0.007291666666666667 0.022999999999999923
6 0.56953125 0.4820833333333333 0.0046875 0.015833333333333335
