2 0.5033854166666666 0.5213888888888889 0.05017361111111107 0.08166666666666667
2 0.5682291666666667 0.5254166666666666 0.04583333333333333 0.060833333333333336
2 0.61875 0.49625 0.034375 0.0325
2 0.0171875 0.5204166666666666 0.034375 0.0625
2 0.05546875 0.5220833333333333 0.0796875 0.0625
2 0.11119791666666666 0.5258333333333334 0.09010416666666667 0.06166666666666667
2 0.20052083333333334 0.51625 0.09166666666666666 0.08416666666666667
2 0.4278645833333333 0.5079166666666667 0.0296875 0.035833333333333335
2 0.53984375 0.50875 0.024479166666666666 0.035833333333333335
2 0.4412760416666667 0.5041666666666667 0.017447916666666667 0.02666666666666667
2 0.4490885416666667 0.5002083333333334 0.016927083333333332 0.025416666666666667
2 0.4759114583333333 0.49333333333333335 0.019010416666666665 0.03833333333333333
2 0.527734375 0.5075 0.01171875 0.028333333333333332
2 0.4630859375 0.49604166666666666 0.007942708333333333 0.015
2 0.5171875 0.49513888888888896 0.008333333333333333 0.011944444444444476
