2 0.53515625 0.5629166666666666 0.11197916666666667 0.1675
2 0.39010416666666664 0.5395833333333333 0.040625 0.0525
6 0.415625 0.34 0.007291666666666667 0.03833333333333333
6 0.5020833333333333 0.3466666666666667 0.008333333333333333 0.03166666666666667
2 0.4231770833333333 0.53 0.028645833333333332 0.035
5 0.48411458333333335 0.5141666666666667 0.021354166666666667 0.04
2 0.5640625 0.5241666666666667 0.025 0.03166666666666667
0 0.6511924342105263 0.5377192982456142 0.020860745614035163 0.07991228070175434
0 0.7037878787878789 0.5384848484848486 0.021685606060606114 0.08863636363636364
2 0.45703125 0.5235416666666667 0.011458333333333333 0.02625
2 0.45572916666666674 0.5247644927536232 0.010461956521739186 0.02097826086956521
0 0.5851345486111109 0.5199305555555555 0.014713541666666666 0.04416666666666667
5 0.49583333333333335 0.5141666666666667 0.008333333333333333 0.03333333333333333
6 0.6783453525641026 0.31317307692307694 0.0171875 0.04544871794871796
6 0.76171875 0.3925 0.019270833333333334 0.06333333333333334
6 0.29140625 0.435 0.0078125 0.035
0 0.26197916666666665 0.5425 0.015625 0.075
0 0.24244791666666668 0.5433333333333333 0.0140625 0.075
6 0.6348958333333333 0.4465277777777777 0.008333333333333333 0.03527777777777781
6 0.10078125 0.4266666666666667 0.011458333333333333 0.03916666666666667
6 0.12708333333333333 0.37375 0.01875 0.0625
6 0.023177083333333334 0.39472222222222225 0.019965277777777776 0.053888888888888854
2 0.44479166666666664 0.5248958333333333 0.02421874999999994 0.02604166666666676
2 0.561328125 0.5070833333333333 0.01484375 0.006666666666666667
2 0.9369791666666667 0.5545833333333333 0.12604166666666666 0.0825
2 0.46380208333333334 0.5229166666666667 0.008854166666666666 0.020833333333333332
0 0.5979166666666667 0.5220833333333333 0.007291666666666667 0.03916666666666667
2 0.46875 0.5229166666666667 0.00625 0.02
2 0.50953125 0.5179166666666667 0.009062499999999989 0.0075
