2 0.60078125 0.5929166666666666 0.20260416666666667 0.25583333333333336
2 0.35182291666666665 0.5408333333333334 0.0546875 0.06333333333333334
6 0.37135416666666665 0.2758333333333333 0.009375 0.051666666666666666
6 0.4901041666666667 0.28583333333333333 0.009375 0.045
2 0.39895833333333336 0.5308333333333334 0.036458333333333336 0.041666666666666664
5 0.4791666666666667 0.5125 0.01875 0.03666666666666667
2 0.55859375 0.5241666666666667 0.043229166666666666 0.03833333333333333
0 0.6802083333333333 0.5284722222222222 0.021875 0.06694444444444447
0 0.7611979166666668 0.5465277777777778 0.02829861111111119 0.12138888888888895
2 0.4421875 0.52125 0.015625 0.0275
2 0.4416819852941177 0.5240931372549019 0.0109375 0.024166666666666666
0 0.58359375 0.5095833333333334 0.011979166666666667 0.029166666666666667
5 0.49244791666666665 0.5121180555555555 0.012369791666666666 0.028333333333333332
6 0.75703125 0.20638888888888893 0.0265625 0.0688888888888889
6 0.9722470238095239 0.2780357142857143 0.04300595238095243 0.12678571428571425
6 0.20130208333333333 0.4025 0.009895833333333333 0.045
0 0.162890625 0.5114583333333333 0.01953125 0.032916666666666664
0 0.133984375 0.5139583333333333 0.01796875 0.024583333333333332
6 0.6677083333333333 0.4241666666666667 0.014583333333333334 0.051666666666666666
2 0.4280381944444445 0.5241666666666666 0.029687500000000058 0.03166666666666667
2 0.5513020833333333 0.5228333333333333 0.03802083333333333 0.047666666666666704
2 0.45338541666666665 0.5195833333333333 0.009895833333333333 0.0225
0 0.6006510416666665 0.507784090909091 0.007504734848484655 0.01715909090909084
2 0.45677083333333335 0.5195833333333333 0.008333333333333333 0.020833333333333332
2 0.5018229166666667 0.518888888888889 0.0067708333333333336 0.014166666666666666
2 0.513671875 0.519375 0.009895833333333333 0.014166666666666666
2 0.527157738095238 0.5210714285714285 0.021428571428571352 0.031190476190476202
2 0.17526041666666667 0.6495833333333333 0.2994791666666667 0.25416666666666665
2 0.5341145833333333 0.5245833333333333 0.009895833333333333 0.035833333333333335
