2 0.5606770833333333 0.5825 0.16510416666666666 0.23333333333333334
2 0.36223958333333334 0.5370833333333334 0.050520833333333334 0.060833333333333336
6 0.38515625 0.2920833333333333 0.0078125 0.0475
6 0.49322916666666666 0.30083333333333334 0.009375 0.04
2 0.40520833333333334 0.5266666666666666 0.035416666666666666 0.04
5 0.48072916666666665 0.5095833333333334 0.020833333333333332 0.03916666666666667
0 0.6679687500000001 0.5424166666666668 0.019895833333333477 0.10016666666666652
0 0.7388888888888889 0.5406944444444445 0.028819444444444522 0.11194444444444439
2 0.44717881944444443 0.5186111111111111 0.012586805555555535 0.02666666666666667
2 0.44486825980392164 0.5211519607843136 0.0109375 0.024166666666666666
0 0.5886718749999997 0.5025520833333333 0.004817708333333215 0.012187500000000094
5 0.4921875 0.5083333333333333 0.009375 0.03
6 0.7294270833333333 0.23833333333333334 0.0234375 0.06166666666666667
6 0.8913690476190476 0.3157142857142857 0.036458333333333336 0.11103174603174604
6 0.2296875 0.40791666666666665 0.0125 0.04416666666666667
0 0.1953125 0.5445833333333333 0.01875 0.09583333333333334
0 0.16901041666666666 0.545 0.016145833333333335 0.09333333333333334
6 0.65703125 0.4266666666666667 0.0140625 0.04666666666666667
2 0.43230537280701753 0.5214035087719299 0.028536184210526373 0.03
2 0.5421875 0.5054166666666666 0.0125 0.0175
2 0.9838541666666667 0.55875 0.03229166666666667 0.09083333333333334
2 0.4557291666666667 0.5175 0.009895833333333333 0.0225
0 0.6005208333333333 0.5095833333333334 0.011458333333333333 0.029166666666666667
2 0.45989583333333334 0.5170833333333333 0.008333333333333333 0.020833333333333332
2 0.5033854166666667 0.51625 0.009895833333333333 0.014166666666666666
2 0.5157812500000001 0.5164166666666666 0.009895833333333333 0.014166666666666666
2 0.530859375 0.5114583333333333 0.0171875 0.017083333333333332
2 0.09739583333333333 0.7625 0.19479166666666667 0.4083333333333333
2 0.5354166666666667 0.5125 0.004166666666666667 0.01
