2 0.85078125 0.7229166666666667 0.2984375 0.3458333333333333
2 0.10364583333333334 0.59125 0.20729166666666668 0.24416666666666667
2 0.5119791666666667 0.5416666666666666 0.08333333333333333 0.13666666666666666
2 0.40677083333333336 0.5195833333333333 0.034375 0.04416666666666667
6 0.43255208333333334 0.3570833333333333 0.0067708333333333336 0.034166666666666665
6 0.5033854166666667 0.36291666666666667 0.005729166666666666 0.0275
2 0.43203125 0.5133333333333333 0.0234375 0.028333333333333332
5 0.48151041666666666 0.5016666666666667 0.022395833333333334 0.041666666666666664
2 0.5526041666666667 0.5170833333333333 0.029166666666666667 0.0425
0 0.6338020833333332 0.5216666666666666 0.0171875 0.0626666666666666
0 0.6627604166666666 0.52 0.018229166666666668 0.075
2 0.459375 0.5091666666666667 0.013541666666666667 0.023333333333333334
2 0.46015625 0.5114583333333333 0.008854166666666666 0.02125
0 0.5779647435897436 0.5076602564102566 0.011057692307692334 0.041858974358974406
5 0.49375 0.49375 0.011458333333333333 0.019166666666666665
6 0.6387276785714285 0.34565476190476196 0.011830357142857177 0.03488095238095241
6 0.6899739583333333 0.3983333333333333 0.009895833333333333 0.0175
6 0.33177083333333335 0.43291666666666667 0.00625 0.0275
0 0.31171875 0.52125 0.0140625 0.060833333333333336
0 0.29348958333333336 0.5225 0.011979166666666667 0.058333333333333334
6 0.6111979166666666 0.4462500000000001 0.0071180555555554765 0.029722222222222285
6 0.180859375 0.428125 0.009375 0.0325
6 0.23880208333333333 0.3975 0.009895833333333333 0.041666666666666664
6 0.151171875 0.41041666666666665 0.013802083333333333 0.035833333333333335
2 0.45002604166666665 0.5111249999999999 0.01984375000000001 0.024250000000000018
2 0.5485937500000001 0.49783333333333324 0.026145833333333358 0.013666666666666648
2 0.8325520833333333 0.5254166666666666 0.06614583333333333 0.0475
