2 0.5107886904761905 0.5414285714285715 0.05535714285714282 0.08976190476190472
2 0.05078125 0.65 0.1015625 0.21333333333333335
2 0.2600694444444444 0.5780555555555557 0.13541666666666663 0.1227777777777778
2 0.3692708333333333 0.54375 0.051041666666666666 0.0675
2 0.4828125 0.51625 0.019791666666666666 0.04083333333333333
2 0.6878124999999999 0.60875 0.15437499999999993 0.1728333333333333
2 0.44088541666666664 0.5295833333333333 0.021354166666666667 0.030833333333333334
2 0.5398958333333332 0.5257499999999999 0.021041666666666656 0.0275
2 0.6010416666666667 0.565 0.065625 0.085
2 0.33541666666666664 0.565 0.05 0.06833333333333333
2 0.4546875 0.5247916666666667 0.0140625 0.021666666666666667
6 0.4622395833333333 0.43 0.0046875 0.016666666666666666
6 0.5060267857142857 0.4306547619047619 0.004166666666666667 0.01726190476190472
2 0.571875 0.5504166666666667 0.020833333333333332 0.05583333333333333
2 0.4631770833333333 0.5244166666666668 0.009687500000000012 0.015833333333333335
6 0.4017578125 0.476875 0.005338541666666667 0.01625
2 0.4681640625 0.52375 0.008203125 0.016666666666666666
0 0.5841145833333333 0.515 0.0067708333333333336 0.02
0 0.6002604166666666 0.5133333333333333 0.008854166666666666 0.015
6 0.5989583333333334 0.4679999999999999 0.007291666666666667 0.024333333333333276
6 0.5719618055555556 0.48013888888888895 0.0046875 0.016388888888888856
