2 0.5747395833333333 0.59 0.1828125 0.24833333333333332
2 0.3578125 0.5420833333333334 0.051041666666666666 0.06416666666666666
6 0.37838541666666664 0.28583333333333333 0.009895833333333333 0.05
6 0.49140625 0.29541666666666666 0.008854166666666666 0.0425
2 0.40078125 0.53 0.034895833333333334 0.03833333333333333
5 0.4791666666666667 0.5129166666666667 0.01875 0.0375
2 0.5528645833333333 0.5183333333333333 0.019270833333333334 0.025
0 0.6733506944444444 0.5473611111111112 0.021006944444444522 0.10361111111111104
0 0.7515625 0.5466666666666666 0.030208333333333334 0.11833333333333333
2 0.4447716346153846 0.5205769230769232 0.013741987179487224 0.027051282051282138
2 0.4431423611111112 0.5240277777777779 0.0109375 0.024166666666666666
0 0.5843749999999998 0.5027430555555554 0.005295138888888691 0.01409722222222238
5 0.4924078525641026 0.5118589743589744 0.01069711538461533 0.028589743589743647
6 0.7426793981481481 0.2253703703703704 0.024942129629629526 0.06703703703703705
6 0.9299879807692307 0.2972115384615384 0.04146634615384599 0.12083333333333333
6 0.215625 0.4091666666666667 0.009375 0.043333333333333335
0 0.17864583333333334 0.5245833333333333 0.021875 0.0675
0 0.15078125 0.5258333333333334 0.019270833333333334 0.03333333333333333
6 0.6629340277777779 0.42736111111111114 0.0140625 0.049166666666666664
2 0.43043619791666665 0.5244791666666667 0.0275390625 0.030625
2 0.54765625 0.5129166666666667 0.025520833333333333 0.025833333333333333
2 0.45598958333333334 0.52125 0.009895833333333333 0.0225
0 0.6023437499999997 0.5085227272727273 0.005350378787878658 0.009772727272727195
2 0.4578125 0.52 0.008333333333333333 0.020833333333333332
2 0.5026041666666666 0.519375 0.008333333333333333 0.013750000000000095
2 0.51484375 0.5204166666666666 0.009895833333333333 0.014166666666666666
2 0.5297743055555555 0.5205555555555557 0.019965277777777738 0.02777777777777781
2 0.13489583333333333 0.7304166666666667 0.26979166666666665 0.3925
2 0.5354166666666668 0.5175 0.008541666666666774 0.01800000000000002
