2 0.7135416666666666 0.5904166666666667 0.23541666666666666 0.22583333333333333
6 0.36484375 0.2704166666666667 0.009895833333333333 0.04583333333333333
6 0.48802083333333335 0.2775 0.009375 0.04666666666666667
2 0.39765625 0.5308333333333334 0.033854166666666664 0.04
5 0.478125 0.5133333333333333 0.01875 0.03666666666666667
2 0.56015625 0.5375 0.04739583333333333 0.060833333333333336
0 0.6875 0.51375 0.01875 0.034166666666666665
0 0.772265625 0.518125 0.02109375 0.06208333333333333
2 0.4401041666666667 0.5220238095238094 0.015625 0.0275
2 0.43984375 0.525297619047619 0.0109375 0.024166666666666666
0 0.5838541666666667 0.5206547619047619 0.0125 0.046547619047619074
5 0.4930871212121212 0.5138257575757575 0.015340909090909112 0.028560606060606043
6 0.7731770833333333 0.18833333333333332 0.027604166666666666 0.075
6 0.18619791666666666 0.39791666666666664 0.0109375 0.04583333333333333
0 0.14635416666666667 0.5529166666666668 0.02447916666666664 0.11333333333333342
0 0.11290922619047619 0.5550595238095238 0.021056547619047614 0.10511904761904768
6 0.6739583333333333 0.42125 0.014583333333333334 0.0525
2 0.4247869318181818 0.5264772727272727 0.030729166666666665 0.031742424242424176
2 0.5518682065217391 0.5259963768115942 0.03793025362318841 0.050833333333333335
2 0.4513020833333333 0.52125 0.009895833333333333 0.0225
0 0.5998579545454544 0.520037878787879 0.011458333333333333 0.04734848484848499
2 0.4552083333333333 0.5204166666666666 0.008333333333333333 0.020833333333333332
2 0.5026041666666666 0.5204166666666666 0.004166666666666667 0.010833333333333334
2 0.5122395833333333 0.5206944444444443 0.009895833333333333 0.014166666666666666
2 0.5272569444444445 0.5231944444444445 0.023263888888888928 0.0325
2 0.3255208333333333 0.58 0.13125 0.13666666666666666
2 0.5340798611111112 0.5268055555555556 0.009965277777777833 0.035833333333333335
2 0.46640625 0.52 0.0067708333333333336 0.016666666666666666
0 0.52421875 0.5264166666666668 0.005729166666666666 0.02383333333333326
