2 0.7364583333333333 0.5904166666666667 0.23958333333333334 0.22083333333333333
6 0.36380208333333336 0.2704166666666667 0.008854166666666666 0.04583333333333333
6 0.4875 0.27708333333333335 0.009375 0.04583333333333333
2 0.3958333333333333 0.5316666666666666 0.03854166666666667 0.04
5 0.478125 0.5141666666666667 0.01875 0.03666666666666667
2 0.56015625 0.5385984848484849 0.04739583333333333 0.06204545454545458
0 0.6881944444444446 0.5170833333333333 0.023263888888888928 0.0375
0 0.7731770833333333 0.5120833333333333 0.0203125 0.04583333333333333
2 0.4401041666666667 0.5227380952380952 0.015625 0.0275
2 0.43984375 0.5259325396825396 0.0109375 0.024166666666666666
0 0.5838541666666667 0.52125 0.0125 0.04583333333333333
5 0.49327876984126984 0.5142857142857142 0.015674603174603164 0.02825396825396827
6 0.77421875 0.18638888888888888 0.026909722222222262 0.0761111111111111
6 0.18411458333333333 0.39875 0.0109375 0.04583333333333333
0 0.14501488095238096 0.5536309523809525 0.025074404761904746 0.11238095238095241
0 0.11197916666666667 0.5566666666666666 0.021875 0.10666666666666667
6 0.6746527777777778 0.42291666666666666 0.014583333333333334 0.0525
2 0.42473958333333334 0.5274479166666667 0.031119791666666667 0.03197916666666667
2 0.5519134963768116 0.5265760869565217 0.037839673913043485 0.050833333333333335
2 0.4513020833333333 0.5220833333333333 0.009895833333333333 0.0225
0 0.6 0.5211111111111112 0.011458333333333333 0.04666666666666667
2 0.45546875 0.5208333333333334 0.008333333333333333 0.020833333333333332
2 0.5026041666666666 0.52125 0.004166666666666667 0.0125
2 0.5122395833333333 0.5214880952380953 0.009895833333333333 0.014166666666666666
2 0.5267361111111111 0.5234722222222223 0.022222222222222143 0.030833333333333334
2 0.3359375 0.5775 0.11979166666666667 0.12666666666666668
2 0.5340104166666666 0.5279166666666668 0.010104166666666714 0.035833333333333335
2 0.46640625 0.5216666666666666 0.0067708333333333336 0.016666666666666666
0 0.52421875 0.5274166666666668 0.005729166666666666 0.02516666666666661
