2 0.016145833333333335 0.68125 0.03229166666666667 0.17583333333333334
2 0.5296875 0.5595833333333333 0.10520833333333333 0.15916666666666668
2 0.39505208333333336 0.535 0.0390625 0.04833333333333333
6 0.42109375 0.34708333333333335 0.0067708333333333336 0.035833333333333335
6 0.5041666666666667 0.35333333333333333 0.00625 0.03
2 0.4265625 0.5283333333333333 0.026041666666666668 0.03166666666666667
5 0.48541666666666666 0.51375 0.021875 0.03916666666666667
2 0.5611979166666666 0.5304166666666666 0.028645833333333332 0.0475
0 0.6471217105263158 0.5355482456140351 0.020120614035087907 0.07478070175438593
0 0.6956912878787879 0.5360984848484849 0.019981060606060672 0.08386363636363645
2 0.45859375 0.5219444444444444 0.013715277777777797 0.02666666666666667
2 0.4578125 0.5234722222222223 0.009027777777777798 0.021388888888888857
0 0.5845703125 0.5198958333333333 0.014453125 0.043958333333333335
5 0.49661458333333336 0.5097916666666666 0.008854166666666666 0.027083333333333237
6 0.669704861111111 0.3234722222222222 0.01545138888888881 0.04472222222222219
6 0.7432291666666667 0.3985416666666667 0.019270833333333334 0.05708333333333333
6 0.30364583333333334 0.435 0.008333333333333333 0.03166666666666667
0 0.27786458333333336 0.5391666666666667 0.015104166666666667 0.07333333333333333
0 0.25677083333333334 0.5391666666666667 0.0125 0.07
6 0.6303819444444445 0.44861111111111107 0.008680555555555596 0.03388888888888886
6 0.12350260416666667 0.42916666666666664 0.012109375 0.03791666666666667
6 0.16005208333333332 0.3823333333333333 0.014687499999999994 0.05566666666666668
6 0.059895833333333336 0.40166666666666667 0.017708333333333333 0.05
2 0.44778645833333336 0.5239583333333333 0.023177083333333334 0.025416666666666667
2 0.5575520833333333 0.5066666666666667 0.022395833333333334 0.008333333333333333
2 0.9286458333333333 0.5520833333333334 0.14166666666666666 0.0775
2 0.46588541666666666 0.52125 0.008854166666666666 0.02
0 0.5966145833333333 0.5204166666666666 0.0036458333333333334 0.0375
2 0.4713541666666667 0.5208333333333334 0.00625 0.02
2 0.51015625 0.5154166666666666 0.007291666666666667 0.005
