2 0.5111979166666667 0.5316666666666666 0.052083333333333336 0.08166666666666667
2 0.8973958333333333 0.52625 0.153125 0.1125
2 0.25364583333333335 0.5745833333333333 0.14583333333333334 0.1325
2 0.721875 0.60875 0.19375 0.20916666666666667
2 0.35572916666666665 0.5453333333333332 0.07020833333333337 0.07533333333333331
2 0.40579427083333336 0.5278125 0.036328125 0.050208333333333334
2 0.4841796875 0.506875 0.020703125 0.04041666666666666
2 0.5986979166666667 0.5502777777777778 0.06510416666666667 0.08444444444444447
2 0.4510416666666667 0.51875 0.017708333333333333 0.025833333333333333
2 0.5354166666666665 0.5156666666666667 0.016458333333333228 0.025
2 0.5638020833333334 0.5370833333333334 0.0296875 0.05583333333333333
2 0.3909722222222223 0.5405555555555556 0.025694444444444464 0.04833333333333333
2 0.98203125 0.5079166666666667 0.0359375 0.059166666666666666
2 0.4615104166666667 0.5165 0.011562500000000024 0.02
6 0.46953125 0.43583333333333335 0.0046875 0.015
6 0.5059895833333333 0.43666666666666665 0.0036458333333333334 0.015
2 0.5526041666666667 0.53 0.010416666666666666 0.041666666666666664
2 0.469140625 0.515625 0.00859375 0.014583333333333334
6 0.4193576388888889 0.4759722222222222 0.004340277777777738 0.013055555555555619
6 0.5807291666666666 0.46791666666666665 0.005208333333333333 0.019166666666666665
6 0.5606770833333333 0.476736111111111 0.0036458333333333334 0.012638888888888858
