2 0.88359375 0.79375 0.2328125 0.4125
2 0.07786458333333333 0.6166666666666667 0.15572916666666667 0.29
2 0.5174479166666667 0.5525 0.08697916666666666 0.145
2 0.40338541666666666 0.5304166666666666 0.033854166666666664 0.04583333333333333
6 0.43046875 0.3575 0.0067708333333333336 0.03333333333333333
6 0.5059895833333333 0.36375 0.005729166666666666 0.029166666666666667
2 0.43203125 0.5241666666666667 0.024479166666666666 0.028333333333333332
5 0.48385416666666664 0.5091666666666667 0.020833333333333332 0.04
2 0.5575757575757574 0.5243560606060605 0.02850378787878777 0.04356060606060604
0 0.6405505952380951 0.5314285714285715 0.017559523809523726 0.06547619047619037
0 0.6752604166666667 0.5308333333333334 0.013020833333333334 0.07333333333333333
2 0.4609375 0.5179166666666667 0.015104166666666667 0.023333333333333334
2 0.46067708333333335 0.52 0.0078125 0.02
0 0.5829427083333333 0.5159375 0.011458333333333333 0.043125
5 0.49755859375 0.5028125 0.011263020833333333 0.019791666666666666
6 0.6522916666666667 0.34241666666666665 0.012916666666666762 0.03916666666666667
6 0.7104817708333333 0.41 0.015234375 0.04583333333333333
6 0.32317708333333334 0.4395833333333333 0.0067708333333333336 0.030833333333333334
0 0.3 0.53125 0.015625 0.06916666666666667
0 0.28203125 0.5329166666666667 0.011979166666666667 0.0625
6 0.6205729166666667 0.4525 0.0078125 0.03333333333333333
6 0.162109375 0.4320833333333333 0.010677083333333334 0.0325
6 0.2140625 0.39666666666666667 0.010416666666666666 0.04666666666666667
6 0.12096354166666666 0.41125 0.015104166666666667 0.03875
2 0.45208333333333334 0.5208333333333334 0.020833333333333332 0.025
2 0.5533854166666666 0.51125 0.024479166666666666 0.024166666666666666
2 0.87421875 0.5445833333333333 0.1015625 0.06916666666666667
2 0.46875 0.5179166666666667 0.007291666666666667 0.019166666666666665
