2 0.5087425595238095 0.5292857142857142 0.05260416666666667 0.08476190476190482
2 0.9666666666666667 0.5358333333333334 0.06666666666666667 0.14333333333333334
2 0.13880208333333333 0.6033333333333334 0.2421875 0.19166666666666668
2 0.85078125 0.7283333333333334 0.2984375 0.44166666666666665
2 0.32005208333333335 0.5521666666666667 0.09135416666666665 0.0923333333333333
2 0.38895833333333335 0.5280833333333333 0.042708333333333334 0.05650000000000006
2 0.48125 0.5041666666666667 0.019791666666666666 0.04083333333333333
2 0.6229166666666667 0.56125 0.08958333333333333 0.10916666666666666
2 0.44453125 0.51675 0.018437500000000048 0.028166666666666628
2 0.5347395833333334 0.5121666666666665 0.01864583333333337 0.025333333333333315
2 0.5752604166666667 0.53875 0.0421875 0.06416666666666666
2 0.3684895833333333 0.5434166666666665 0.034895833333333334 0.05416666666666667
2 0.45703125 0.5134722222222223 0.013020833333333334 0.018611111111111144
6 0.4640625 0.42625 0.004166666666666667 0.015833333333333335
6 0.5032986111111112 0.4270833333333333 0.0034722222222222615 0.014166666666666666
2 0.5571180555555556 0.5306944444444445 0.013541666666666667 0.04583333333333333
2 0.4642578125 0.5133333333333333 0.009765625 0.015833333333333335
6 0.40963541666666664 0.4708333333333333 0.0046875 0.013333333333333334
6 0.5856770833333333 0.46166666666666667 0.005729166666666666 0.021666666666666667
6 0.5631076388888889 0.47180555555555564 0.0036458333333333334 0.01472222222222219
