2 0.9453125 0.88 0.109375 0.24
2 0.8359375 0.6691666666666667 0.328125 0.2683333333333333
2 0.12630208333333334 0.5766666666666667 0.21927083333333333 0.21333333333333335
2 0.5096354166666667 0.5366666666666666 0.0796875 0.13333333333333333
2 0.4083333333333333 0.51625 0.03333333333333333 0.04416666666666667
6 0.43385416666666665 0.36083333333333334 0.007291666666666667 0.03
6 0.50234375 0.36583333333333334 0.005729166666666666 0.02666666666666667
2 0.43255208333333334 0.51 0.0234375 0.028333333333333332
5 0.47942708333333334 0.49833333333333335 0.022395833333333334 0.041666666666666664
2 0.5499255952380953 0.5127976190476191 0.028571428571428706 0.04059523809523805
0 0.6287037037037038 0.5157407407407407 0.015393518518518572 0.060925925925925904
0 0.65625 0.52 0.01875 0.065
2 0.45859375 0.5066666666666667 0.015104166666666667 0.023333333333333334
2 0.46015625 0.5076041666666666 0.008854166666666666 0.018958333333333334
0 0.5755208333333334 0.5030555555555555 0.010069444444444405 0.041666666666666664
5 0.4920717592592593 0.49111111111111116 0.010416666666666666 0.01925925925925924
6 0.63125 0.3490625 0.011979166666666667 0.033541666666666664
6 0.6768229166666667 0.41208333333333336 0.009895833333333333 0.03833333333333333
6 0.3385416666666667 0.43625 0.007291666666666667 0.0275
0 0.3184895833333333 0.51625 0.013020833333333334 0.060833333333333336
0 0.3015625 0.5183333333333333 0.011458333333333333 0.056666666666666664
6 0.6059895833333333 0.44458333333333333 0.0067708333333333336 0.0275
6 0.19309895833333332 0.42833333333333334 0.009375 0.03
6 0.2548958333333333 0.4003333333333333 0.008958333333333327 0.03866666666666665
6 0.17213541666666668 0.4125 0.008854166666666666 0.03333333333333333
2 0.45021306818181817 0.5084469696969698 0.019649621212121222 0.023712121212121247
2 0.5465401785714287 0.4960416666666669 0.025148809523809372 0.014464285714285836
2 0.8106770833333333 0.5170833333333333 0.0453125 0.03916666666666667
