2 0.6296875 0.5925 0.21354166666666666 0.24833333333333332
2 0.35078125 0.5375 0.0515625 0.06166666666666667
6 0.3684895833333333 0.2725 0.009895833333333333 0.051666666666666666
6 0.48880208333333336 0.2808333333333333 0.008854166666666666 0.045
2 0.39791666666666664 0.5291666666666667 0.03854166666666667 0.041666666666666664
5 0.478125 0.51125 0.01875 0.035833333333333335
2 0.5596354166666667 0.5333333333333333 0.0453125 0.058333333333333334
0 0.6830729166666667 0.5125 0.0203125 0.041666666666666664
0 0.765407986111111 0.5485416666666667 0.026822916666666665 0.1240277777777778
2 0.44114583333333335 0.5195833333333334 0.015625 0.028055555555555618
2 0.44030330882352947 0.5232107843137254 0.0109375 0.024166666666666666
0 0.584375 0.5108333333333334 0.013541666666666667 0.035
5 0.49244791666666665 0.5118055555555554 0.013541666666666667 0.028333333333333332
6 0.7636160714285715 0.19815476190476192 0.02767857142857153 0.0705952380952381
6 0.9856770833333334 0.2758333333333333 0.0265625 0.105
6 0.19453125 0.3983333333333333 0.0109375 0.045
0 0.15416666666666667 0.53625 0.025 0.0875
0 0.12473958333333333 0.5508333333333333 0.0203125 0.10166666666666667
6 0.6708333333333333 0.42125 0.014583333333333334 0.0525
2 0.426171875 0.5233333333333333 0.030729166666666665 0.030833333333333334
2 0.5514391447368422 0.523267543859649 0.03802083333333339 0.048991228070175336
2 0.45338541666666665 0.51875 0.009895833333333333 0.0225
0 0.6 0.5104166666666666 0.011458333333333333 0.030833333333333334
2 0.45651041666666664 0.518125 0.008333333333333333 0.02125
2 0.5020833333333333 0.5176041666666666 0.005989583333333334 0.013125
2 0.5126302083333333 0.5183333333333333 0.009895833333333333 0.014166666666666666
2 0.5274739583333333 0.52125 0.023697916666666666 0.0325
2 0.24348958333333334 0.6145833333333334 0.21614583333333334 0.19916666666666666
2 0.5341145833333333 0.5245833333333333 0.009895833333333333 0.035833333333333335
2 0.4671875 0.5175 0.004166666666666667 0.016666666666666666
