2 0.509375 0.5291666666666667 0.051041666666666666 0.08333333333333333
2 0.671875 0.58125 0.134375 0.15416666666666667
2 0.6799479166666667 0.49833333333333335 0.0546875 0.03166666666666667
2 0.39947916666666666 0.5316666666666666 0.046875 0.055
2 0.5713541666666667 0.53 0.04583333333333333 0.058333333333333334
2 0.42630208333333336 0.5233333333333333 0.025520833333333333 0.03666666666666667
2 0.44088541666666664 0.5175 0.022395833333333334 0.03166666666666667
2 0.48359375 0.505 0.019270833333333334 0.03833333333333333
2 0.5479166666666667 0.5208333333333334 0.020833333333333332 0.03833333333333333
2 0.46477864583333334 0.5125 0.013151041666666667 0.018333333333333333
2 0.52890625 0.5085416666666667 0.0109375 0.014166666666666666
2 0.5372395833333333 0.5208333333333334 0.008854166666666666 0.025
2 0.4386284722222223 0.5237499999999999 0.011979166666666667 0.026944444444444382
2 0.79609375 0.505 0.058854166666666666 0.04
2 0.79296875 0.49291666666666667 0.06822916666666666 0.04083333333333333
2 0.8533854166666667 0.5016666666666667 0.05677083333333333 0.043333333333333335
2 0.9127604166666666 0.4970833333333333 0.05260416666666667 0.0475
6 0.5580729166666667 0.47458333333333336 0.0036458333333333334 0.0125
