5 0.440625 0.6445833333333333 0.33541666666666664 0.30416666666666664
2 0.61015625 0.5825 0.11197916666666667 0.155
2 0.63828125 0.49416666666666664 0.05260416666666667 0.021666666666666667
5 0.6252604166666667 0.505 0.025520833333333333 0.015
2 0.6658854166666667 0.5625 0.0609375 0.10666666666666667
2 0.6479166666666667 0.5058333333333334 0.0125 0.008333333333333333
2 0.6958333333333333 0.555 0.03333333333333333 0.07166666666666667
2 0.6875 0.5129166666666667 0.03229166666666667 0.0175
2 0.725 0.52875 0.04583333333333333 0.0675
2 0.7515625 0.5345833333333333 0.013541666666666667 0.034166666666666665
2 0.753125 0.5291666666666667 0.022916666666666665 0.035
2 0.76484375 0.5179166666666667 0.009895833333333333 0.014166666666666666
2 0.7838541666666666 0.51875 0.011458333333333333 0.014166666666666666
2 0.8002604166666667 0.52125 0.008854166666666666 0.0125
2 0.8106770833333333 0.5191666666666667 0.0140625 0.016666666666666666
2 0.8354166666666667 0.5208333333333334 0.016666666666666666 0.016666666666666666
2 0.96953125 0.5458333333333333 0.0609375 0.125
2 0.8549479166666667 0.52 0.0067708333333333336 0.015
5 0.9552083333333333 0.45625 0.08958333333333333 0.12916666666666668
