5 0.33203125 0.5604166666666667 0.12135416666666667 0.1625
2 0.40625 0.5491666666666667 0.04895833333333333 0.06
5 0.06354166666666666 0.5333333333333333 0.12708333333333333 0.13166666666666665
2 0.09479166666666666 0.5241666666666667 0.12708333333333333 0.075
2 0.16605902777777773 0.5236111111111111 0.0942708333333333 0.05777777777777771
2 0.19739583333333333 0.52875 0.08958333333333333 0.06416666666666666
5 0.20130208333333333 0.51 0.12760416666666666 0.09
2 0.921875 0.45875 0.15520833333333334 0.0875
2 0.9736979166666667 0.44208333333333333 0.050520833333333334 0.0775
2 0.8096354166666667 0.46625 0.08385416666666666 0.06416666666666666
5 0.75390625 0.3729166666666667 0.2171875 0.2625
2 0.42265625 0.5345833333333333 0.043229166666666666 0.059166666666666666
2 0.44635416666666666 0.5341666666666667 0.01875 0.04
2 0.49895833333333334 0.49666666666666665 0.07708333333333334 0.03166666666666667
2 0.7395833333333334 0.475 0.041666666666666664 0.04
2 0.27265625 0.5108333333333334 0.0171875 0.04
2 0.4921875 0.5091666666666667 0.005208333333333333 0.016666666666666666
2 0.4817708333333333 0.51375 0.013541666666666667 0.019166666666666665
2 0.46067708333333335 0.5154166666666666 0.011979166666666667 0.0175
2 0.4388020833333333 0.51125 0.011979166666666667 0.009166666666666667
2 0.49713541666666666 0.51 0.009895833333333333 0.016666666666666666
2 0.50078125 0.5133333333333333 0.011979166666666667 0.021666666666666667
2 0.5111979166666667 0.5129166666666667 0.018229166666666668 0.024166666666666666
2 0.5338541666666666 0.5129166666666667 0.010416666666666666 0.020833333333333332
2 0.571875 0.5025 0.053125 0.021666666666666667
2 0.56015625 0.51 0.015104166666666667 0.021666666666666667
2 0.5846354166666666 0.5095833333333334 0.0203125 0.0225
2 0.6002604166666666 0.5041666666666667 0.0140625 0.023333333333333334
7 0.53515625 0.4866666666666667 0.0067708333333333336 0.015
