2 0.13776041666666666 0.71125 0.2755208333333333 0.2841666666666667
5 0.9643229166666667 0.26125 0.07135416666666666 0.36916666666666664
2 0.29739583333333336 0.5929166666666666 0.16041666666666668 0.1625
2 0.3893229166666667 0.5725 0.0671875 0.085
2 0.5166666666666667 0.5025 0.09895833333333333 0.03166666666666667
2 0.18203125 0.54125 0.1203125 0.07583333333333334
2 0.9080729166666667 0.47208333333333335 0.18385416666666668 0.12083333333333333
2 0.09088541666666666 0.5254166666666666 0.17552083333333332 0.0625
2 0.029166666666666667 0.5391666666666667 0.058333333333333334 0.06
2 0.8494791666666667 0.4716666666666667 0.12291666666666666 0.1
2 0.8192708333333333 0.47791666666666666 0.115625 0.1075
2 0.5033854166666667 0.5166666666666667 0.008854166666666666 0.02
2 0.490625 0.5225 0.017708333333333333 0.023333333333333334
2 0.4640625 0.5245833333333333 0.016666666666666666 0.0225
2 0.43046875 0.5154166666666666 0.0109375 0.014166666666666666
2 0.4356770833333333 0.5245833333333333 0.019270833333333334 0.025833333333333333
2 0.40859375 0.5229166666666667 0.016145833333333335 0.014166666666666666
2 0.41875 0.5604166666666667 0.035416666666666666 0.06416666666666666
2 0.5104166666666666 0.51875 0.0125 0.020833333333333332
2 0.5138020833333333 0.52375 0.016145833333333335 0.0275
2 0.52890625 0.52375 0.024479166666666666 0.0325
2 0.5658854166666667 0.5245833333333333 0.025520833333333333 0.029166666666666667
2 0.6140625 0.50875 0.08125 0.024166666666666666
2 0.5934895833333333 0.5220833333333333 0.0171875 0.030833333333333334
2 0.6317708333333333 0.5208333333333334 0.029166666666666667 0.03
2 0.6653645833333334 0.5158333333333334 0.03802083333333333 0.03666666666666667
2 0.6888020833333334 0.51875 0.0109375 0.024166666666666666
2 0.17447916666666666 0.53375 0.09166666666666666 0.0425
2 0.2375 0.5170833333333333 0.06041666666666667 0.019166666666666665
2 0.06380208333333333 0.53375 0.12760416666666666 0.05583333333333333
7 0.5700520833333333 0.4845833333333333 0.0140625 0.024166666666666666
