2 0.23515625 0.5016666666666667 0.1109375 0.065
5 0.09348958333333333 0.5266666666666666 0.18697916666666667 0.10833333333333334
2 0.23515625 0.515 0.07447916666666667 0.035
2 0.103125 0.7275 0.20625 0.3283333333333333
2 0.30833333333333335 0.51375 0.015625 0.024166666666666666
2 0.3580729166666667 0.5475 0.09427083333333333 0.135
2 0.4161458333333333 0.5425 0.0375 0.051666666666666666
2 0.4265625 0.5304166666666666 0.03854166666666667 0.0525
2 0.45807291666666666 0.5116666666666667 0.0109375 0.013333333333333334
2 0.4783854166666667 0.51125 0.013020833333333334 0.0175
2 0.4953125 0.5108333333333334 0.010416666666666666 0.018333333333333333
2 0.50703125 0.51 0.015104166666666667 0.021666666666666667
2 0.5317708333333333 0.5095833333333334 0.016666666666666666 0.019166666666666665
2 0.5557291666666667 0.5070833333333333 0.013541666666666667 0.015833333333333335
2 0.7611979166666667 0.4658333333333333 0.0734375 0.055
2 0.446875 0.53 0.013541666666666667 0.03333333333333333
2 0.8458333333333333 0.45958333333333334 0.11458333333333333 0.07416666666666667
2 0.29609375 0.51125 0.0171875 0.03916666666666667
2 0.15807291666666667 0.5183333333333333 0.0984375 0.056666666666666664
2 0.21536458333333333 0.5204166666666666 0.06614583333333333 0.0475
0 0.009375 0.54875 0.01875 0.03916666666666667
2 0.92265625 0.4504166666666667 0.1046875 0.0625
2 0.971875 0.42916666666666664 0.05625 0.085
2 0.4518229166666667 0.5270833333333333 0.0078125 0.0275
5 0.710546875 0.39062499999999994 0.17109375 0.22124999999999992
