2 0.004166666666666667 0.8020833333333334 0.008333333333333333 0.08583333333333333
2 0.25 0.505 0.08958333333333333 0.05
5 0.20130208333333333 0.5216666666666666 0.06302083333333333 0.045
2 0.12421875 0.6570833333333334 0.2484375 0.2775
2 0.25755208333333335 0.5154166666666666 0.050520833333333334 0.030833333333333334
2 0.26145833333333335 0.5975 0.11666666666666667 0.12833333333333333
2 0.3177083333333333 0.5166666666666667 0.029166666666666667 0.02
2 0.36171875 0.5416666666666666 0.06302083333333333 0.09666666666666666
2 0.39921875 0.54 0.021354166666666667 0.041666666666666664
2 0.40338541666666666 0.5316666666666666 0.028645833333333332 0.043333333333333335
2 0.42291666666666666 0.5191666666666667 0.010416666666666666 0.013333333333333334
2 0.44140625 0.5179166666666667 0.011979166666666667 0.015833333333333335
2 0.45755208333333336 0.5179166666666667 0.008854166666666666 0.014166666666666666
2 0.46770833333333334 0.5170833333333333 0.014583333333333334 0.019166666666666665
2 0.4908854166666667 0.5179166666666667 0.015104166666666667 0.0175
2 0.8411458333333334 0.5270833333333333 0.3177083333333333 0.2991666666666667
2 0.5125 0.5154166666666666 0.013541666666666667 0.015833333333333335
2 0.6684895833333333 0.48625 0.0421875 0.04083333333333333
2 0.41901041666666666 0.5333333333333333 0.008854166666666666 0.028333333333333332
2 0.71484375 0.48583333333333334 0.0671875 0.05333333333333334
2 0.29765625 0.5129166666666667 0.0109375 0.030833333333333334
2 0.20859375 0.5145833333333333 0.06614583333333333 0.04083333333333333
2 0.25338541666666664 0.5241666666666667 0.027604166666666666 0.02
0 0.20572916666666666 0.53875 0.020833333333333332 0.0425
2 0.7515625 0.47125 0.029166666666666667 0.0275
5 0.6229166666666668 0.4334722222222222 0.1126736111111112 0.15194444444444438
