5 0.2833333333333333 0.6891666666666667 0.4552083333333333 0.38666666666666666
2 0.5114583333333333 0.59625 0.12708333333333333 0.17083333333333334
2 0.54609375 0.5004166666666666 0.05260416666666667 0.024166666666666666
5 0.53359375 0.51125 0.0265625 0.015833333333333335
2 0.5736979166666667 0.5704166666666667 0.0640625 0.1125
2 0.5546875 0.5116666666666667 0.011458333333333333 0.01
2 0.6052083333333333 0.5620833333333334 0.03333333333333333 0.0725
2 0.5966145833333333 0.52 0.0328125 0.018333333333333333
2 0.6333333333333333 0.5341666666666667 0.04479166666666667 0.06666666666666667
2 0.6583333333333333 0.54 0.013541666666666667 0.03333333333333333
2 0.6598958333333333 0.5341666666666667 0.021875 0.035
2 0.6697916666666667 0.525 0.010416666666666666 0.013333333333333334
2 0.6872395833333333 0.5233333333333333 0.0109375 0.015
2 0.7028645833333333 0.5245833333333333 0.0078125 0.010833333333333334
2 0.7130208333333333 0.5241666666666667 0.013541666666666667 0.015
2 0.7354166666666667 0.525 0.015625 0.015
2 0.9231770833333334 0.5341666666666667 0.15364583333333334 0.15666666666666668
2 0.7552083333333334 0.52375 0.009375 0.014166666666666666
2 0.8921875 0.4995833333333333 0.029166666666666667 0.035833333333333335
5 0.8542534722222223 0.4574305555555555 0.09236111111111119 0.12486111111111105
