5 0.12838541666666667 0.64375 0.25677083333333334 0.44416666666666665
2 0.3372395833333333 0.59 0.10989583333333333 0.11166666666666666
5 0.8622395833333333 0.28125 0.2755208333333333 0.48083333333333333
2 0.38671875 0.55625 0.07552083333333333 0.09083333333333334
2 0.42864583333333334 0.55 0.03125 0.055
2 0.5078125 0.5033333333333333 0.08958333333333333 0.03333333333333333
2 0.27890625 0.5220833333333333 0.0859375 0.03916666666666667
2 0.7078125 0.4945833333333333 0.053125 0.05416666666666667
2 0.24765625 0.5191666666666667 0.07864583333333333 0.041666666666666664
2 0.9177083333333333 0.4775 0.09166666666666666 0.07
2 0.9786458333333333 0.4708333333333333 0.042708333333333334 0.09
2 0.7013020833333333 0.4845833333333333 0.05572916666666667 0.049166666666666664
2 0.34661458333333334 0.525 0.0203125 0.018333333333333333
2 0.6934895833333333 0.49 0.05572916666666667 0.06
2 0.496875 0.5175 0.007291666666666667 0.018333333333333333
2 0.4859375 0.5216666666666666 0.015625 0.021666666666666667
2 0.4622395833333333 0.5233333333333333 0.015104166666666667 0.02
2 0.43072916666666666 0.5166666666666667 0.010416666666666666 0.015
2 0.43723958333333335 0.5229166666666667 0.0171875 0.020833333333333332
2 0.41432291666666665 0.52 0.0109375 0.01
2 0.44036458333333334 0.54625 0.0171875 0.04583333333333333
2 0.5033854166666667 0.5183333333333333 0.0109375 0.018333333333333333
2 0.5057291666666667 0.5220833333333333 0.013541666666666667 0.024166666666666666
2 0.51875 0.5216666666666666 0.020833333333333332 0.02666666666666667
2 0.55 0.5229166666666667 0.020833333333333332 0.024166666666666666
2 0.59765625 0.5133333333333333 0.05677083333333333 0.023333333333333334
2 0.5791666666666667 0.5208333333333334 0.017708333333333333 0.02666666666666667
2 0.5997395833333333 0.5208333333333334 0.0140625 0.025
2 0.634375 0.5154166666666666 0.029166666666666667 0.030833333333333334
2 0.27708333333333335 0.52375 0.05625 0.025833333333333333
2 0.31614583333333335 0.5216666666666666 0.057291666666666664 0.03
2 0.23802083333333332 0.5254166666666666 0.052083333333333336 0.029166666666666667
7 0.5502604166666667 0.49083333333333334 0.0109375 0.018333333333333333
