5 0.30885416666666665 0.5641666666666667 0.14270833333333333 0.185
2 0.39791666666666664 0.55125 0.05625 0.06416666666666666
5 0.037760416666666664 0.525 0.07552083333333333 0.07166666666666667
2 0.05911458333333333 0.5225 0.11822916666666666 0.08666666666666667
2 0.12473958333333339 0.5216666666666665 0.11718749999999988 0.06166666666666704
2 0.16953125 0.52625 0.10052083333333334 0.06916666666666667
5 0.17760416666666667 0.5083333333333333 0.140625 0.09333333333333334
2 0.9421875 0.45416666666666666 0.115625 0.1
2 0.8408854166666667 0.46541666666666665 0.11302083333333333 0.06916666666666667
5 0.7830729166666667 0.3545833333333333 0.2546875 0.2991666666666667
2 0.41822916666666665 0.5358333333333334 0.04791666666666667 0.06333333333333334
2 0.44453125 0.5358333333333334 0.019270833333333334 0.043333333333333335
2 0.5010416666666667 0.4970833333333333 0.07708333333333334 0.034166666666666665
2 0.7643229166666666 0.4766666666666667 0.043229166666666666 0.04
2 0.49270833333333336 0.5091666666666667 0.005208333333333333 0.016666666666666666
2 0.4828125 0.5129166666666667 0.013541666666666667 0.019166666666666665
2 0.46119791666666665 0.515 0.013020833333333334 0.018333333333333333
2 0.43125 0.50875 0.008333333333333333 0.0125
2 0.4393229166666667 0.5095833333333334 0.011979166666666667 0.009166666666666667
2 0.4981770833333333 0.5091666666666667 0.009895833333333333 0.016666666666666666
2 0.5018229166666667 0.5125 0.011979166666666667 0.021666666666666667
2 0.5127604166666667 0.5129166666666667 0.018229166666666668 0.024166666666666666
2 0.5361979166666667 0.5125 0.0109375 0.021666666666666667
2 0.5760416666666667 0.5016666666666667 0.053125 0.021666666666666667
2 0.5640625 0.51 0.015625 0.021666666666666667
2 0.5885416666666666 0.5095833333333334 0.020833333333333332 0.0225
2 0.6083333333333333 0.5041666666666667 0.017708333333333333 0.023333333333333334
7 0.5377604166666666 0.485 0.0067708333333333336 0.015
