5 0.11197916666666667 0.6829166666666666 0.22395833333333334 0.5291666666666667
2 0.32760416666666664 0.5933333333333334 0.11979166666666667 0.11833333333333333
5 0.8690104166666667 0.26166666666666666 0.26197916666666665 0.5133333333333333
2 0.384375 0.55625 0.07604166666666666 0.09416666666666666
2 0.4270833333333333 0.55 0.03229166666666667 0.055
2 0.5067708333333333 0.5016666666666667 0.08125 0.03333333333333333
2 0.2755208333333333 0.5179166666666667 0.08541666666666667 0.030833333333333334
2 0.7247395833333333 0.49041666666666667 0.0765625 0.05416666666666667
2 0.23723958333333334 0.5158333333333334 0.0796875 0.03666666666666667
2 0.9473958333333333 0.47041666666666665 0.09375 0.08416666666666667
2 0.19348958333333333 0.53125 0.0671875 0.07916666666666666
2 0.71328125 0.48625 0.06197916666666667 0.060833333333333336
2 0.34348958333333335 0.5233333333333333 0.0203125 0.018333333333333333
2 0.70390625 0.4870833333333333 0.06302083333333333 0.06583333333333333
2 0.4984375 0.5158333333333334 0.007291666666666667 0.018333333333333333
2 0.4869791666666667 0.5208333333333334 0.015625 0.021666666666666667
2 0.46328125 0.5220833333333333 0.015104166666666667 0.020833333333333332
2 0.43125 0.515 0.010416666666666666 0.015
2 0.43776041666666665 0.5220833333333333 0.0171875 0.0225
2 0.4140625 0.5191666666666667 0.013541666666666667 0.01
2 0.4401041666666667 0.5458333333333333 0.016666666666666666 0.04666666666666667
2 0.5044270833333333 0.5166666666666667 0.0109375 0.018333333333333333
2 0.5078125 0.52125 0.013541666666666667 0.024166666666666666
2 0.5205729166666667 0.5208333333333334 0.0203125 0.02666666666666667
2 0.5520833333333334 0.5220833333333333 0.021875 0.025833333333333333
2 0.6018229166666667 0.50875 0.05572916666666667 0.020833333333333332
2 0.5822916666666667 0.5191666666666667 0.017708333333333333 0.025
2 0.6033854166666667 0.5191666666666667 0.0140625 0.025
2 0.6375 0.515 0.03333333333333333 0.03166666666666667
2 0.26979166666666665 0.5245833333333333 0.05625 0.029166666666666667
2 0.31171875 0.5208333333333334 0.06302083333333333 0.03
2 0.2203125 0.5216666666666666 0.06875 0.03333333333333333
7 0.5528645833333333 0.48875 0.011979166666666667 0.019166666666666665
