2 0.246875 0.49666666666666665 0.09895833333333333 0.058333333333333334
5 0.14895833333333333 0.5091666666666667 0.12291666666666666 0.075
2 0.03411458333333333 0.78625 0.06822916666666666 0.25583333333333336
2 0.24895833333333334 0.5108333333333334 0.06458333333333334 0.03333333333333333
2 0.14791666666666667 0.65 0.2552083333333333 0.22333333333333333
2 0.3182291666666667 0.51 0.023958333333333335 0.023333333333333334
2 0.3653645833333333 0.53875 0.0796875 0.11583333333333333
2 0.41354166666666664 0.5354166666666667 0.03125 0.0475
2 0.4205729166666667 0.5241666666666667 0.034895833333333334 0.04833333333333333
2 0.44817708333333334 0.5091666666666667 0.0109375 0.015
2 0.4674479166666667 0.5075 0.013020833333333334 0.016666666666666666
2 0.4830729166666667 0.50875 0.0078125 0.014166666666666666
2 0.49453125 0.5058333333333334 0.016145833333333335 0.02
2 0.5190104166666667 0.5058333333333334 0.016145833333333335 0.018333333333333333
2 0.9377604166666667 0.5983333333333334 0.12447916666666667 0.32166666666666666
2 0.5419270833333333 0.5020833333333333 0.0140625 0.015833333333333335
2 0.7270833333333333 0.46708333333333335 0.053125 0.049166666666666664
2 0.4401041666666667 0.52375 0.011458333333333333 0.030833333333333334
2 0.7919270833333333 0.46208333333333335 0.0921875 0.06583333333333333
2 0.3020833333333333 0.50625 0.013541666666666667 0.034166666666666665
2 0.18645833333333334 0.5120833333333333 0.08333333333333333 0.0525
2 0.23880208333333333 0.515 0.04635416666666667 0.03166666666666667
0 0.12604166666666666 0.5341666666666667 0.022916666666666665 0.035
2 0.85703125 0.45208333333333334 0.0890625 0.059166666666666666
2 0.9299479166666667 0.43583333333333335 0.0984375 0.08
2 0.9721354166666667 0.4091666666666667 0.05572916666666667 0.05333333333333334
2 0.44296875 0.5225 0.0067708333333333336 0.028333333333333332
5 0.6748697916666667 0.401875 0.14296875 0.18708333333333332
