5 0.18020833333333333 0.6125 0.2760416666666667 0.305
2 0.359375 0.5825 0.0875 0.09333333333333334
2 0.027083333333333334 0.5575 0.05416666666666667 0.07833333333333334
2 0.034375 0.5425 0.06875 0.10166666666666667
5 0.08229166666666667 0.47791666666666666 0.16458333333333333 0.04583333333333333
2 0.940625 0.47125 0.11875 0.09083333333333334
5 0.84453125 0.29291666666666666 0.3109375 0.4608333333333333
2 0.39765625 0.5558333333333333 0.058854166666666666 0.07833333333333334
2 0.43046875 0.5520833333333334 0.024479166666666666 0.049166666666666664
2 0.5018229166666667 0.50875 0.07864583333333333 0.034166666666666665
2 0.3078125 0.52625 0.04583333333333333 0.0325
2 0.6713541666666667 0.5041666666666667 0.041666666666666664 0.041666666666666664
2 0.8380208333333333 0.485 0.06145833333333333 0.056666666666666664
2 0.67109375 0.4891666666666667 0.04010416666666667 0.035
2 0.34791666666666665 0.5291666666666667 0.016666666666666666 0.016666666666666666
2 0.4903645833333333 0.5220833333333333 0.0067708333333333336 0.0175
2 0.48020833333333335 0.5258333333333334 0.014583333333333334 0.02
2 0.45651041666666664 0.5283333333333333 0.013020833333333334 0.02
2 0.42630208333333336 0.52125 0.009895833333333333 0.014166666666666666
2 0.43385416666666665 0.5270833333333333 0.015625 0.019166666666666665
2 0.44036458333333334 0.5475 0.0140625 0.04
2 0.49661458333333336 0.5233333333333333 0.009895833333333333 0.016666666666666666
2 0.49973958333333335 0.52625 0.011979166666666667 0.0225
2 0.5119791666666667 0.52625 0.019791666666666666 0.025833333333333333
2 0.5403645833333334 0.5275 0.0171875 0.023333333333333334
2 0.58203125 0.515 0.050520833333333334 0.021666666666666667
2 0.5677083333333334 0.5258333333333334 0.019791666666666666 0.023333333333333334
2 0.5932291666666667 0.5241666666666667 0.020833333333333332 0.023333333333333334
2 0.6205729166666667 0.5170833333333333 0.021354166666666667 0.024166666666666666
2 0.32421875 0.5266666666666666 0.0515625 0.03
7 0.54140625 0.4970833333333333 0.0109375 0.0175
