5 0.15755208333333334 0.7416666666666667 0.3151041666666667 0.5166666666666667
2 0.33098958333333334 0.6108333333333333 0.19322916666666667 0.23333333333333334
2 0.40729166666666666 0.49666666666666665 0.06458333333333334 0.02666666666666667
5 0.3888020833333333 0.5045833333333334 0.0265625 0.0175
2 0.4244791666666667 0.575 0.08645833333333333 0.13333333333333333
2 0.4166666666666667 0.5058333333333334 0.020833333333333332 0.013333333333333334
2 0.4669270833333333 0.5625 0.04114583333333333 0.08166666666666667
2 0.45989583333333334 0.51625 0.034375 0.0225
2 0.5 0.5308333333333334 0.046875 0.07166666666666667
2 0.5268229166666667 0.5358333333333334 0.013020833333333334 0.035
2 0.5283854166666667 0.5295833333333333 0.0203125 0.035833333333333335
2 0.53828125 0.5191666666666667 0.0078125 0.011666666666666667
2 0.5546875 0.5195833333333333 0.010416666666666666 0.014166666666666666
2 0.5703125 0.5195833333333333 0.007291666666666667 0.0125
2 0.5794270833333334 0.51875 0.013020833333333334 0.015833333333333335
2 0.6015625 0.52125 0.014583333333333334 0.015833333333333335
2 0.8635416666666667 0.5270833333333333 0.27291666666666664 0.18083333333333335
2 0.6223958333333334 0.5195833333333333 0.0125 0.014166666666666666
2 0.7578125 0.49583333333333335 0.035416666666666666 0.03666666666666667
2 0.53984375 0.5325 0.0036458333333333334 0.02
2 0.7919270833333333 0.4920833333333333 0.0453125 0.0275
5 0.7183779761904763 0.4561904761904761 0.09255952380952384 0.12309523809523805
