5 0.3145833333333333 0.5620833333333334 0.13541666666666666 0.1775
2 0.3997395833333333 0.55125 0.05260416666666667 0.06416666666666666
5 0.0453125 0.5295833333333333 0.090625 0.07416666666666667
2 0.06484375 0.5220833333333333 0.1296875 0.07916666666666666
2 0.13723958333333333 0.5225 0.10989583333333333 0.06166666666666667
2 0.17760416666666667 0.5270833333333333 0.09791666666666667 0.0675
5 0.18411458333333333 0.5095833333333334 0.1359375 0.0925
2 0.9361979166666666 0.45458333333333334 0.12760416666666666 0.0975
2 0.83359375 0.46541666666666665 0.0984375 0.06916666666666667
5 0.7763020833333333 0.3595833333333333 0.2453125 0.2891666666666667
2 0.4197916666666667 0.535 0.04791666666666667 0.06
2 0.4453125 0.5341666666666667 0.017708333333333333 0.04
2 0.5010416666666667 0.49666666666666665 0.07708333333333334 0.03166666666666667
2 0.759375 0.475 0.03958333333333333 0.04
2 0.2559895833333333 0.5 0.009895833333333333 0.02666666666666667
2 0.4921875 0.5091666666666667 0.005208333333333333 0.016666666666666666
2 0.4822916666666667 0.51375 0.013541666666666667 0.019166666666666665
2 0.46067708333333335 0.515 0.013020833333333334 0.018333333333333333
2 0.43125 0.50875 0.008333333333333333 0.0125
2 0.4393229166666667 0.5104166666666666 0.011979166666666667 0.009166666666666667
2 0.49765625 0.51 0.009895833333333333 0.016666666666666666
2 0.5013020833333334 0.5133333333333333 0.011979166666666667 0.021666666666666667
2 0.51171875 0.5129166666666667 0.018229166666666668 0.024166666666666666
2 0.53515625 0.5125 0.0109375 0.021666666666666667
2 0.5755208333333334 0.5016666666666667 0.053125 0.021666666666666667
2 0.5622395833333333 0.51 0.015104166666666667 0.021666666666666667
2 0.5875 0.5095833333333334 0.020833333333333332 0.0225
2 0.6078125 0.5041666666666667 0.017708333333333333 0.023333333333333334
7 0.53671875 0.48583333333333334 0.0067708333333333336 0.015
