2 0.03723958333333333 0.84 0.07447916666666667 0.255
2 0.18489583333333334 0.6470833333333333 0.2875 0.27416666666666667
2 0.3528645833333333 0.5870833333333333 0.1015625 0.10416666666666667
2 0.51640625 0.5 0.10052083333333334 0.02666666666666667
2 0.09713541666666667 0.51125 0.11927083333333334 0.0275
2 0.97265625 0.49625 0.0546875 0.10083333333333333
2 0.04375 0.5529166666666666 0.0875 0.11583333333333333
2 0.9411458333333333 0.47 0.11770833333333333 0.12833333333333333
2 0.3078125 0.5325 0.036458333333333336 0.035
2 0.9177083333333333 0.4675 0.16458333333333333 0.14
2 0.28072916666666664 0.5333333333333333 0.027083333333333334 0.03
2 0.5026041666666666 0.5170833333333333 0.009375 0.020833333333333332
2 0.48125 0.5208333333333334 0.00625 0.02
2 0.4890625 0.5229166666666667 0.01875 0.025833333333333333
2 0.46041666666666664 0.5254166666666666 0.017708333333333333 0.024166666666666666
2 0.42890625 0.51 0.0078125 0.0033333333333333335
2 0.43072916666666666 0.525 0.019791666666666666 0.02666666666666667
2 0.40208333333333335 0.5266666666666666 0.017708333333333333 0.023333333333333334
2 0.39791666666666664 0.5691666666666667 0.04895833333333333 0.07666666666666666
2 0.5109375 0.5179166666666667 0.015625 0.020833333333333332
2 0.5135416666666667 0.52375 0.016666666666666666 0.029166666666666667
2 0.5299479166666666 0.5245833333333333 0.027604166666666666 0.034166666666666665
2 0.5703125 0.5258333333333334 0.028125 0.03166666666666667
2 0.62265625 0.5091666666666667 0.08802083333333334 0.023333333333333334
2 0.6033854166666667 0.5241666666666667 0.0265625 0.03333333333333333
2 0.6408854166666667 0.5225 0.034895833333333334 0.03
2 0.6768229166666667 0.5175 0.0390625 0.03833333333333333
2 0.7111979166666667 0.5208333333333334 0.030729166666666665 0.028333333333333332
2 0.06588541666666667 0.52125 0.07239583333333334 0.025833333333333333
2 0.18125 0.5129166666666667 0.06041666666666667 0.0175
2 0.00390625 0.5791666666666667 0.0078125 0.05333333333333334
7 0.5778645833333333 0.4816666666666667 0.016145833333333335 0.02666666666666667
