5 0.3078125 0.565 0.14375 0.18666666666666668
2 0.39791666666666664 0.5529166666666666 0.05625 0.0675
5 0.036848958333333334 0.5252083333333334 0.07369791666666667 0.07125
2 0.058333333333333334 0.5220833333333333 0.11666666666666667 0.0875
2 0.1229427083333334 0.5215833333333332 0.1181770833333332 0.06183333333333375
2 0.16770833333333332 0.5266666666666666 0.10208333333333333 0.07166666666666667
5 0.17604166666666668 0.5091666666666667 0.14166666666666666 0.095
2 0.9424479166666667 0.45458333333333334 0.11510416666666666 0.10083333333333333
2 0.840625 0.46541666666666665 0.11041666666666666 0.06916666666666667
5 0.7869791666666667 0.35375 0.2604166666666667 0.30083333333333334
2 0.41796875 0.5358333333333334 0.04739583333333333 0.06333333333333334
2 0.44427083333333334 0.535 0.019791666666666666 0.041666666666666664
2 0.5010416666666667 0.4975 0.07708333333333334 0.035
2 0.7645833333333333 0.4766666666666667 0.04375 0.04
2 0.49270833333333336 0.5083333333333333 0.005208333333333333 0.016666666666666666
2 0.4828125 0.5129166666666667 0.013541666666666667 0.019166666666666665
2 0.46119791666666665 0.515 0.013020833333333334 0.018333333333333333
2 0.43125 0.50875 0.008333333333333333 0.0125
2 0.43984375 0.5095833333333334 0.011979166666666667 0.009166666666666667
2 0.4986979166666667 0.5091666666666667 0.009895833333333333 0.016666666666666666
2 0.5018229166666667 0.5125 0.011979166666666667 0.021666666666666667
2 0.5127604166666667 0.5120833333333333 0.018229166666666668 0.024166666666666666
2 0.53671875 0.5125 0.0109375 0.021666666666666667
2 0.5765625 0.5016666666666667 0.053125 0.021666666666666667
2 0.5640625 0.51 0.015625 0.021666666666666667
2 0.5890625 0.50875 0.020833333333333332 0.0225
2 0.6083333333333333 0.5041666666666667 0.017708333333333333 0.023333333333333334
7 0.5377604166666666 0.485 0.0067708333333333336 0.015
