2 0.045572916666666664 0.82875 0.09114583333333333 0.24416666666666667
2 0.19348958333333333 0.6445833333333333 0.27760416666666665 0.2658333333333333
2 0.3546875 0.5870833333333333 0.1 0.1025
2 0.5166666666666667 0.50125 0.10104166666666667 0.0275
2 0.09765625 0.51375 0.1109375 0.029166666666666667
2 0.9682291666666667 0.49291666666666667 0.06354166666666666 0.1075
2 0.04895833333333333 0.5520833333333334 0.09791666666666667 0.1175
2 0.9385416666666667 0.4683333333333333 0.12291666666666666 0.13
2 0.30885416666666665 0.5325 0.036458333333333336 0.03333333333333333
2 0.91484375 0.46875 0.1703125 0.1425
2 0.2828125 0.5291666666666667 0.025 0.02
2 0.503125 0.5179166666666667 0.009375 0.020833333333333332
2 0.4817708333333333 0.5208333333333334 0.00625 0.02
2 0.4890625 0.52375 0.01875 0.025833333333333333
2 0.46041666666666664 0.5254166666666666 0.017708333333333333 0.024166666666666666
2 0.42890625 0.5104166666666666 0.0078125 0.004166666666666667
2 0.43125 0.5258333333333334 0.019791666666666666 0.02666666666666667
2 0.403125 0.5275 0.017708333333333333 0.023333333333333334
2 0.39921875 0.5691666666666667 0.0484375 0.07666666666666666
2 0.5109375 0.51875 0.015625 0.020833333333333332
2 0.5135416666666667 0.5245833333333333 0.016666666666666666 0.029166666666666667
2 0.5294270833333333 0.525 0.0265625 0.035
2 0.5697916666666667 0.5266666666666666 0.028125 0.03166666666666667
2 0.6213541666666667 0.50875 0.08958333333333333 0.0225
2 0.6049479166666667 0.5241666666666667 0.0296875 0.03333333333333333
2 0.6408854166666667 0.5229166666666667 0.033854166666666664 0.029166666666666667
2 0.6768229166666667 0.5175 0.04010416666666667 0.03833333333333333
2 0.70859375 0.5208333333333334 0.0265625 0.028333333333333332
2 0.07161458333333333 0.5241666666666667 0.0734375 0.03
2 0.18541666666666667 0.51375 0.06145833333333333 0.0175
2 0.007291666666666667 0.57875 0.014583333333333334 0.0625
7 0.57734375 0.4825 0.016145833333333335 0.02666666666666667
