2 0.03359375 0.83375 0.0671875 0.3025
2 0.2234375 0.6420833333333333 0.234375 0.20583333333333334
2 0.33932291666666664 0.5879166666666666 0.09635416666666667 0.11083333333333334
2 0.029427083333333333 0.5645833333333333 0.058854166666666666 0.0925
2 0.09505208333333333 0.5383333333333333 0.17239583333333333 0.1
7 0.59453125 0.471875 0.021354166666666667 0.03375
2 0.5317708333333333 0.52125 0.030208333333333334 0.03916666666666667
2 0.5122395833333333 0.5204166666666666 0.016145833333333335 0.0275
2 0.4861979166666667 0.5183333333333333 0.019270833333333334 0.02666666666666667
2 0.5770833333333333 0.52375 0.03125 0.034166666666666665
2 0.6591145833333333 0.5225 0.04010416666666667 0.03666666666666667
2 0.4549479166666667 0.52 0.021354166666666667 0.02666666666666667
2 0.6174479166666667 0.5225 0.033854166666666664 0.035
2 0.38984375 0.52125 0.018229166666666668 0.0275
2 0.42083333333333334 0.51875 0.020833333333333332 0.029166666666666667
2 0.6986979166666667 0.5179166666666667 0.0453125 0.04416666666666667
5 0.94921875 0.485 0.1015625 0.10666666666666667
2 0.7520833333333333 0.5120833333333333 0.058333333333333334 0.04083333333333333
2 0.2765625 0.525 0.041666666666666664 0.03833333333333333
2 0.23619791666666667 0.5275 0.04635416666666667 0.03666666666666667
0 0.21796875 0.5154166666666666 0.008854166666666666 0.024166666666666666
0 0.20833333333333334 0.5220833333333333 0.008333333333333333 0.0325
5 0.6283854166666667 0.50625 0.04010416666666667 0.025833333333333333
2 0.6078125 0.5095833333333334 0.026041666666666668 0.0225
