2 0.9279296875 0.70484375 0.144140625 0.3461458333333333
2 0.7557291666666667 0.6008333333333333 0.16354166666666667 0.21333333333333335
2 0.6767252604166667 0.5573958333333333 0.10123697916666667 0.13083333333333333
2 0.6277083333333334 0.5322916666666667 0.0775000000000001 0.10174999999999992
2 0.5900240384615384 0.5286217948717948 0.020673076923076888 0.05737179487179484
3 0.5723557692307693 0.528076923076923 0.02924679487179489 0.041794871794871825
2 0.578125 0.5125 0.034375 0.028333333333333332
2 0.5628472222222222 0.5190277777777778 0.021875 0.03916666666666667
2 0.5533854166666666 0.515 0.018229166666666668 0.03666666666666667
2 0.55078125 0.5091666666666667 0.021354166666666667 0.03166666666666667
1 0.6328414351851851 0.5236574074074074 0.028993055555555477 0.050833333333333335
1 0.628125 0.5263541666666667 0.0375 0.054375
2 0.5423828125 0.50125 0.019140625 0.02
2 0.4885127314814815 0.6250462962962963 0.17193287037037036 0.1975
2 0.5132161458333333 0.5105208333333333 0.05325520833333333 0.041041666666666664
4 0.5170572916666667 0.47520833333333334 0.038802083333333334 0.050416666666666665
2 0.3811921296296296 0.5669444444444446 0.10092592592592595 0.11129629629629638
2 0.4637369791666667 0.5096875 0.027473958333333333 0.03270833333333333
2 0.47858072916666666 0.5104166666666666 0.012369791666666666 0.028333333333333332
2 0.48072916666666665 0.5066666666666667 0.017708333333333333 0.03
2 0.4899088541666667 0.4972916666666667 0.009895833333333333 0.014166666666666666
2 0.24904513888888888 0.5733333333333334 0.12517361111111108 0.12444444444444448
0 0.4591145833333333 0.511875 0.016276041666666668 0.035
1 0.15494791666666666 0.5908333333333333 0.0328125 0.05333333333333334
0 0.159375 0.55875 0.025 0.08416666666666667
1 0.1764136904761905 0.6158928571428572 0.06145833333333333 0.07511904761904768
0 0.17726934523809526 0.5842261904761905 0.032217261904761894 0.1275
0 0.36885416666666665 0.50775 0.0125 0.015833333333333335
2 0.44192708333333336 0.5133333333333333 0.016145833333333335 0.03333333333333333
2 0.38828125 0.5045833333333334 0.0265625 0.0175
0 0.785625 0.618 0.05354166666666676 0.266
2 0.3748046875 0.5123958333333334 0.026953125 0.008541666666666666
0 0.32838541666666665 0.5470833333333334 0.024479166666666666 0.06416666666666666
1 0.3220833333333334 0.5819166666666666 0.016458333333333346 0.05849999999999994
2 0.3419270833333333 0.5179166666666667 0.0234375 0.0225
0 0.3506076388888889 0.5045833333333334 0.045659722222222206 0.010833333333333334
0 0.43359375 0.5198958333333333 0.008854166666666666 0.043958333333333335
0 0.8748511904761905 0.5813690476190476 0.05520833333333333 0.1751190476190476
2 0.30796874999999996 0.5524166666666667 0.020729166666666642 0.0651666666666667
0 0.8407986111111111 0.6308333333333334 0.04375 0.25777777777777783
0 0.39422743055555554 0.5072916666666668 0.006684027777777738 0.010138888888888952
0 0.4103732638888889 0.5069444444444445 0.011371527777777739 0.01888888888888895
0 0.3550595238095238 0.5168452380952381 0.01547619047619045 0.030833333333333334
0 0.42861328125 0.5122395833333333 0.006966145833333334 0.0340625
0 0.4191840277777778 0.5091666666666667 0.008854166666666666 0.03277777777777781
0 0.4192187499999999 0.5131666666666664 0.015729166666666808 0.023333333333333334
1 0.42552083333333335 0.5308333333333334 0.015625 0.021666666666666667
0 0.4369791666666666 0.5116666666666667 0.005902777777777739 0.03166666666666667
