2 0.9278645833333333 0.7132407407407402 0.14427083333333332 0.3466666666666667
2 0.7697916666666667 0.6045833333333334 0.19270833333333334 0.21416666666666667
2 0.6768229166666664 0.5617083333333333 0.10124999999999992 0.1289166666666666
2 0.6278645833333333 0.5375 0.07843750000000008 0.10166666666666667
2 0.5896874999999999 0.5343333333333333 0.019999999999999928 0.055
3 0.5717447916666667 0.5329166666666668 0.02890625000000012 0.041666666666666664
2 0.5772253787878789 0.5173106060606061 0.032575757575757675 0.024621212121211992
2 0.5622395833333333 0.5229166666666668 0.019791666666666548 0.04166666666666676
2 0.5531249999999998 0.518560606060606 0.017234848484848322 0.03621212121212134
2 0.5505208333333335 0.5140530303030303 0.02263257575757578 0.033106060606060625
1 0.6333333333333333 0.5270833333333333 0.029166666666666667 0.050833333333333335
1 0.628125 0.5308333333333334 0.0375 0.055
2 0.5401041666666667 0.5070833333333333 0.015625 0.020833333333333332
2 0.4881076388888889 0.6304166666666666 0.17274305555555547 0.1975
2 0.5118344907407407 0.515 0.04947916666666661 0.03833333333333333
4 0.5174479166666667 0.4841666666666667 0.0359375 0.055
2 0.3379050925925926 0.5962962962962964 0.14050925925925928 0.14962962962962972
2 0.4642447916666666 0.5170833333333333 0.02765624999999995 0.0325
2 0.478125 0.515 0.011458333333333333 0.028333333333333332
2 0.48072916666666665 0.5108333333333334 0.01875 0.03
2 0.48932291666666666 0.5029166666666667 0.009895833333333333 0.014166666666666666
2 0.24435763888888887 0.5783333333333334 0.11961805555555556 0.12722222222222218
0 0.42942708333333335 0.5320833333333334 0.024479166666666666 0.0675
0 0.20026041666666666 0.5475 0.019791666666666666 0.050833333333333335
1 0.17278645833333334 0.6191666666666666 0.062239583333333334 0.08166666666666667
0 0.17960069444444446 0.5898611111111111 0.031597222222222235 0.1302777777777778
0 0.3692708333333333 0.5108333333333334 0.013541666666666667 0.023333333333333334
2 0.4401041666666667 0.5175 0.016666666666666666 0.028333333333333332
2 0.3881076388888889 0.5136805555555556 0.026041666666666668 0.026805555555555523
0 0.7829613095238095 0.625 0.05342261904761898 0.2638095238095237
2 0.38359375 0.5201388888888888 0.009895833333333333 0.0175
0 0.26510416666666664 0.5608333333333333 0.03229166666666667 0.08833333333333333
1 0.25807291666666665 0.6108333333333333 0.02378472222222223 0.07
2 0.3455729166666667 0.5183333333333333 0.03177083333333333 0.015
0 0.34670138888888885 0.5101388888888889 0.034375 0.008055555555555524
0 0.3229166666666667 0.5170833333333333 0.0125 0.020833333333333332
0 0.86640625 0.59 0.05364583333333333 0.18
2 0.30546875 0.5325 0.0140625 0.013333333333333334
0 0.8329427083333333 0.6366666666666667 0.05182291666666667 0.25666666666666665
0 0.3880208333333333 0.525 0.015625 0.03166666666666667
0 0.40520833333333334 0.5404166666666667 0.020833333333333332 0.07583333333333334
0 0.34296875 0.5147916666666666 0.013020833333333334 0.01625
0 0.41932291666666666 0.5123333333333333 0.008437500000000023 0.03166666666666667
0 0.419140625 0.516875 0.012239583333333333 0.027083333333333334
0 0.44330357142857146 0.5155952380952381 0.007589285714285765 0.03285714285714278
1 0.42751736111111105 0.5659722222222223 0.01892361111111113 0.02527777777777781
1 0.403125 0.5554166666666667 0.016666666666666666 0.04583333333333333
