2 0.8497395833333333 0.6491666666666667 0.30052083333333335 0.28
2 0.30104166666666665 0.5625 0.14895833333333333 0.12
2 0.7046875 0.5795833333333333 0.09583333333333334 0.12583333333333332
2 0.6567708333333333 0.5441666666666667 0.09583333333333334 0.105
2 0.6067708333333334 0.53125 0.041666666666666664 0.0775
2 0.37786458333333334 0.5345833333333333 0.049479166666666664 0.05583333333333333
2 0.5901041666666667 0.5216666666666666 0.021875 0.056666666666666664
2 0.4630208333333333 0.5125 0.040625 0.03666666666666667
0 0.12083333333333333 0.59125 0.019791666666666666 0.12083333333333333
0 0.20442708333333334 0.5804166666666667 0.021354166666666667 0.11083333333333334
0 0.15104166666666666 0.55 0.021875 0.05
2 0.4778645833333333 0.6233333333333333 0.15989583333333332 0.19
2 0.0171875 0.6958333333333333 0.034375 0.13166666666666665
0 0.7524479166666665 0.49399999999999994 0.0078125 0.032999999999999925
2 0.5841145833333333 0.515 0.04010416666666667 0.058333333333333334
2 0.5235558712121212 0.5273106060606061 0.04711174242424233 0.0675
1 0.123828125 0.6130208333333333 0.03802083333333333 0.074375
1 0.19125 0.5906666666666667 0.06270833333333332 0.07333333333333333
0 0.2234375 0.5458333333333333 0.019791666666666666 0.06666666666666667
1 0.22552083333333334 0.5764166666666667 0.016666666666666666 0.052833333333333315
0 0.12796875 0.5444166666666667 0.026145833333333313 0.04316666666666672
0 0.19192708333333333 0.5595 0.014687500000000023 0.06100000000000004
0 0.7604166666666666 0.5026388888888889 0.020833333333333332 0.036944444444444384
0 0.7308854166666667 0.5003333333333333 0.013437500000000095 0.0323333333333333
0 0.34489583333333335 0.5200833333333333 0.013333333333333286 0.020166666666666704
0 0.41359375000000004 0.5245 0.009687500000000071 0.04699999999999989
4 0.5181332236842107 0.47429824561403516 0.03802083333333333 0.036403508771929674
1 0.41267361111111117 0.5365277777777779 0.009722222222222262 0.03472222222222219
0 0.3489322916666666 0.519 0.007552083333333333 0.01233333333333339
3 0.5582465277777776 0.51875 0.01684027777777762 0.025277777777777715
2 0.561284722222222 0.5152777777777777 0.019097222222222144 0.0322222222222221
2 0.5584201388888889 0.51125 0.021354166666666667 0.030833333333333334
2 0.5574869791666667 0.5086458333333334 0.024348958333333334 0.031875
2 0.42526041666666664 0.5233333333333333 0.018229166666666668 0.03166666666666667
2 0.4078125 0.5270833333333333 0.023958333333333335 0.0425
2 0.402734375 0.5316666666666666 0.012239583333333333 0.03916666666666667
2 0.4359375 0.52 0.013541666666666667 0.02666666666666667
2 0.48125 0.5145833333333333 0.0125 0.030833333333333334
