2 0.5002604166666667 0.5804166666666667 0.1046875 0.11583333333333333
2 0.9276041666666667 0.7095833333333333 0.14479166666666668 0.35083333333333333
2 0.765625 0.5895833333333333 0.17916666666666667 0.18416666666666667
0 0.76640625 0.6245833333333334 0.0734375 0.26916666666666667
2 0.67734375 0.5604166666666667 0.1015625 0.12916666666666668
2 0.6286458333333333 0.5366666666666666 0.078125 0.10166666666666667
2 0.5091145833333334 0.5108333333333334 0.033854166666666664 0.023333333333333334
3 0.5729166666666666 0.5320833333333334 0.029166666666666667 0.0425
2 0.5635416666666667 0.5225 0.020833333333333332 0.041666666666666664
2 0.59296875 0.5304166666666666 0.0234375 0.060833333333333336
2 0.5596354166666667 0.5175 0.025520833333333333 0.03666666666666667
2 0.24088541666666666 0.57375 0.09947916666666666 0.1175
0 0.825 0.6341666666666667 0.0625 0.25833333333333336
0 0.8609375 0.6470833333333333 0.058333333333333334 0.2891666666666667
0 0.30026041666666664 0.57 0.04114583333333333 0.16
1 0.30098379629629624 0.6257407407407408 0.04027777777777774 0.10388888888888895
0 0.41848958333333336 0.5241250000000001 0.016458333333333346 0.055583333333333276
2 0.32708333333333334 0.5625 0.023958333333333335 0.06
2 0.3802083333333333 0.5379166666666667 0.0375 0.049166666666666664
2 0.53984375 0.5091666666666667 0.009895833333333333 0.011666666666666667
4 0.5184895833333333 0.4825 0.033854166666666664 0.03875
2 0.5453125 0.515 0.008333333333333333 0.02666666666666667
0 0.183203125 0.5888541666666667 0.030989583333333334 0.12729166666666666
1 0.42168263190954763 0.5366666666666666 0.017051402847571378 0.03
0 0.5644856770833333 0.49723958333333335 0.008528645833333333 0.0078125
0 0.5973958333333333 0.4995833333333333 0.017708333333333333 0.015833333333333335
2 0.34578125000000004 0.5420833333333334 0.049062499999999905 0.06416666666666666
0 0.21458333333333332 0.5845833333333333 0.051041666666666666 0.14416666666666667
1 0.21689453125 0.6319270833333334 0.05748697916666667 0.0965625
0 0.2953125 0.5670833333333334 0.028125 0.13916666666666666
1 0.16822916666666668 0.6275 0.041666666666666664 0.056666666666666664
3 0.713671875 0.7415625 0.1640625 0.36104166666666665
0 0.69921875 0.6680208333333333 0.12369791666666667 0.28291666666666665
2 0.39453125 0.53125 0.0265625 0.04416666666666667
2 0.46295572916666666 0.522048611111111 0.029210069444444466 0.039236111111111145
2 0.4796875 0.5079166666666667 0.01875 0.024166666666666666
