2 0.8958333333333334 0.7175 0.20833333333333334 0.39666666666666667
2 0.21979166666666666 0.6070833333333333 0.16770833333333332 0.22583333333333333
2 0.784375 0.6079166666666667 0.18541666666666667 0.1725
2 0.6841145833333333 0.5558333333333333 0.12239583333333333 0.13166666666666665
2 0.6192708333333333 0.5375 0.053125 0.08666666666666667
2 0.35833333333333334 0.5391666666666667 0.059375 0.06333333333333334
2 0.6013020833333333 0.5283333333333333 0.03697916666666667 0.07
2 0.45026041666666666 0.5241666666666667 0.044270833333333336 0.055
0 0.021354166666666667 0.615 0.042708333333333334 0.13333333333333333
0 0.12677083333333336 0.6030833333333334 0.025833333333333344 0.13549999999999993
0 0.165625 0.5455833333333334 0.014583333333333334 0.0425
2 0.4859375 0.6075 0.14166666666666666 0.16166666666666665
0 0.75234375 0.50125 0.011979166666666667 0.04416666666666667
2 0.5869791666666667 0.5175 0.04479166666666667 0.06333333333333334
2 0.5181249999999998 0.5227916666666668 0.04270833333333327 0.059583333333333335
1 0.02411458333333333 0.6371666666666667 0.04572916666666667 0.09333333333333334
1 0.096875 0.5956666666666667 0.05583333333333334 0.05699999999999998
0 0.1109375 0.5475 0.016666666666666666 0.045
0 0.11244791666666666 0.5731666666666667 0.01635416666666667 0.08600000000000003
0 0.7747159090909093 0.5023106060606061 0.01950757575757578 0.03704545454545458
0 0.3971354166666667 0.5325833333333333 0.0109375 0.05049999999999993
4 0.5161458333333333 0.4736249999999999 0.03802083333333333 0.03858333333333339
1 0.3996354166666667 0.5425833333333333 0.013229166666666596 0.035500000000000115
0 0.3255208333333334 0.5468749999999998 0.020000000000000108 0.06924999999999983
1 0.32416666666666666 0.5657500000000001 0.02833333333333338 0.03916666666666667
3 0.5578125 0.5208333333333334 0.01875 0.02666666666666667
2 0.560625 0.5165 0.02145833333333324 0.03633333333333326
2 0.5561458333333335 0.5124166666666667 0.02062500000000007 0.033499999999999946
2 0.5524999999999999 0.5099166666666667 0.02145833333333324 0.029500000000000075
2 0.4161458333333333 0.5241666666666667 0.017708333333333333 0.03333333333333333
2 0.3963541666666667 0.5258333333333334 0.03229166666666667 0.043333333333333335
0 0.4869791666666667 0.5008333333333334 0.005208333333333333 0.016666666666666666
2 0.38723958333333336 0.5341666666666667 0.013020833333333334 0.043333333333333335
2 0.42291666666666666 0.52375 0.011458333333333333 0.024166666666666666
2 0.46953125 0.5133333333333333 0.010416666666666666 0.025
2 0.4825520833333333 0.5097916666666666 0.016666666666666666 0.022083333333333333
1 0.48802083333333335 0.5133333333333333 0.004166666666666667 0.016666666666666666
