2 0.8763020833333334 0.7183333333333334 0.24739583333333334 0.4033333333333333
2 0.28489583333333335 0.5841666666666666 0.128125 0.16666666666666666
2 0.7541666666666667 0.5958333333333333 0.15104166666666666 0.155
2 0.6747395833333333 0.55125 0.11302083333333333 0.12416666666666666
2 0.6153645833333333 0.5366666666666666 0.04739583333333333 0.08333333333333333
2 0.365625 0.53875 0.058333333333333334 0.060833333333333336
2 0.5994791666666667 0.52375 0.034375 0.059166666666666666
2 0.45651041666666664 0.5220833333333333 0.04114583333333333 0.049166666666666664
0 0.05911458333333333 0.6104166666666667 0.030729166666666665 0.12416666666666666
0 0.16067708333333333 0.5929166666666666 0.0234375 0.12583333333333332
0 0.16276041666666666 0.5379166666666667 0.0109375 0.0275
2 0.484375 0.6129166666666667 0.14895833333333333 0.1675
0 0.7578124999999999 0.5004166666666666 0.01229166666666662 0.038833333333333254
2 0.58671875 0.5183333333333333 0.043229166666666666 0.06166666666666667
2 0.5205729166666667 0.5266666666666666 0.043229166666666666 0.065
1 0.06328125 0.6341666666666667 0.03802083333333333 0.08166666666666667
1 0.14609375 0.6004166666666667 0.07239583333333334 0.0925
0 0.22578125 0.5616666666666666 0.015104166666666667 0.09833333333333333
1 0.21979166666666666 0.5979166666666667 0.015625 0.03916666666666667
0 0.11458333333333333 0.5533333333333333 0.030208333333333334 0.06166666666666667
0 0.14895833333333333 0.5675694444444443 0.016319444444444435 0.08013888888888886
0 0.7713541666666667 0.50375 0.020833333333333332 0.034166666666666665
0 0.7388541666666666 0.5034166666666666 0.014583333333333334 0.03333333333333333
0 0.40677083333333336 0.5233333333333333 0.014583333333333334 0.041666666666666664
4 0.51796875 0.475456349206349 0.03802083333333333 0.03837301587301568
1 0.4075520833333333 0.54 0.011979166666666667 0.035
0 0.3333333333333333 0.53 0.013541666666666667 0.028333333333333332
3 0.55859375 0.5216666666666666 0.0171875 0.025
2 0.56171875 0.5175 0.019270833333333334 0.03333333333333333
2 0.5578125 0.5125 0.021875 0.03166666666666667
2 0.5557291666666667 0.51125 0.021875 0.030833333333333334
2 0.42083333333333334 0.52625 0.016666666666666666 0.0325
2 0.4002604166666667 0.5270833333333333 0.0265625 0.0475
0 0.48932291666666666 0.5020833333333333 0.005729166666666666 0.019166666666666665
2 0.3932291666666667 0.5325 0.0125 0.041666666666666664
2 0.43072916666666666 0.5225 0.011458333333333333 0.021666666666666667
2 0.4744791666666667 0.515 0.010416666666666666 0.025
2 0.48359375 0.5120833333333333 0.011979166666666667 0.021666666666666667
1 0.4895833333333333 0.5120833333333333 0.004166666666666667 0.015833333333333335
