2 0.9269675925925926 0.699537037037037 0.14606481481481487 0.35277777777777763
2 0.7562210648148148 0.5992592592592593 0.16568287037037036 0.2118518518518519
2 0.6756510416666667 0.5560416666666668 0.09973958333333345 0.12958333333333333
2 0.62734375 0.5308333333333334 0.0796875 0.1
2 0.5899857954545454 0.5281060606060607 0.020596590909090887 0.055606060606060624
3 0.5720953525641027 0.5276602564102564 0.029366987179487106 0.04070512820512818
2 0.5779730902777778 0.5125 0.034071180555555476 0.028333333333333332
2 0.5624479166666667 0.5178333333333334 0.021875 0.03933333333333337
2 0.5529296874999999 0.5142708333333335 0.017925347222222145 0.03618055555555562
2 0.5510850694444446 0.5094097222222221 0.021354166666666667 0.03215277777777772
1 0.6330439814814814 0.5230092592592592 0.027777777777777738 0.050833333333333335
1 0.628125 0.5247916666666667 0.0375 0.05458333333333324
2 0.5428385416666667 0.5002083333333334 0.020052083333333335 0.02
2 0.48828125 0.6233333333333333 0.1703125 0.19666666666666666
2 0.51328125 0.5097395833333334 0.05364583333333333 0.04114583333333333
4 0.5168402777777777 0.4731944444444443 0.03923611111111119 0.05027777777777771
2 0.386255787037037 0.5630555555555556 0.09646990740740738 0.10870370370370372
2 0.4635416666666667 0.5075833333333334 0.027083333333333334 0.03316666666666663
2 0.47903645833333336 0.5084375 0.01328125 0.027708333333333335
2 0.4817708333333333 0.505 0.017708333333333333 0.03
2 0.4907696759259259 0.49606481481481474 0.009895833333333333 0.014166666666666666
2 0.24989583333333334 0.5713333333333334 0.12395833333333327 0.1226666666666667
0 0.46056547619047616 0.5103571428571427 0.01532738095238096 0.03452380952380954
1 0.15208333333333332 0.5866666666666667 0.042708333333333334 0.06333333333333334
0 0.15182291666666667 0.56 0.030729166666666665 0.08833333333333333
1 0.17682291666666666 0.6154166666666666 0.0609375 0.07416666666666667
0 0.1788690476190476 0.5833928571428573 0.03214285714285712 0.1275
0 0.3705729166666666 0.5060416666666666 0.011631944444444405 0.016527777777777714
2 0.4423828125 0.511875 0.016145833333333335 0.031875
2 0.3898003472222222 0.502638888888889 0.027517361111111072 0.016666666666666666
0 0.784375 0.6172916666666667 0.06041666666666667 0.2625
2 0.375390625 0.5105208333333333 0.025260416666666667 0.009375
0 0.3359375 0.5325 0.022916666666666665 0.04833333333333333
1 0.3341145833333333 0.5779166666666666 0.018229166666666668 0.0525
2 0.34375 0.5158333333333334 0.020833333333333332 0.02
0 0.3520461309523809 0.504107142857143 0.04352678571428565 0.0125
0 0.3224826388888889 0.5444444444444444 0.010243055555555595 0.08333333333333333
0 0.43359375 0.5178333333333333 0.008854166666666666 0.045333333333333316
1 0.32395833333333335 0.5675 0.015625 0.06333333333333334
0 0.8716517857142857 0.5772619047619049 0.05476190476190475 0.16642857142857148
2 0.31015625 0.5525 0.0234375 0.06666666666666667
0 0.8427604166666666 0.6276666666666666 0.043645833333333425 0.25566666666666665
0 0.39302083333333326 0.5059166666666666 0.006458333333333321 0.01016666666666661
0 0.4102864583333333 0.5052083333333334 0.010677083333333334 0.015416666666666667
0 0.009375 0.635 0.01875 0.15833333333333333
0 0.35546875 0.5204166666666666 0.018229166666666668 0.04083333333333333
1 0.016927083333333332 0.6875 0.033854166666666664 0.07833333333333334
0 0.4279166666666666 0.51025 0.007708333333333369 0.03283333333333331
0 0.419140625 0.504375 0.00859375 0.02625
0 0.4203125 0.5108333333333334 0.013541666666666667 0.025
