2 0.503125 0.5679166666666666 0.08854166666666667 0.09916666666666667
2 0.928125 0.70875 0.14375 0.3491666666666667
2 0.7846354166666667 0.6045833333333334 0.22135416666666666 0.21583333333333332
0 0.765625 0.6233333333333333 0.065625 0.26666666666666666
2 0.67734375 0.5616666666666666 0.1015625 0.13166666666666665
2 0.6307291666666667 0.5329166666666667 0.08125 0.09416666666666666
2 0.5096354166666667 0.5075 0.034895833333333334 0.021666666666666667
3 0.5729166666666666 0.5320833333333334 0.029166666666666667 0.0425
2 0.5635416666666667 0.5225 0.020833333333333332 0.041666666666666664
2 0.5940104166666667 0.5266666666666666 0.025520833333333333 0.04666666666666667
2 0.5596354166666667 0.5175 0.025520833333333333 0.03666666666666667
2 0.25052083333333336 0.5754166666666667 0.12291666666666666 0.12083333333333333
0 0.8083333333333333 0.6358333333333334 0.05416666666666667 0.26
0 0.8588541666666667 0.6470833333333333 0.06041666666666667 0.2891666666666667
0 0.2591145833333333 0.59375 0.0546875 0.20083333333333334
1 0.2613020833333334 0.653375 0.05875000000000004 0.12508333333333344
0 0.4203703703703704 0.5249074074074074 0.018055555555555595 0.05518518518518514
2 0.31927083333333334 0.5583333333333333 0.03958333333333333 0.06833333333333333
2 0.38012152777777775 0.5379166666666667 0.03732638888888887 0.049166666666666664
2 0.53984375 0.5091666666666667 0.009895833333333333 0.011666666666666667
4 0.5184895833333333 0.48225490196078435 0.033854166666666664 0.03882352941176464
2 0.5453125 0.515 0.008333333333333333 0.02666666666666667
0 0.18796875 0.5913333333333334 0.02822916666666669 0.12100000000000004
1 0.42151905360134 0.5366666666666666 0.017378559463986736 0.03
0 0.5651269531250002 0.49688020833333324 0.008079427083333358 0.007093749999999943
0 0.5973958333333333 0.4995833333333333 0.017708333333333333 0.015833333333333335
2 0.3456510416666668 0.5420833333333334 0.049322916666666335 0.06416666666666666
0 0.13932291666666666 0.6016666666666667 0.06197916666666667 0.17833333333333334
1 0.1431919642857143 0.6647619047619048 0.06034226190476192 0.12023809523809519
0 0.2734375 0.555 0.03229166666666667 0.11833333333333333
1 0.18606770833333333 0.6180208333333334 0.047135416666666666 0.064375
1 0.28273437500000004 0.5947083333333334 0.01328125 0.061583333333333316
3 0.5961979166666664 0.6280833333333333 0.07281249999999986 0.18883333333333344
0 0.5908854166666667 0.59375 0.06510416666666667 0.15083333333333335
2 0.39453125 0.53125 0.0265625 0.04416666666666667
2 0.46167140151515157 0.5228030303030302 0.030350378787878836 0.04106060606060614
2 0.4796875 0.5079166666666667 0.01875 0.024166666666666666
