2 0.13333333333333333 0.78125 0.26666666666666666 0.4375
2 0.48932291666666666 0.625 0.1640625 0.185
2 0.9278645833333333 0.71 0.14427083333333332 0.35833333333333334
2 0.7616319444444444 0.6038734567901236 0.17403549382716055 0.21212962962962972
0 0.7846354166666667 0.625 0.050520833333333334 0.2633333333333333
2 0.67734375 0.5620833333333334 0.1015625 0.1325
2 0.6286458333333333 0.5404166666666667 0.078125 0.09416666666666666
1 0.32135416666666666 0.67 0.058333333333333334 0.13833333333333334
0 0.3296875 0.6 0.059375 0.20166666666666666
2 0.5106770833333333 0.515 0.04114583333333333 0.04
3 0.5729166666666666 0.5320833333333334 0.029166666666666667 0.0425
2 0.5635416666666667 0.5225 0.020833333333333332 0.041666666666666664
2 0.59296875 0.5304166666666666 0.0234375 0.060833333333333336
2 0.5596354166666667 0.5175 0.025520833333333333 0.03666666666666667
2 0.24817708333333333 0.5704166666666667 0.10989583333333333 0.10916666666666666
0 0.8325520833333333 0.6366666666666667 0.04739583333333333 0.255
0 0.86953125 0.6425 0.06302083333333333 0.285
0 0.28984375 0.5841666666666666 0.0484375 0.13333333333333333
1 0.28784722222222225 0.6313425925925926 0.04826388888888887 0.09768518518518514
0 0.21223958333333334 0.59 0.0484375 0.15833333333333333
0 0.3984375 0.55125 0.025 0.09916666666666667
1 0.3998046875 0.5758333333333333 0.03216145833333333 0.06958333333333333
0 0.42115885416666665 0.5241666666666667 0.014192708333333333 0.055
2 0.378125 0.5370833333333334 0.03229166666666667 0.04583333333333333
2 0.53984375 0.5091666666666667 0.009895833333333333 0.011666666666666667
4 0.5184895833333333 0.48193627450980386 0.033854166666666664 0.03946078431372551
2 0.5453125 0.515 0.008333333333333333 0.02666666666666667
0 0.17814867424242423 0.5466287878787879 0.013494318181818196 0.04159090909090907
1 0.4222518844221104 0.5366666666666666 0.01591289782244593 0.03
0 0.5673177083333335 0.4975 0.011197916666666429 0.008333333333333333
0 0.5973958333333333 0.4995833333333333 0.017708333333333333 0.015833333333333335
2 0.35609375000000004 0.5433333333333333 0.028437499999999952 0.06333333333333334
0 0.33255208333333336 0.5454166666666667 0.0328125 0.09416666666666666
1 0.34954427083333334 0.5842708333333333 0.008463541666666666 0.036458333333333336
2 0.4643541666666667 0.5190166666666666 0.026499999999999937 0.0348999999999999
0 0.4447482638888889 0.5166666666666667 0.006336805555555595 0.03333333333333333
0 0.44950810185185186 0.51375 0.0046875 0.029166666666666667
2 0.4796875 0.5079166666666667 0.01875 0.024166666666666666
