2 0.5020833333333333 0.5775 0.1 0.11333333333333333
2 0.928125 0.7108333333333333 0.14375 0.35333333333333333
2 0.7703125 0.6020833333333333 0.16666666666666666 0.21083333333333334
0 0.76796875 0.6241666666666666 0.0703125 0.2683333333333333
2 0.67734375 0.54125 0.1015625 0.09083333333333334
2 0.6286458333333333 0.5366666666666666 0.078125 0.10166666666666667
2 0.51015625 0.5108333333333334 0.034895833333333334 0.023333333333333334
3 0.5729166666666666 0.5320833333333334 0.029166666666666667 0.0425
2 0.5635416666666667 0.5225 0.020833333333333332 0.041666666666666664
2 0.59296875 0.5304166666666666 0.0234375 0.060833333333333336
2 0.5596354166666667 0.5175 0.025520833333333333 0.03666666666666667
2 0.23723958333333334 0.575 0.09635416666666667 0.11333333333333333
0 0.8234375 0.63125 0.06770833333333333 0.26916666666666667
0 0.8596354166666667 0.6470833333333333 0.05572916666666667 0.2891666666666667
0 0.29661458333333335 0.5766666666666667 0.04635416666666667 0.16833333333333333
1 0.29548611111111106 0.6294444444444446 0.04374999999999994 0.10666666666666676
0 0.41848958333333336 0.52475 0.016979166666666677 0.05516666666666661
2 0.32317708333333334 0.5595833333333333 0.03177083333333333 0.06583333333333333
2 0.3802827380952381 0.5379166666666667 0.03764880952380955 0.049166666666666664
2 0.53984375 0.5091666666666667 0.009895833333333333 0.011666666666666667
4 0.5184895833333333 0.48247023809523804 0.033854166666666664 0.03839285714285722
2 0.5453125 0.515 0.008333333333333333 0.02666666666666667
0 0.18463541666666666 0.5897916666666667 0.024479166666666666 0.12708333333333333
1 0.42164991624790615 0.5366666666666666 0.01711683417085445 0.03
0 0.5645670572916667 0.497109375 0.008365885416666666 0.007552083333333333
0 0.5973958333333333 0.4995833333333333 0.017708333333333333 0.015833333333333335
2 0.3457552083333334 0.5420833333333334 0.04911458333333319 0.06416666666666666
0 0.20104166666666667 0.585 0.053125 0.145
1 0.20323660714285716 0.6374404761904762 0.059151785714285705 0.10035714285714277
0 0.28489583333333335 0.5608333333333333 0.041666666666666664 0.135
1 0.16015625 0.6258333333333334 0.025520833333333333 0.06
3 0.6756249999999999 0.7079166666666665 0.13270833333333332 0.30283333333333323
0 0.6643229166666667 0.6475 0.10329861111111108 0.24
2 0.39453125 0.53125 0.0265625 0.04416666666666667
2 0.46263020833333346 0.521875 0.029427083333333392 0.03958333333333343
2 0.4796875 0.5079166666666667 0.01875 0.024166666666666666
