2 0.9278645833333333 0.7645833333333333 0.14427083333333332 0.32416666666666666
2 0.13098958333333333 0.6645833333333333 0.26197916666666665 0.3375
2 0.8221354166666667 0.6316666666666667 0.22864583333333333 0.19833333333333333
2 0.6963541666666667 0.5641666666666667 0.13645833333333332 0.145
2 0.6252604166666667 0.545 0.059895833333333336 0.09333333333333334
2 0.3497395833333333 0.54625 0.06302083333333333 0.06583333333333333
2 0.5994791666666667 0.5341666666666667 0.03333333333333333 0.07333333333333333
2 0.44427083333333334 0.5345833333333333 0.046875 0.06583333333333333
2 0.4869791666666667 0.6045833333333334 0.13333333333333333 0.1525
2 0.5869791666666667 0.5225 0.046875 0.06833333333333333
2 0.51484375 0.525 0.0453125 0.055
0 0.7771990740740741 0.513287037037037 0.02210648148148143 0.04324074074074076
0 0.27109375 0.5579166666666666 0.018229166666666668 0.0775
0 0.3916145833333334 0.5361666666666666 0.0109375 0.05883333333333326
4 0.5138802083333334 0.47843750000000007 0.03802083333333333 0.039125000000000035
1 0.39294270833333333 0.5455 0.015468750000000024 0.040166666666666705
0 0.314765625 0.5558124999999999 0.022291666666666644 0.07237499999999993
1 0.3134765625 0.56975 0.030130208333333287 0.044833333333333295
3 0.5562434895833334 0.5264583333333334 0.019674479166666713 0.028083333333333276
2 0.5598958333333334 0.5225 0.020833333333333332 0.035
2 0.5555729166666665 0.5179999999999999 0.019895833333333238 0.03333333333333333
2 0.5463541666666667 0.5125 0.01875 0.03
2 0.5508593749999999 0.5143333333333334 0.023489583333333286 0.030833333333333334
2 0.40963541666666664 0.5283333333333333 0.015104166666666667 0.03
2 0.3899739583333333 0.5316666666666666 0.031510416666666666 0.0475
0 0.4825520833333333 0.5083333333333333 0.0067708333333333336 0.023333333333333334
2 0.3802083333333333 0.54 0.0140625 0.045
2 0.4640625 0.5183333333333333 0.010416666666666666 0.021666666666666667
2 0.4791666666666667 0.5154166666666666 0.014583333333333334 0.020833333333333332
1 0.4828125 0.5210416666666666 0.005729166666666666 0.01375
