2 0.9132161458333333 0.6899479166666667 0.17356770833333332 0.3776041666666667
2 0.7471354166666667 0.5925 0.1640625 0.19833333333333333
2 0.6692187500000001 0.5535416666666667 0.09375 0.12475000000000004
2 0.6239583333333333 0.5308333333333334 0.07291666666666667 0.1
2 0.5880208333333333 0.5295833333333333 0.01875 0.050833333333333335
3 0.5708133012820513 0.529198717948718 0.028886217948718002 0.037884615384615475
2 0.5765625 0.5133333333333333 0.035416666666666666 0.03
2 0.5612580128205129 0.5173717948717949 0.021153846153846228 0.040256410256410316
2 0.5516808712121211 0.51375 0.017092803030302996 0.035833333333333335
2 0.5498046875 0.5075 0.020182291666666668 0.032916666666666664
1 0.6280208333333331 0.52225 0.027083333333333334 0.048833333333333444
1 0.6243489583333334 0.5229166666666667 0.03671875 0.055
2 0.54765625 0.5004166666666666 0.028125 0.02
2 0.48859953703703707 0.6176388888888888 0.16168981481481487 0.1852777777777777
2 0.51376953125 0.51265625 0.05462239583333333 0.0440625
4 0.5151041666666667 0.47291666666666665 0.0375 0.050833333333333335
2 0.39990234375 0.55484375 0.08209635416666666 0.09614583333333333
2 0.4630208333333333 0.5095833333333334 0.028125 0.030833333333333334
2 0.4782986111111111 0.5075694444444445 0.011805555555555595 0.026805555555555617
2 0.48072916666666665 0.505 0.017708333333333333 0.03
2 0.49026692708333336 0.49703125 0.008919270833333333 0.012604166666666666
2 0.25632440476190477 0.5701785714285714 0.11994047619047622 0.12035714285714277
0 0.46041666666666664 0.5104166666666666 0.015625 0.034166666666666665
1 0.14049479166666667 0.5925 0.03671875 0.05333333333333334
0 0.1359375 0.5579166666666666 0.028645833333333332 0.08166666666666667
1 0.1828125 0.6145833333333334 0.059375 0.0725
0 0.18723958333333332 0.5815277777777778 0.0265625 0.1252777777777777
0 0.378125 0.5098333333333334 0.008958333333333356 0.019333333333333372
2 0.44361979166666665 0.5106944444444443 0.01501736111111113 0.02972222222222219
0 0.41380208333333335 0.49916666666666665 0.019270833333333334 0.018333333333333333
2 0.39036458333333335 0.5029166666666667 0.024479166666666666 0.016666666666666666
0 0.7755208333333333 0.6089583333333334 0.06770833333333333 0.24625
2 0.37766927083333335 0.5189583333333333 0.020442708333333334 0.025
0 0.35457589285714286 0.5274404761904762 0.019568452380952433 0.04321428571428574
1 0.3536458333333333 0.5701388888888889 0.013541666666666667 0.049722222222222286
2 0.3394965277777778 0.5386111111111112 0.01684027777777774 0.05888888888888895
0 0.3546440972222222 0.5029166666666668 0.03793402777777774 0.012222222222222285
0 0.3278211805555556 0.544513888888889 0.018315972222222202 0.08736111111111114
0 0.43697916666666664 0.5167499999999999 0.010000000000000024 0.042833333333333314
1 0.332421875 0.565486111111111 0.023697916666666666 0.05930555555555552
0 0.8518229166666667 0.5616666666666666 0.0453125 0.12166666666666667
2 0.32109375 0.55375 0.03697916666666667 0.06916666666666667
0 0.8311848958333333 0.57 0.041015625 0.15083333333333335
0 0.39326171875 0.5064583333333333 0.0059244791666666664 0.008958333333333334
0 0.4171875 0.5029166666666667 0.010416666666666666 0.0125
0 0.10364583333333334 0.6025 0.05 0.13833333333333334
0 0.36189236111111106 0.5170833333333335 0.014583333333333334 0.03888888888888895
1 0.11145833333333334 0.6466666666666666 0.07604166666666666 0.09666666666666666
0 0.4256770833333334 0.5023333333333333 0.005312500000000024 0.01866666666666674
0 0.42067708333333337 0.5001666666666668 0.007187500000000036 0.015666666666666725
0 0.4171875 0.5029166666666667 0.008333333333333333 0.010833333333333334
