2 0.14479166666666668 0.77625 0.28958333333333336 0.4475
2 0.4890625 0.6283333333333333 0.165625 0.19
2 0.9278645833333333 0.71 0.14427083333333332 0.35833333333333334
2 0.7621527777777779 0.6045216049382717 0.17600308641975318 0.21268518518518534
0 0.7841145833333333 0.625 0.0515625 0.2633333333333333
2 0.67734375 0.5620833333333334 0.1015625 0.1325
2 0.6286458333333333 0.5395833333333333 0.078125 0.09583333333333334
1 0.33697916666666666 0.6591666666666667 0.052083333333333336 0.12666666666666668
0 0.3421875 0.5920833333333333 0.053125 0.18583333333333332
2 0.5106770833333333 0.515 0.04114583333333333 0.04
3 0.5729166666666666 0.5320833333333334 0.029166666666666667 0.0425
2 0.5635416666666667 0.5225 0.020833333333333332 0.041666666666666664
2 0.59296875 0.5304166666666666 0.0234375 0.060833333333333336
2 0.5596354166666667 0.5175 0.025520833333333333 0.03666666666666667
2 0.2520833333333333 0.56375 0.10520833333333333 0.09583333333333334
0 0.8328125 0.6354166666666666 0.04895833333333333 0.25583333333333336
0 0.86953125 0.6429166666666667 0.06302083333333333 0.28583333333333333
0 0.30416666666666664 0.585 0.040625 0.13166666666666665
1 0.30426432291666666 0.62453125 0.0439453125 0.0940625
0 0.2359375 0.585 0.03333333333333333 0.14833333333333334
0 0.4005208333333333 0.5483333333333333 0.025 0.10166666666666667
1 0.40243055555555557 0.5736111111111111 0.0315972222222222 0.0672222222222222
0 0.42098958333333336 0.524 0.013854166666666739 0.05533333333333322
2 0.37907986111111114 0.5366666666666666 0.03420138888888893 0.045
2 0.53984375 0.5091666666666667 0.009895833333333333 0.011666666666666667
4 0.5184895833333333 0.481898148148148 0.033854166666666664 0.041018518518518475
2 0.5453125 0.515 0.008333333333333333 0.02666666666666667
0 0.1782907196969697 0.5414015151515151 0.013210227272727278 0.03113636363636355
1 0.4222911432160802 0.5366666666666666 0.015834380234506243 0.03
0 0.5674045138888888 0.4975 0.010329861111110953 0.008333333333333333
0 0.5973958333333333 0.4995833333333333 0.017708333333333333 0.015833333333333335
2 0.36310763888888886 0.5477777777777778 0.014409722222222261 0.05444444444444438
0 0.33671875 0.5454166666666667 0.04114583333333333 0.09416666666666666
2 0.4644166666666667 0.5187166666666665 0.026374999999999933 0.03469999999999989
0 0.4423177083333334 0.517361111111111 0.005815972222222261 0.03333333333333333
0 0.4544270833333333 0.5058333333333334 0.0046875 0.018333333333333333
0 0.4481192129629629 0.51375 0.0046875 0.029166666666666667
2 0.4796875 0.5079166666666667 0.01875 0.024166666666666666
