2 0.9190755208333333 0.6921354166666667 0.16184895833333332 0.36822916666666666
2 0.7505445075757575 0.5947727272727273 0.1640625 0.20287878787878783
2 0.6723090277777779 0.5544444444444445 0.09635416666666678 0.12611111111111115
2 0.6250520833333334 0.5305833333333333 0.0751041666666668 0.10050000000000012
2 0.5889322916666668 0.5289583333333333 0.01953125 0.052083333333333336
3 0.5712940705128207 0.5284294871794872 0.029366987179487342 0.038653846153846226
2 0.57734375 0.5125 0.034895833333333334 0.028333333333333332
2 0.5617387820512822 0.5171794871794871 0.021634615384615568 0.040641025641025785
2 0.5521070075757574 0.51375 0.01737689393939377 0.035833333333333335
2 0.5504918981481481 0.5079629629629631 0.01973379629629619 0.03314814814814819
1 0.6298958333333334 0.52175 0.027083333333333334 0.04983333333333329
1 0.6263020833333334 0.5232916666666667 0.0375 0.055583333333333276
2 0.547544642857143 0.5002380952380951 0.02767857142857153 0.02
2 0.4887731481481482 0.6193055555555556 0.16550925925925927 0.18861111111111103
2 0.51357421875 0.51109375 0.05423177083333333 0.0434375
4 0.5153645833333333 0.4716666666666667 0.03802083333333333 0.04833333333333333
2 0.3951497395833333 0.5576041666666667 0.0876953125 0.101875
2 0.46336805555555555 0.50875 0.027430555555555593 0.031388888888888765
2 0.4787574404761905 0.5072023809523809 0.012723214285714294 0.026071428571428613
2 0.48170572916666665 0.505 0.018098958333333335 0.03
2 0.4903645833333333 0.49625 0.009375000000000059 0.013333333333333334
2 0.25384114583333334 0.5705208333333334 0.12122395833333334 0.12104166666666667
0 0.46067708333333335 0.5095833333333334 0.015104166666666667 0.034166666666666665
1 0.14130208333333333 0.5889166666666666 0.04427083333333335 0.06416666666666666
0 0.14015624999999998 0.5605833333333333 0.027812499999999987 0.09183333333333338
1 0.18046875 0.6141666666666666 0.058333333333333334 0.07166666666666667
0 0.18350694444444443 0.5818055555555556 0.028819444444444463 0.1275
0 0.3765625 0.5058333333333334 0.008333333333333333 0.013333333333333334
2 0.44292534722222227 0.5101388888888889 0.017100694444444463 0.028611111111111143
2 0.3896354166666666 0.5023333333333333 0.02489583333333337 0.01699999999999998
0 0.7747395833333334 0.6125 0.0734375 0.25
2 0.3765625 0.515625 0.021354166666666667 0.019583333333333335
0 0.34817708333333336 0.5285833333333333 0.019270833333333334 0.04549999999999992
1 0.3478645833333333 0.5725 0.013437499999999976 0.05066666666666663
2 0.34140625 0.5304166666666666 0.025520833333333333 0.049166666666666664
0 0.353125 0.5035119047619048 0.03839285714285712 0.0125
0 0.3260416666666667 0.5425 0.014756944444444465 0.08333333333333333
0 0.43499999999999994 0.5150833333333332 0.009791666666666643 0.04416666666666667
1 0.330078125 0.565763888888889 0.022135416666666668 0.05986111111111114
0 0.86171875 0.5675 0.05364583333333333 0.14333333333333334
2 0.32042410714285713 0.5533928571428571 0.03831845238095243 0.06845238095238093
0 0.83515625 0.585 0.04114583333333333 0.17833333333333334
0 0.3928125 0.5063333333333333 0.006041666666666679 0.009333333333333277
0 0.41484375 0.5020833333333333 0.009895833333333333 0.0125
0 0.06302083333333333 0.61 0.057291666666666664 0.155
0 0.36059027777777775 0.5191666666666668 0.0171875 0.04472222222222229
1 0.07161458333333333 0.6608333333333334 0.08802083333333334 0.10166666666666667
0 0.42630208333333336 0.5061458333333333 0.00703125 0.028541666666666667
0 0.4205729166666667 0.5 0.008506944444444465 0.018888888888888858
0 0.42083333333333334 0.5041666666666667 0.011458333333333333 0.016666666666666666
