2 0.87265625 0.7058333333333333 0.2546875 0.37833333333333335
2 0.290625 0.5804166666666667 0.12395833333333334 0.1625
2 0.7466145833333333 0.5958333333333333 0.1421875 0.15
2 0.6734375 0.5508333333333333 0.11145833333333334 0.12
2 0.6145833333333334 0.535 0.04583333333333333 0.08333333333333333
2 0.36875 0.5391666666666667 0.05416666666666667 0.06
2 0.59921875 0.5279166666666667 0.033854166666666664 0.0675
2 0.45703125 0.5208333333333334 0.04010416666666667 0.04666666666666667
0 0.07161458333333333 0.6104166666666667 0.027604166666666666 0.1325
0 0.1671875 0.59125 0.022916666666666665 0.12416666666666666
0 0.16171875 0.53625 0.0067708333333333336 0.024166666666666666
2 0.48385416666666664 0.6141666666666666 0.15104166666666666 0.17
0 0.7557942708333333 0.5001041666666667 0.014322916666666666 0.0375
2 0.58671875 0.5183333333333333 0.043229166666666666 0.06166666666666667
2 0.5210286458333333 0.5269791666666667 0.04361979166666661 0.0656249999999999
1 0.07213541666666666 0.6245833333333334 0.03802083333333333 0.08083333333333333
1 0.1515625 0.6025 0.071875 0.08666666666666667
0 0.22630208333333332 0.5566666666666666 0.019270833333333334 0.08833333333333333
1 0.22057291666666667 0.5875 0.018229166666666668 0.056666666666666664
0 0.11354166666666667 0.5516666666666666 0.028125 0.06
0 0.15546875 0.5658333333333333 0.0171875 0.07666666666666666
0 0.7695312500000001 0.5033333333333333 0.020833333333333332 0.035
0 0.7352083333333334 0.5038333333333332 0.014583333333333334 0.03333333333333333
0 0.4069010416666667 0.5233333333333333 0.012239583333333274 0.043333333333333425
4 0.51796875 0.4750595238095237 0.03802083333333333 0.037976190476190365
1 0.40846354166666654 0.54 0.011718749999999941 0.034166666666666574
0 0.3352864583333333 0.5275 0.014322916666666725 0.025833333333333427
3 0.5583043981481481 0.5216666666666666 0.01660879629629619 0.025
2 0.5614583333333333 0.5175 0.019270833333333334 0.03333333333333333
2 0.5580729166666667 0.5127083333333333 0.021875 0.0312500000000001
2 0.556365740740741 0.5114351851851854 0.02245370370370381 0.03231481481481486
2 0.421484375 0.5252083333333334 0.015885416666666666 0.03125
2 0.40130208333333334 0.528125 0.027083333333333334 0.04625
0 0.48854166666666665 0.5025 0.005729166666666666 0.019166666666666665
2 0.39505208333333336 0.5333333333333333 0.0125 0.041666666666666664
2 0.4309895833333333 0.5225 0.011458333333333333 0.021666666666666667
2 0.47552083333333334 0.515 0.010416666666666666 0.025
2 0.48359375 0.5104166666666666 0.011979166666666667 0.0225
1 0.48880208333333336 0.5141666666666667 0.0036458333333333334 0.018333333333333333
