2 0.5080729166666667 0.54625 0.06197916666666667 0.06916666666666667
1 0.10286458333333333 0.6941666666666667 0.0859375 0.145
2 0.24973958333333332 0.5725 0.12447916666666667 0.11166666666666666
2 0.3463541666666667 0.5420833333333334 0.04895833333333333 0.06416666666666666
2 0.3807291666666667 0.5379166666666667 0.035416666666666666 0.04583333333333333
0 0.5645833333333333 0.6208333333333333 0.05625 0.24833333333333332
0 0.6046875 0.5991666666666666 0.04479166666666667 0.235
0 0.6747395833333333 0.6320833333333333 0.09947916666666666 0.2575
2 0.9263020833333333 0.7058333333333333 0.14739583333333334 0.3433333333333333
2 0.7895833333333333 0.605 0.2125 0.21333333333333335
2 0.6763020833333333 0.5625 0.09947916666666666 0.12666666666666668
2 0.6330729166666667 0.5370833333333334 0.058854166666666666 0.0975
2 0.45625 0.5258333333333334 0.03854166666666667 0.045
4 0.5177083333333333 0.4870833333333333 0.030208333333333334 0.04583333333333333
1 0.17578125 0.62875 0.06197916666666667 0.059166666666666666
0 0.18411458333333333 0.59125 0.03177083333333333 0.12416666666666666
2 0.39895833333333336 0.5291666666666667 0.028125 0.041666666666666664
2 0.54765625 0.5141666666666667 0.0109375 0.03166666666666667
1 0.42161458333333335 0.5383333333333333 0.018229166666666668 0.02666666666666667
0 0.11692708333333333 0.6154166666666666 0.050520833333333334 0.24083333333333334
2 0.31979166666666664 0.5608333333333333 0.03958333333333333 0.06833333333333333
2 0.5515625 0.5183333333333333 0.014583333333333334 0.03333333333333333
