2 0.47682291666666665 0.6220833333333333 0.1578125 0.1825
2 0.054947916666666666 0.6625 0.10989583333333333 0.15166666666666667
2 0.007552083333333333 0.8016666666666666 0.015104166666666667 0.10333333333333333
2 0.77890625 0.61375 0.22135416666666666 0.21416666666666667
2 0.64296875 0.5395833333333333 0.08489583333333334 0.09916666666666667
2 0.5979166666666667 0.5291666666666667 0.035416666666666666 0.07166666666666667
2 0.5799479166666667 0.515 0.03697916666666667 0.056666666666666664
2 0.5223958333333333 0.5254166666666666 0.04895833333333333 0.06416666666666666
2 0.46484375 0.5133333333333333 0.034895833333333334 0.035
2 0.5546875 0.5129166666666667 0.023958333333333335 0.035833333333333335
2 0.42213541666666665 0.53125 0.049479166666666664 0.0475
0 0.7315104166666667 0.49583333333333335 0.0109375 0.025
0 0.36640625 0.5445833333333333 0.0171875 0.0675
2 0.5859375 0.52125 0.022916666666666665 0.0525
0 0.22265625 0.5704166666666667 0.016145833333333335 0.08083333333333333
2 0.2950520833333333 0.55625 0.14010416666666667 0.09916666666666667
2 0.3875 0.5341666666666667 0.03958333333333333 0.05333333333333334
0 0.23385416666666667 0.58 0.01875 0.08666666666666667
0 0.14895833333333333 0.5529166666666666 0.017708333333333333 0.049166666666666664
0 0.16119791666666666 0.5858333333333333 0.024479166666666666 0.09833333333333333
0 0.13489583333333333 0.5733333333333334 0.030208333333333334 0.08833333333333333
2 0.6776041666666667 0.56875 0.07395833333333333 0.11083333333333334
0 0.35442708333333334 0.5245833333333333 0.009895833333333333 0.019166666666666665
2 0.48359375 0.5154166666666666 0.0109375 0.030833333333333334
1 0.23723958333333334 0.6004166666666667 0.025520833333333333 0.035833333333333335
1 0.16458333333333333 0.6016666666666667 0.040625 0.06333333333333334
1 0.13333333333333333 0.5991666666666666 0.036458333333333336 0.06333333333333334
