2 0.48541666666666666 0.58125 0.11770833333333333 0.13416666666666666
2 0.07239583333333334 0.6366666666666667 0.14479166666666668 0.19166666666666668
2 0.18723958333333332 0.6004166666666667 0.1046875 0.10916666666666666
2 0.28984375 0.5916666666666667 0.1453125 0.135
2 0.6658854166666667 0.55375 0.10989583333333333 0.1225
2 0.60859375 0.5191666666666667 0.059895833333333336 0.075
2 0.57890625 0.515 0.0234375 0.056666666666666664
2 0.5671875 0.50375 0.029166666666666667 0.0475
2 0.51953125 0.5220833333333333 0.0546875 0.0725
2 0.46979166666666666 0.5004166666666666 0.027083333333333334 0.025833333333333333
2 0.54765625 0.5016666666666667 0.018229166666666668 0.03166666666666667
2 0.4393229166666667 0.51875 0.0328125 0.0375
0 0.41848958333333336 0.5266666666666666 0.011979166666666667 0.058333333333333334
2 0.5684895833333333 0.5095833333333334 0.011979166666666667 0.04416666666666667
0 0.2916666666666667 0.52125 0.011458333333333333 0.0175
2 0.24192708333333332 0.5308333333333334 0.09114583333333333 0.05333333333333334
2 0.39947916666666666 0.5208333333333334 0.034375 0.045
0 0.21536458333333333 0.53375 0.0140625 0.0275
0 0.31666666666666665 0.51375 0.01875 0.025833333333333333
0 0.25026041666666665 0.545 0.018229166666666668 0.04666666666666667
0 0.18359375 0.5333333333333333 0.0203125 0.03333333333333333
2 0.6182291666666667 0.5325 0.028125 0.06666666666666667
0 0.378125 0.5275 0.011458333333333333 0.043333333333333335
