2 0.9278645833333333 0.7116666666666667 0.14427083333333332 0.34
2 0.7671875 0.605 0.18645833333333334 0.21333333333333335
2 0.6761600378787879 0.5617424242424243 0.09976325757575756 0.12848484848484854
2 0.6273437499999998 0.5373333333333333 0.07697916666666664 0.10199999999999998
2 0.5888020833333335 0.5344444444444444 0.016840277777777857 0.05333333333333334
3 0.5715029761904762 0.5339880952380952 0.027827380952380902 0.040357142857142966
2 0.5785590277777779 0.52 0.036631944444444405 0.030555555555555523
2 0.5622395833333333 0.522689393939394 0.019270833333333334 0.04037878787878801
2 0.5527994791666667 0.5180208333333334 0.017317708333333334 0.035625
2 0.5513020833333333 0.5145833333333333 0.021354166666666667 0.034166666666666665
1 0.6330729166666667 0.52875 0.0296875 0.05083333333333324
1 0.628125 0.5308333333333334 0.0375 0.055
2 0.5369791666666667 0.5041666666666667 0.005208333333333333 0.016666666666666666
2 0.4888671875 0.6288541666666667 0.17122395833333334 0.19645833333333335
2 0.5098958333333333 0.5141666666666667 0.04375 0.04
4 0.5166666666666667 0.4963194444444445 0.034375 0.07430555555555562
2 0.17916666666666667 0.6833333333333333 0.3229166666666667 0.29
2 0.4640625 0.5166666666666667 0.027083333333333334 0.03166666666666667
2 0.478125 0.515 0.011458333333333333 0.028333333333333332
2 0.47881944444444446 0.5108333333333334 0.019097222222222262 0.03
2 0.48932291666666666 0.5029166666666667 0.009895833333333333 0.014166666666666666
2 0.2605282738095238 0.5375595238095238 0.09813988095238096 0.04345238095238092
0 0.37265625 0.5795833333333333 0.03697916666666667 0.16916666666666666
0 0.17942708333333332 0.53875 0.0140625 0.025833333333333333
0 0.35403645833333336 0.5145833333333333 0.014496527777777797 0.030833333333333334
2 0.43828125 0.5183333333333333 0.0203125 0.03
2 0.3885416666666667 0.5108333333333334 0.022916666666666665 0.025
0 0.7840104166666667 0.6284166666666666 0.050729166666666596 0.25650000000000006
2 0.38776041666666666 0.5341666666666667 0.022395833333333334 0.043333333333333335
0 0.08936011904761904 0.5848214285714285 0.05476190476190476 0.11607142857142852
1 0.07213541666666666 0.63875 0.0328125 0.029166666666666667
2 0.34479166666666666 0.5175 0.009375 0.008333333333333333
0 0.35130208333333335 0.50625 0.021354166666666667 0.014166666666666666
0 0.32838541666666665 0.5358333333333334 0.0140625 0.06166666666666667
0 0.42890625 0.5225 0.008854166666666666 0.041666666666666664
0 0.8700520833333333 0.59 0.06302083333333333 0.17666666666666667
2 0.30911458333333336 0.5479166666666667 0.0234375 0.04083333333333333
0 0.8348958333333333 0.63625 0.051041666666666666 0.2575
0 0.3458333333333333 0.5691666666666667 0.034375 0.11666666666666667
0 0.4049479166666667 0.54625 0.024479166666666666 0.09416666666666666
0 0.2792100694444445 0.5256944444444445 0.02404513888888893 0.03805555555555562
0 0.4200520833333333 0.5204166666666666 0.0140625 0.04583333333333333
0 0.4200520833333333 0.5234027777777778 0.0140625 0.04152777777777771
1 0.42161458333333335 0.5370833333333334 0.0140625 0.0275
0 0.4510850694444445 0.5153472222222222 0.006857638888888929 0.03236111111111105
1 0.3703645833333333 0.63 0.03406249999999999 0.10333333333333333
1 0.4062872023809524 0.5699404761904763 0.02284226190476192 0.057738095238095276
0 0.4440104166666667 0.5170833333333333 0.0067708333333333336 0.0325
1 0.34239583333333334 0.60775 0.03999999999999997 0.07850000000000004
0 0.4393229166666667 0.5166666666666667 0.0067708333333333336 0.03333333333333333
