2 0.8604166666666667 0.6720833333333334 0.2791666666666667 0.31583333333333335
2 0.30104166666666665 0.57 0.13854166666666667 0.13666666666666666
2 0.7252604166666666 0.5854166666666667 0.11822916666666666 0.1375
2 0.66484375 0.54625 0.10260416666666666 0.11583333333333333
2 0.61015625 0.5345833333333333 0.044270833333333336 0.0775
2 0.3736979166666667 0.5375 0.05260416666666667 0.056666666666666664
2 0.5940104166666667 0.5258333333333334 0.027604166666666666 0.06333333333333334
2 0.46119791666666665 0.5154166666666666 0.03802083333333333 0.0375
0 0.09817708333333333 0.595 0.03802083333333333 0.12166666666666667
0 0.18802083333333333 0.5879166666666666 0.020833333333333332 0.11416666666666667
0 0.15755208333333334 0.5525 0.021354166666666667 0.051666666666666666
2 0.4796875 0.6204166666666666 0.15729166666666666 0.18083333333333335
0 0.7541666666666667 0.4975 0.0109375 0.03583333333333324
2 0.58515625 0.5175 0.04010416666666667 0.06
2 0.5229538690476191 0.5279166666666667 0.04590773809523808 0.0675
1 0.10026041666666667 0.6204166666666666 0.03802083333333333 0.0775
1 0.17291666666666666 0.5975 0.06875 0.07666666666666666
0 0.22369791666666666 0.5545833333333333 0.0203125 0.08416666666666667
1 0.225 0.58 0.019791666666666666 0.058333333333333334
0 0.11901041666666666 0.5491666666666667 0.0234375 0.055
0 0.1765625 0.5633333333333334 0.016666666666666666 0.07
0 0.7617187500000001 0.5022916666666667 0.020833333333333332 0.037083333333333426
0 0.726171875 0.5041666666666667 0.009114583333333334 0.03333333333333333
0 0.4085700757575758 0.5235606060606061 0.009185606060606115 0.05060606060606053
4 0.5183525219298244 0.47458333333333313 0.038020833333333275 0.03627192982456137
1 0.410546875 0.5395833333333333 0.010677083333333275 0.032499999999999904
0 0.34270833333333334 0.5237499999999998 0.011979166666666607 0.01833333333333324
3 0.5579427083333334 0.5210416666666666 0.017447916666666785 0.02625
2 0.5618489583333334 0.5164583333333336 0.019010416666666665 0.03375000000000009
2 0.5592447916666666 0.5120833333333333 0.02109375 0.030833333333333334
2 0.5578125 0.5110416666666666 0.02447916666666655 0.037083333333333336
2 0.423828125 0.5229166666666667 0.015885416666666666 0.03
2 0.4046875 0.5266666666666666 0.026041666666666668 0.041666666666666664
2 0.39817708333333335 0.5329166666666667 0.0125 0.03916666666666667
2 0.43333333333333335 0.5216666666666666 0.013541666666666667 0.02666666666666667
2 0.4786458333333333 0.51625 0.011458333333333333 0.029166666666666667
2 0.48385416666666664 0.5120833333333333 0.010416666666666666 0.0225
