2 0.04635416666666667 0.6495833333333333 0.09270833333333334 0.16416666666666666
2 0.16953125 0.5908333333333333 0.16197916666666667 0.15333333333333332
2 0.29192708333333334 0.5645833333333333 0.0890625 0.0925
2 0.32760416666666664 0.5395833333333333 0.057291666666666664 0.0725
2 0.5033854166666667 0.5233333333333333 0.049479166666666664 0.05333333333333334
2 0.35911458333333335 0.5316666666666666 0.034895833333333334 0.058333333333333334
1 0.38776041666666666 0.55 0.016145833333333335 0.055
1 0.42578125 0.5525 0.016145833333333335 0.051666666666666666
2 0.38333333333333336 0.52875 0.025 0.03916666666666667
2 0.4453125 0.5158333333333334 0.03229166666666667 0.035
1 0.60234375 0.53375 0.0109375 0.04083333333333333
2 0.5765625 0.51375 0.0375 0.049166666666666664
2 0.56171875 0.5045833333333334 0.019270833333333334 0.0375
2 0.5528645833333333 0.5029166666666667 0.009895833333333333 0.034166666666666665
2 0.54765625 0.49666666666666665 0.011979166666666667 0.03166666666666667
2 0.5223958333333333 0.5075 0.028125 0.043333333333333335
2 0.48723958333333334 0.4979166666666667 0.016145833333333335 0.025833333333333333
0 0.9729166666666667 0.5454166666666667 0.05 0.1975
0 0.9088541666666666 0.5429166666666667 0.022916666666666665 0.13583333333333333
0 0.7817708333333333 0.5558333333333333 0.025 0.11666666666666667
0 0.8364583333333333 0.49833333333333335 0.029166666666666667 0.07
0 0.8776041666666666 0.5133333333333333 0.01875 0.095
0 0.79296875 0.525 0.028645833333333332 0.10166666666666667
0 0.6890625 0.5179166666666667 0.009375 0.07416666666666667
0 0.7033854166666667 0.5175 0.0140625 0.07
0 0.2453125 0.5345833333333333 0.0125 0.04583333333333333
2 0.5390625 0.49583333333333335 0.010416666666666666 0.023333333333333334
2 0.46598958333333335 0.5020000000000001 0.021354166666666667 0.01866666666666674
0 0.6200520833333333 0.5016666666666667 0.0067708333333333336 0.03833333333333333
0 0.38515625 0.5266666666666666 0.0203125 0.08166666666666667
0 0.42630208333333336 0.5320833333333334 0.021354166666666667 0.0775
0 0.6018229166666667 0.5158333333333334 0.0171875 0.06
