2 0.9278645833333333 0.7115740740740739 0.14427083333333332 0.3466666666666667
2 0.7697916666666667 0.6058333333333333 0.190625 0.215
2 0.6768229166666667 0.5623611111111111 0.10225694444444453 0.13083333333333333
2 0.6279166666666668 0.5373749999999999 0.07739583333333329 0.10174999999999992
2 0.5901041666666667 0.5350462962962963 0.020833333333333332 0.05472222222222228
3 0.571875 0.5325 0.029166666666666667 0.041666666666666664
2 0.5774305555555554 0.5177777777777778 0.03333333333333333 0.026111111111111047
2 0.5623553240740741 0.522824074074074 0.02054398148148155 0.04009259259259257
2 0.5531249999999999 0.51875 0.018055555555555478 0.035833333333333335
2 0.5504918981481481 0.5138425925925926 0.021817129629629523 0.032685185185185144
1 0.633275462962963 0.5269907407407408 0.029282407407407382 0.05064814814814819
1 0.628125 0.5308333333333334 0.0375 0.055
2 0.5413411458333334 0.5055208333333333 0.017317708333333334 0.02020833333333333
2 0.48836805555555557 0.6295833333333334 0.17222222222222214 0.19583333333333333
2 0.5122916666666666 0.5151666666666667 0.04937500000000004 0.03866666666666665
4 0.5169270833333334 0.4825 0.034895833333333334 0.051666666666666666
2 0.3506510416666667 0.5892916666666667 0.13005208333333335 0.13891666666666672
2 0.4635416666666667 0.5170833333333333 0.028125 0.0325
2 0.478125 0.515 0.011458333333333333 0.028333333333333332
2 0.4809422348484848 0.5108333333333334 0.01832386363636367 0.03
2 0.48932291666666666 0.5029166666666667 0.009895833333333333 0.014166666666666666
2 0.24713541666666666 0.5775 0.1234375 0.125
0 0.4370163690476191 0.5294047619047618 0.02313988095238102 0.0588095238095237
0 0.19251302083333333 0.5510416666666667 0.018359375 0.055
1 0.17295386904761906 0.6195238095238096 0.06331845238095238 0.0823809523809524
0 0.18046875 0.5922222222222223 0.031423611111111104 0.12555555555555553
0 0.36729910714285713 0.5107738095238096 0.011532738095238079 0.018452380952380925
2 0.38797743055555556 0.5127083333333333 0.02612847222222226 0.02375
0 0.783125 0.6251666666666668 0.0537499999999999 0.26166666666666666
2 0.3796875 0.5154166666666666 0.011458333333333333 0.0075
0 0.280078125 0.5650694444444445 0.03133680555555556 0.10125
1 0.2747395833333333 0.6045833333333334 0.0234375 0.0675
2 0.34479166666666666 0.51875 0.03229166666666667 0.015833333333333335
0 0.34791666666666665 0.5095833333333334 0.035416666666666666 0.009166666666666667
0 0.32359375 0.5200833333333333 0.013437499999999976 0.029833333333333295
0 0.43125 0.51125 0.00625 0.019166666666666665
0 0.8677083333333333 0.5920833333333333 0.05520833333333333 0.1775
2 0.30807291666666664 0.54125 0.019270833333333334 0.030833333333333334
0 0.833420138888889 0.637638888888889 0.052604166666666785 0.2547222222222222
0 0.3908482142857143 0.5204166666666666 0.014583333333333334 0.020357142857142872
0 0.40568576388888894 0.5313888888888889 0.0176215277777778 0.05777777777777781
0 0.34937500000000005 0.5150833333333333 0.012083333333333357 0.01683333333333337
0 0.42725694444444445 0.5091666666666667 0.006597222222222262 0.023333333333333334
0 0.41875 0.5191666666666667 0.009375 0.045
0 0.4192708333333333 0.5213541666666667 0.013541666666666667 0.036041666666666666
1 0.4203125 0.5395833333333333 0.0125 0.024166666666666666
1 0.4300347222222223 0.5556944444444444 0.01076388888888887 0.013611111111111143
1 0.40651041666666665 0.5441666666666667 0.013020833333333334 0.02
