2 0.1015625 0.6354166666666666 0.203125 0.17916666666666667
2 0.21640625 0.5691666666666667 0.11197916666666667 0.11
2 0.49635416666666665 0.5345833333333333 0.06458333333333334 0.07416666666666667
2 0.28671875 0.5470833333333334 0.06614583333333333 0.07583333333333334
1 0.221875 0.6329166666666667 0.05520833333333333 0.1175
1 0.27630208333333334 0.6545833333333333 0.06302083333333333 0.13583333333333333
2 0.33255208333333336 0.5458333333333333 0.0421875 0.058333333333333334
2 0.4122395833333333 0.5291666666666667 0.050520833333333334 0.058333333333333334
1 0.6716145833333333 0.5683333333333334 0.024479166666666666 0.075
2 0.5966145833333333 0.5204166666666666 0.0546875 0.06916666666666667
2 0.5729166666666666 0.50625 0.03125 0.050833333333333335
2 0.55859375 0.5025 0.0140625 0.041666666666666664
2 0.5520833333333334 0.49625 0.017708333333333333 0.035833333333333335
2 0.5200520833333333 0.5104166666666666 0.03697916666666667 0.0575
2 0.4783854166666667 0.4979166666666667 0.018229166666666668 0.025833333333333333
0 0.82734375 0.5329166666666667 0.024479166666666666 0.1325
0 0.846875 0.53 0.027083333333333334 0.12166666666666667
0 0.08645833333333333 0.5433333333333333 0.020833333333333332 0.02666666666666667
2 0.5401041666666667 0.495 0.013541666666666667 0.02666666666666667
2 0.44859374999999996 0.5054166666666666 0.03177083333333333 0.029500000000000075
0 0.6434895833333333 0.5 0.013020833333333334 0.051666666666666666
0 0.21588541666666666 0.5804166666666667 0.05677083333333333 0.17916666666666667
0 0.27109375 0.59625 0.06510416666666667 0.18916666666666668
0 0.671875 0.535 0.03125 0.11
0 0.4744791666666667 0.49625 0.008333333333333333 0.024166666666666666
0 0.35911458333333335 0.5091666666666667 0.008854166666666666 0.018333333333333333
2 0.25364583333333335 0.50875 0.025 0.0225
2 0.42942708333333335 0.5075 0.018229166666666668 0.03333333333333333
0 0.365625 0.5104166666666666 0.00625 0.014166666666666666
