2 0.49270833333333336 0.5141666666666667 0.010416666666666666 0.015
3 0.46380208333333334 0.5291666666666667 0.0078125 0.023333333333333334
2 0.45390625 0.52125 0.0140625 0.0175
0 0.46432291666666664 0.5133333333333333 0.005729166666666666 0.006666666666666667
2 0.45546875 0.5129166666666667 0.011979166666666667 0.009166666666666667
2 0.5044270833333333 0.5075 0.018229166666666668 0.008333333333333333
2 0.67921875 0.5338333333333334 0.08239583333333336 0.06933333333333337
2 0.61796875 0.5154166666666666 0.0067708333333333336 0.0325
2 0.6464409722222223 0.5130555555555555 0.026215277777777858 0.042222222222222286
2 0.23958333333333334 0.54625 0.007291666666666667 0.010833333333333334
