2 0.415625 0.54 0.027083333333333334 0.03333333333333333
3 0.47317708333333336 0.5275 0.0036458333333333334 0.011666666666666667
2 0.40260416666666665 0.535 0.010416666666666666 0.015
2 0.4861979166666667 0.5220833333333333 0.009895833333333333 0.0125
2 0.06979166666666667 0.6033333333333334 0.057291666666666664 0.05333333333333334
2 0.023958333333333335 0.6104166666666667 0.04791666666666667 0.0525
2 0.43333333333333335 0.52875 0.015625 0.014166666666666666
2 0.1278125 0.5917499999999999 0.07125000000000001 0.05216666666666659
2 0.19088541666666667 0.5748333333333333 0.0328125 0.03533333333333341
2 0.25895833333333335 0.5609166666666666 0.027291666666666655 0.027166666666666686
2 0.30416666666666664 0.5575 0.010416666666666666 0.016666666666666666
2 0.5036458333333333 0.51875 0.005208333333333333 0.0075
2 0.15807291666666667 0.5741666666666667 0.019270833333333334 0.028333333333333332
1 0.3456770833333333 0.5473333333333333 0.02302083333333336 0.01899999999999996
2 0.46770833333333334 0.5245833333333333 0.00625 0.0075
2 0.47776041666666663 0.5198333333333333 0.005729166666666666 0.006666666666666667
