2 0.48203125 0.5358333333333334 0.009895833333333333 0.015
2 0.49505208333333334 0.5291666666666667 0.0140625 0.005
5 0.34921875 0.5716666666666667 0.0546875 0.07333333333333333
2 0.30703125 0.5725 0.043229166666666666 0.03666666666666667
2 0.46536458333333336 0.5375 0.008854166666666666 0.01
5 0.36493055555555554 0.5345833333333333 0.045486111111111074 0.0375
3 0.384765625 0.58625 0.02109375 0.07833333333333334
2 0.8097222222222221 0.5122222222222222 0.10798611111111107 0.07555555555555553
0 0.38307291666666665 0.5691666666666667 0.025520833333333333 0.065
2 0.9567708333333333 0.4891666666666667 0.08645833333333333 0.08
2 0.4098090277777777 0.5516666666666665 0.025520833333333333 0.02444444444444438
