2 0.44296875 0.5691666666666667 0.0546875 0.06833333333333333
2 0.0609375 0.67 0.121875 0.23
2 0.5247395833333334 0.5554166666666667 0.04635416666666667 0.05583333333333333
2 0.44453125 0.5279166666666667 0.022395833333333334 0.014166666666666666
2 0.5765625 0.54375 0.03125 0.0375
2 0.51953125 0.5233333333333333 0.013020833333333334 0.013333333333333334
2 0.47265625 0.5258333333333334 0.0140625 0.025
2 0.5059895833333333 0.52375 0.009895833333333333 0.0125
2 0.4890625 0.5233333333333333 0.009375 0.013333333333333334
2 0.5447916666666667 0.53125 0.008333333333333333 0.025833333333333333
2 0.53515625 0.5216666666666666 0.008854166666666666 0.013333333333333334
2 0.16781250000000003 0.63125 0.2010416666666667 0.16949999999999998
0 0.37390625 0.5435833333333333 0.007395833333333357 0.044500000000000074
2 0.49406249999999996 0.5224166666666668 0.005208333333333333 0.010833333333333334
2 0.5635416666666668 0.54 0.022083333333333382 0.03366666666666674
2 0.4806770833333333 0.5280833333333332 0.0067708333333333336 0.015833333333333335
0 0.41911458333333335 0.5310833333333334 0.003854166666666714 0.023166666666666627
0 0.5734895833333333 0.5193333333333334 0.007395833333333357 0.013333333333333334
2 0.55546875 0.5291666666666667 0.018229166666666668 0.02666666666666667
2 0.5625 0.5358333333333334 0.022916666666666665 0.028333333333333332
2 0.54296875 0.5233333333333333 0.008854166666666666 0.016666666666666666
2 0.7158333333333334 0.6081666666666666 0.12770833333333323 0.14033333333333342
5 0.5939583333333334 0.5165 0.030208333333333334 0.018333333333333333
0 0.3327083333333334 0.5565833333333333 0.01395833333333331 0.05649999999999996
2 0.8690625 0.69975 0.2618750000000001 0.26149999999999995
2 0.5515625 0.5325 0.010416666666666666 0.025
2 0.5961458333333334 0.5175833333333334 0.026250000000000048 0.019500000000000076
2 0.6076822916666667 0.5204166666666666 0.02734375 0.014166666666666666
2 0.46119791666666665 0.53125 0.013020833333333334 0.030833333333333334
2 0.45755208333333336 0.5313888888888889 0.008159722222222202 0.024444444444444477
2 0.4610416666666666 0.5316666666666666 0.007708333333333309 0.02366666666666665
2 0.6143229166666667 0.5219166666666667 0.023645833333333262 0.014166666666666666
2 0.6174479166666667 0.5270833333333333 0.022916666666666665 0.024166666666666666
2 0.6219270833333332 0.5289999999999999 0.012395833333333309 0.01
