2 0.4050347222222222 0.5694444444444445 0.0694444444444444 0.08111111111111105
2 0.49640624999999994 0.5530833333333334 0.050312499999999954 0.06383333333333326
2 0.7577083333333333 0.6286666666666666 0.2404166666666666 0.25100000000000006
2 0.26125 0.5866666666666667 0.11479166666666665 0.12666666666666668
5 0.6119270833333333 0.5316666666666666 0.1038541666666666 0.13866666666666666
2 0.35973958333333333 0.5589166666666667 0.039895833333333346 0.05949999999999998
0 0.5505208333333333 0.5424999999999999 0.016249999999999907 0.060666666666666626
2 0.3880208333333333 0.5295000000000001 0.03291666666666663 0.025999999999999943
2 0.40911458333333334 0.52625 0.015312499999999988 0.008833333333333353
2 0.46010416666666665 0.526 0.016666666666666666 0.025333333333333315
2 0.4696875 0.5233333333333333 0.010208333333333345 0.02
2 0.47421875 0.516 0.011979166666666667 0.01800000000000002
2 0.48625 0.5154166666666666 0.009375 0.0125
2 0.5281770833333332 0.5180833333333333 0.024479166666666607 0.03050000000000002
2 0.5009895833333334 0.5064166666666667 0.027395833333333345 0.007833333333333314
2 0.5098958333333333 0.5220833333333333 0.015625 0.020833333333333332
2 0.4956249999999999 0.5164166666666667 0.011041666666666632 0.01050000000000002
2 0.6357291666666668 0.5854999999999999 0.075 0.10400000000000005
2 0.5398958333333334 0.5266666666666666 0.016458333333333346 0.021666666666666667
2 0.32916666666666666 0.5711666666666666 0.0629166666666667 0.07699999999999999
2 0.5213541666666667 0.51375 0.00625 0.0125
2 0.5255208333333333 0.51875 0.00625 0.015833333333333335
2 0.5622395833333333 0.5091666666666667 0.008854166666666666 0.015
