2 0.5026041666666666 0.54875 0.04375 0.05583333333333333
2 0.05963541666666667 0.6720833333333334 0.11927083333333334 0.22083333333333333
2 0.1671875 0.6266666666666667 0.19791666666666666 0.17
2 0.26145833333333335 0.5929166666666666 0.103125 0.11583333333333333
2 0.3216145833333333 0.5691666666666667 0.0765625 0.09166666666666666
2 0.36354166666666665 0.5616666666666666 0.042708333333333334 0.065
2 0.40729166666666666 0.5445833333333333 0.035416666666666666 0.0525
2 0.44869791666666664 0.5495833333333333 0.0390625 0.049166666666666664
2 0.4666666666666667 0.5333333333333333 0.013541666666666667 0.018333333333333333
2 0.47421875 0.53125 0.0067708333333333336 0.014166666666666666
2 0.85234375 0.7391666666666666 0.2953125 0.3616666666666667
2 0.7083333333333334 0.6179166666666667 0.16458333333333333 0.1725
2 0.6309895833333333 0.5820833333333333 0.08177083333333333 0.10916666666666666
2 0.6065104166666667 0.55625 0.0671875 0.08916666666666667
2 0.5692708333333333 0.5516666666666666 0.034375 0.06
2 0.553125 0.5358333333333334 0.026041666666666668 0.04
2 0.53359375 0.52875 0.016145833333333335 0.020833333333333332
2 0.6471354166666666 0.5079166666666667 0.0390625 0.0175
2 0.7153645833333333 0.5195833333333333 0.08072916666666667 0.029166666666666667
2 0.7729166666666667 0.51875 0.06666666666666667 0.034166666666666665
2 0.8106770833333333 0.525 0.11927083333333334 0.05
2 0.8807291666666667 0.5304166666666666 0.13541666666666666 0.0575
2 0.96171875 0.5333333333333333 0.0765625 0.08
2 0.65234375 0.5179166666666667 0.0171875 0.019166666666666665
0 0.6375 0.5141666666666667 0.009375 0.03
2 0.5239583333333333 0.5270833333333333 0.005208333333333333 0.015833333333333335
2 0.6729166666666667 0.5129166666666667 0.027083333333333334 0.030833333333333334
2 0.47942708333333334 0.52625 0.008854166666666666 0.0125
2 0.9229166666666667 0.49875 0.06145833333333333 0.014166666666666666
2 0.425 0.5466666666666666 0.009375 0.03166666666666667
2 0.7731770833333333 0.5083333333333333 0.044270833333333336 0.018333333333333333
