2 0.4046875 0.5726388888888889 0.07083333333333333 0.08305555555555552
2 0.4985416666666666 0.5558333333333333 0.05249999999999998 0.06366666666666665
2 0.8705729166666667 0.7470833333333333 0.25885416666666666 0.5058333333333334
2 0.15786458333333334 0.6194166666666666 0.1884375 0.1825
5 0.6433854166666667 0.5396666666666666 0.1390625 0.18
2 0.3319270833333333 0.572 0.06927083333333334 0.0776666666666667
0 0.5605208333333334 0.5506666666666666 0.01875 0.07399999999999997
2 0.3693229166666666 0.54775 0.041979166666666616 0.05583333333333333
2 0.39635416666666673 0.52975 0.02041666666666669 0.011166666666666743
2 0.4584895833333333 0.5295 0.018437500000000048 0.02566666666666663
2 0.46765624999999994 0.5251666666666667 0.011770833333333286 0.023333333333333334
2 0.47328125000000004 0.5181666666666667 0.011770833333333286 0.018333333333333333
2 0.4864583333333333 0.5171666666666667 0.009375 0.012666666666666705
2 0.5291145833333334 0.5205000000000001 0.02489583333333343 0.03200000000000008
2 0.50328125 0.50875 0.029062499999999977 0.009166666666666667
2 0.5109375 0.5230833333333333 0.014583333333333334 0.020499999999999925
2 0.49635416666666665 0.5185833333333333 0.011458333333333333 0.012166666666666591
2 0.7134375 0.6223333333333334 0.15395833333333328 0.15899999999999997
2 0.54453125 0.5293333333333333 0.018645833333333427 0.023333333333333334
2 0.27395833333333336 0.5876666666666667 0.10229166666666666 0.10466666666666659
2 0.5229166666666667 0.51625 0.007291666666666667 0.0125
2 0.528125 0.5216666666666666 0.00625 0.016666666666666666
2 0.5671875 0.51375 0.013541666666666667 0.020833333333333332
0 0.5763020833333334 0.5273333333333334 0.01114583333333338 0.03433333333333337
2 0.49375 0.5095833333333334 0.008333333333333333 0.004166666666666667
