2 0.4395833333333333 0.5691666666666667 0.053125 0.06833333333333333
2 0.035416666666666666 0.7129166666666666 0.07083333333333333 0.19583333333333333
2 0.5205729166666667 0.5558333333333333 0.04635416666666667 0.055
2 0.4388020833333333 0.5283333333333333 0.0265625 0.015
2 0.5729166666666666 0.54625 0.03125 0.0375
2 0.5153645833333333 0.52375 0.011979166666666667 0.0125
2 0.4669270833333333 0.5266666666666666 0.0140625 0.025
2 0.5018229166666667 0.5245833333333333 0.009895833333333333 0.0125
2 0.48385416666666664 0.5241666666666667 0.009375 0.013333333333333334
2 0.5411458333333333 0.5329166666666667 0.007291666666666667 0.025833333333333333
2 0.5309895833333333 0.5241666666666667 0.0109375 0.013333333333333334
2 0.13630208333333332 0.6426666666666667 0.22093749999999998 0.18833333333333332
0 0.36671875000000004 0.5435833333333334 0.008437500000000023 0.0451666666666667
2 0.48947916666666663 0.52325 0.005208333333333333 0.010833333333333334
2 0.5602083333333333 0.5416666666666666 0.022500000000000023 0.03433333333333337
2 0.47588541666666667 0.5294166666666666 0.0067708333333333336 0.015833333333333335
0 0.41291666666666665 0.5325 0.004374999999999988 0.024666666666666684
0 0.56953125 0.52 0.0078125 0.013333333333333334
2 0.5513020833333333 0.5308333333333334 0.0203125 0.02666666666666667
2 0.5583333333333333 0.5375 0.022916666666666665 0.028333333333333332
2 0.5388020833333333 0.5241666666666667 0.0109375 0.016666666666666666
2 0.7254166666666667 0.6151666666666666 0.13999999999999999 0.14899999999999997
5 0.59015625 0.5177499999999999 0.029895833333333382 0.01816666666666663
0 0.322265625 0.5575 0.015885416666666666 0.058333333333333334
2 0.8776041666666666 0.7286666666666667 0.24479166666666666 0.30366666666666653
2 0.54765625 0.5358333333333334 0.009895833333333333 0.028333333333333332
2 0.5924999999999999 0.5186666666666666 0.02645833333333331 0.02
2 0.6040625000000001 0.5215833333333333 0.027708333333333356 0.014166666666666666
2 0.45859375 0.5325 0.009895833333333333 0.02666666666666667
2 0.45125000000000004 0.5290833333333332 0.007083333333333345 0.017833333333333316
2 0.45567708333333334 0.53125 0.008229166666666643 0.020833333333333332
2 0.6113020833333334 0.5231666666666667 0.024270833333333287 0.014333333333333372
2 0.6144965277777779 0.5283333333333332 0.0234375 0.02444444444444438
2 0.6190625 0.5303333333333333 0.012916666666666642 0.01
