2 0.4046875 0.5725 0.07083333333333333 0.08333333333333333
2 0.4986979166666667 0.5558333333333333 0.05260416666666667 0.06333333333333334
2 0.8752604166666667 0.74625 0.24947916666666667 0.5075
2 0.14921875 0.6220833333333333 0.1953125 0.1875
5 0.6458333333333334 0.54 0.14166666666666666 0.18333333333333332
2 0.3296875 0.5729166666666666 0.07083333333333333 0.07916666666666666
0 0.5609375 0.5508333333333333 0.01875 0.075
2 0.36822916666666666 0.5495833333333333 0.042708333333333334 0.059166666666666666
2 0.39557291666666666 0.53 0.0203125 0.011666666666666667
2 0.4583333333333333 0.5295833333333333 0.01875 0.025833333333333333
2 0.4674479166666667 0.525 0.011979166666666667 0.023333333333333334
2 0.47317708333333336 0.5183333333333333 0.011979166666666667 0.018333333333333333
2 0.4864583333333333 0.5170833333333333 0.009375 0.0125
2 0.5291666666666667 0.5204166666666666 0.025 0.0325
2 0.503125 0.50875 0.029166666666666667 0.009166666666666667
2 0.5109375 0.5229166666666667 0.014583333333333334 0.020833333333333332
2 0.49635416666666665 0.51875 0.011458333333333333 0.0125
2 0.7197916666666667 0.625 0.16041666666666668 0.16333333333333333
2 0.5447916666666667 0.5291666666666667 0.01875 0.023333333333333334
2 0.26979166666666665 0.5891666666666666 0.10520833333333333 0.10666666666666667
2 0.52265625 0.5154166666666666 0.0067708333333333336 0.0125
2 0.528125 0.52125 0.00625 0.015833333333333335
2 0.5674479166666667 0.5129166666666667 0.0140625 0.0175
0 0.5770833333333333 0.5283333333333333 0.011458333333333333 0.035
2 0.49375 0.5095833333333334 0.008333333333333333 0.004166666666666667
