2 0.40390625 0.55375 0.050520833333333334 0.060833333333333336
2 0.478125 0.545 0.042708333333333334 0.055
2 0.37552083333333336 0.5416666666666666 0.03229166666666667 0.051666666666666666
2 0.5497395833333333 0.5470833333333334 0.044270833333333336 0.050833333333333335
2 0.478125 0.515 0.011458333333333333 0.006666666666666667
2 0.42239583333333336 0.5220833333333333 0.016666666666666666 0.0275
2 0.4661458333333333 0.5170833333333333 0.008333333333333333 0.0125
2 0.44479166666666664 0.52 0.011458333333333333 0.016666666666666666
2 0.50703125 0.5258333333333334 0.009895833333333333 0.02666666666666667
2 0.49609375 0.5179166666666667 0.008854166666666666 0.015833333333333335
0 0.2747395833333333 0.54875 0.0109375 0.060833333333333336
2 0.4515625 0.5179166666666667 0.005208333333333333 0.010833333333333334
2 0.5338541666666666 0.5395833333333333 0.03125 0.04583333333333333
2 0.43359375 0.5254166666666666 0.0078125 0.019166666666666665
0 0.35234375 0.5357500000000001 0.0109375 0.04083333333333333
0 0.5396874999999999 0.5121666666666665 0.009375 0.013333333333333334
2 0.5197916666666667 0.5275 0.023958333333333335 0.035
2 0.528125 0.5333333333333333 0.03125 0.035
2 0.5059895833333333 0.5216666666666666 0.0140625 0.025
2 0.9666666666666667 0.8858333333333334 0.06666666666666667 0.22833333333333333
5 0.5627604166666667 0.5095833333333334 0.03802083333333333 0.020833333333333332
0 0.18958333333333333 0.5733333333333334 0.020833333333333332 0.08666666666666667
2 0.5153645833333333 0.5316666666666666 0.0140625 0.03333333333333333
2 0.5666666666666667 0.51125 0.028125 0.0225
2 0.5799479166666667 0.51375 0.030729166666666665 0.0175
2 0.40598958333333335 0.5183333333333333 0.011979166666666667 0.01
2 0.3948350694444444 0.519375 0.012065972222222202 0.010138888888888857
2 0.4010416666666667 0.52 0.007291666666666667 0.008333333333333333
2 0.5908854166666667 0.515 0.0296875 0.016666666666666666
2 0.5979166666666667 0.52125 0.034375 0.030833333333333334
2 0.6036458333333333 0.5241666666666667 0.021875 0.028333333333333332
2 0.6104166666666667 0.52125 0.009375 0.0175
5 0.23802083333333332 0.5495833333333333 0.01875 0.0425
