2 0.4401041666666667 0.5691666666666667 0.053125 0.06833333333333333
2 0.04088541666666667 0.7 0.08177083333333333 0.2
2 0.5216145833333333 0.5558333333333333 0.04635416666666667 0.055
2 0.44036458333333334 0.5283333333333333 0.025520833333333333 0.015
2 0.5739583333333333 0.5454166666666667 0.03125 0.0375
2 0.5166666666666667 0.5241666666666667 0.011458333333333333 0.013333333333333334
2 0.46848958333333335 0.5266666666666666 0.0140625 0.025
2 0.5028645833333333 0.52375 0.009895833333333333 0.0125
2 0.48541666666666666 0.5241666666666667 0.009375 0.013333333333333334
2 0.5424479166666667 0.5320833333333334 0.0078125 0.025833333333333333
2 0.5328125 0.5225 0.011458333333333333 0.013333333333333334
2 0.14296875 0.63875 0.22135416666666666 0.1825
0 0.36875 0.5433333333333333 0.008333333333333333 0.045
2 0.490625 0.5229166666666667 0.005208333333333333 0.010833333333333334
2 0.5611979166666666 0.54125 0.022395833333333334 0.034166666666666665
2 0.4771354166666667 0.5290833333333333 0.0067708333333333336 0.015833333333333335
0 0.41458333333333336 0.5320833333333334 0.004166666666666667 0.024166666666666666
0 0.5705208333333334 0.5198333333333333 0.007708333333333428 0.013333333333333334
2 0.5518229166666667 0.5308333333333334 0.019270833333333334 0.02666666666666667
2 0.559375 0.5366666666666666 0.022916666666666665 0.028333333333333332
2 0.5401041666666667 0.5241666666666667 0.010416666666666666 0.016666666666666666
2 0.7223958333333333 0.6129166666666667 0.13645833333333332 0.14583333333333334
5 0.5911458333333334 0.5175 0.030208333333333334 0.018333333333333333
0 0.3255208333333333 0.5570833333333334 0.014583333333333334 0.0575
2 0.875 0.72 0.25 0.29
2 0.5484375 0.5354166666666667 0.010416666666666666 0.0275
2 0.5934895833333333 0.5183333333333333 0.0265625 0.02
2 0.6049479166666667 0.52125 0.027604166666666666 0.014166666666666666
2 0.4596354166666667 0.5325 0.0109375 0.028333333333333332
2 0.45291666666666675 0.5296666666666666 0.007500000000000047 0.01966666666666659
2 0.45729166666666665 0.5316666666666666 0.008333333333333333 0.021666666666666667
2 0.6119791666666666 0.5229166666666667 0.023958333333333335 0.014166666666666666
2 0.6153211805555556 0.528125 0.023177083333333334 0.024305555555555525
2 0.6200520833333333 0.53 0.013020833333333334 0.01
