5 0.8796875 0.6529166666666667 0.240625 0.5341666666666667
2 0.4359375 0.5604166666666667 0.06979166666666667 0.08416666666666667
2 0.11015625 0.6591666666666667 0.2203125 0.21833333333333332
0 0.6578125 0.5829166666666666 0.04791666666666667 0.18416666666666667
2 0.28828125 0.575 0.1203125 0.13166666666666665
2 0.53046875 0.5433333333333333 0.05260416666666667 0.06666666666666667
2 0.4713541666666667 0.5183333333333333 0.023958333333333335 0.03
2 0.578125 0.5204166666666666 0.023958333333333335 0.0325
2 0.53359375 0.5041666666666667 0.015104166666666667 0.013333333333333334
2 0.49192708333333335 0.50625 0.0140625 0.020833333333333332
2 0.5205729166666667 0.505 0.008854166666666666 0.011666666666666667
2 0.5067708333333333 0.5041666666666667 0.009375 0.013333333333333334
2 0.5552083333333333 0.50875 0.007291666666666667 0.019166666666666665
2 0.5486979166666667 0.5025 0.0067708333333333336 0.013333333333333334
2 0.3536458333333333 0.5595000000000001 0.06979166666666667 0.08200000000000007
2 0.7627083333333334 0.5960416666666668 0.17979166666666657 0.20725000000000005
0 0.6699999999999999 0.5199166666666667 0.036249999999999956 0.07283333333333332
0 0.41343749999999996 0.5180833333333332 0.00625 0.021499999999999964
2 0.5113541666666667 0.5036666666666667 0.004166666666666667 0.01
2 0.56875 0.5175 0.01708333333333343 0.028333333333333332
2 0.4991145833333333 0.5091666666666667 0.005729166666666666 0.015
0 0.44833333333333336 0.5091666666666668 0.003541666666666643 0.01600000000000004
0 0.5813020833333333 0.5011666666666668 0.0067708333333333336 0.01
2 0.48244791666666664 0.5158333333333334 0.0109375 0.028333333333333332
2 0.6065104166666667 0.49916666666666665 0.033854166666666664 0.023333333333333334
2 0.56484375 0.50875 0.0140625 0.0225
2 0.5630208333333333 0.5120833333333333 0.00625 0.0225
2 0.5541666666666667 0.5054166666666666 0.008333333333333333 0.0175
2 0.6263020833333335 0.5475000000000001 0.04239583333333338 0.07600000000000004
5 0.6002604166666666 0.49933333333333335 0.02927083333333324 0.023333333333333334
0 0.3919270833333333 0.5291666666666667 0.0036458333333333334 0.035
