2 0.43350694444444443 0.5623611111111111 0.052083333333333336 0.06527777777777771
2 0.5019791666666666 0.5489999999999999 0.040625 0.051666666666666666
2 0.5741145833333334 0.5480833333333333 0.04677083333333343 0.061499999999999964
2 0.5498437500000002 0.5385833333333333 0.023854166666666763 0.037833333333333406
2 0.9796875 0.5366666666666666 0.040625 0.11166666666666666
2 0.4434375 0.5355 0.021458333333333357 0.026333333333333257
5 0.5460416666666668 0.5279166666666667 0.02958333333333331 0.04383333333333335
2 0.45578125 0.537 0.013645833333333357 0.022666666666666703
0 0.9434895833333333 0.571875 0.024479166666666666 0.12291666666666666
0 0.528125 0.5315833333333333 0.007083333333333286 0.025166666666666705
2 0.45807291666666666 0.5328333333333333 0.015104166666666667 0.022666666666666703
2 0.4661458333333333 0.5338333333333334 0.006458333333333321 0.021666666666666667
2 0.47958333333333336 0.5289166666666667 0.011041666666666691 0.015166666666666705
2 0.48609375000000005 0.5251666666666667 0.00635416666666669 0.011000000000000038
2 0.48651041666666667 0.5206666666666666 0.005729166666666666 0.010333333333333314
2 0.4926041666666666 0.5208333333333334 0.00625 0.007666666666666704
2 0.5244357638888889 0.5211805555555556 0.01467013888888887 0.019305555555555524
2 0.5050520833333334 0.5136666666666666 0.02010416666666668 0.00933333333333337
2 0.5138541666666667 0.52925 0.009375 0.014166666666666666
2 0.55671875 0.5303333333333333 0.005104166666666643 0.00933333333333337
2 0.5657812500000001 0.5481666666666666 0.030104166666666644 0.03866666666666665
2 0.49796875 0.5221666666666667 0.007395833333333357 0.005
