2 0.4276909722222222 0.5663888888888889 0.05503472222222226 0.06833333333333333
2 0.5036458333333333 0.5545833333333334 0.044375000000000026 0.055166666666666704
2 0.6448958333333333 0.5804166666666667 0.10395833333333329 0.13783333333333342
2 0.5710416666666667 0.5493333333333333 0.03895833333333343 0.056333333333333256
2 0.41348958333333335 0.5439166666666667 0.028645833333333332 0.040499999999999925
5 0.5602604166666667 0.5306666666666666 0.04031250000000005 0.062333333333333296
2 0.4375 0.5375833333333333 0.019999999999999987 0.019833333333333297
0 0.5358854166666667 0.5370833333333335 0.009270833333333428 0.03183333333333337
2 0.44583333333333336 0.53875 0.01875 0.029166666666666667
2 0.45536458333333335 0.5370833333333334 0.00947916666666669 0.026833333333333372
2 0.4758680555555556 0.5301388888888888 0.0125 0.01694444444444438
2 0.48411458333333335 0.528 0.008229166666666643 0.015
2 0.48515625 0.523 0.008437500000000023 0.015
2 0.49270833333333336 0.5219166666666667 0.008749999999999977 0.010166666666666704
2 0.5275 0.5232500000000001 0.018125000000000037 0.022833333333333313
2 0.5065104166666666 0.5149166666666667 0.02510416666666669 0.009166666666666667
2 0.51484375 0.5308333333333334 0.01260416666666669 0.016333333333333352
2 0.5880208333333333 0.5626666666666666 0.03104166666666662 0.062333333333333296
2 0.6097395833333332 0.5724166666666668 0.058229166666666644 0.07550000000000003
2 0.5008854166666666 0.5233333333333333 0.00947916666666669 0.008999999999999963
2 0.5541666666666667 0.5471666666666667 0.010000000000000024 0.03666666666666667
2 0.5343229166666668 0.5305 0.010520833333333358 0.015333333333333315
