2 0.4044270833333333 0.5691666666666667 0.06510416666666667 0.07666666666666666
2 0.49270833333333336 0.5533333333333333 0.04895833333333333 0.06
2 0.6247395833333333 0.5716666666666667 0.0953125 0.11666666666666667
2 0.3419270833333333 0.5620833333333334 0.0640625 0.0825
5 0.5776041666666667 0.5325 0.06875 0.09833333333333333
2 0.3893229166666667 0.5325 0.027604166666666666 0.01
0 0.5375 0.54 0.0125 0.04666666666666667
2 0.4078125 0.5245833333333333 0.026041666666666668 0.0125
2 0.42604166666666665 0.5366666666666666 0.017708333333333333 0.028333333333333332
2 0.46015625 0.5279166666666667 0.015104166666666667 0.0225
2 0.46875 0.5245833333333333 0.010416666666666666 0.0175
2 0.47239583333333335 0.51875 0.010416666666666666 0.0175
2 0.4828125 0.51875 0.009375 0.0125
2 0.5213541666666667 0.5208333333333334 0.020833333333333332 0.028333333333333332
2 0.4973958333333333 0.5104166666666666 0.025 0.0075
2 0.50546875 0.52625 0.0140625 0.019166666666666665
2 0.7471354166666667 0.6295833333333334 0.18385416666666668 0.2075
2 0.8752604166666667 0.7954166666666667 0.24947916666666667 0.4091666666666667
2 0.49166666666666664 0.5191666666666667 0.009375 0.01
2 0.5786458333333333 0.5645833333333333 0.028125 0.06583333333333333
2 0.5307291666666667 0.5291666666666667 0.0125 0.02
2 0.37395833333333334 0.5458333333333333 0.020833333333333332 0.023333333333333334
