2 0.4278645833333333 0.5666666666666667 0.0546875 0.06833333333333333
2 0.50390625 0.555 0.044270833333333336 0.055
2 0.6421875 0.5795833333333333 0.10208333333333333 0.13416666666666666
2 0.5705729166666667 0.5495833333333333 0.0390625 0.05583333333333333
2 0.41432291666666665 0.54375 0.028645833333333332 0.03916666666666667
5 0.56015625 0.5308333333333334 0.04010416666666667 0.06166666666666667
2 0.43854166666666666 0.54 0.020833333333333332 0.023333333333333334
0 0.5359375 0.5375 0.009375 0.03166666666666667
2 0.44609374999999996 0.5385 0.01864583333333331 0.028999999999999963
2 0.4557291666666667 0.5375 0.009375 0.02666666666666667
2 0.47608506944444445 0.5304861111111111 0.012239583333333333 0.016805555555555525
2 0.484375 0.5283333333333333 0.008333333333333333 0.015
2 0.48541666666666666 0.5233333333333333 0.008333333333333333 0.015
2 0.49296875 0.5225 0.008854166666666666 0.01
2 0.5278645833333333 0.52375 0.018229166666666668 0.0225
2 0.5067708333333333 0.5154166666666666 0.025 0.009166666666666667
2 0.5151041666666667 0.53125 0.0125 0.015833333333333335
2 0.58671875 0.5625 0.0296875 0.06166666666666667
2 0.61171875 0.5720833333333334 0.0640625 0.07416666666666667
2 0.5010416666666667 0.52375 0.009375 0.009166666666666667
2 0.55390625 0.5475 0.009895833333333333 0.03666666666666667
2 0.534375 0.5308333333333334 0.010416666666666666 0.015
