2 0.8770833333333333 0.7855555555555555 0.24583333333333332 0.4166666666666666
2 0.42829861111111106 0.558888888888889 0.0503472222222222 0.06388888888888886
2 0.49390625 0.5471666666666666 0.04052083333333337 0.04933333333333328
2 0.5576562499999999 0.5426666666666667 0.0398958333333334 0.05266666666666661
2 0.53796875 0.53525 0.021145833333333346 0.03449999999999998
2 0.9799479166666667 0.5595833333333333 0.04010416666666667 0.0375
2 0.9270833333333334 0.5329166666666667 0.10208333333333333 0.0975
2 0.43901041666666674 0.5329166666666667 0.01885416666666663 0.025833333333333333
5 0.5344791666666667 0.5249166666666667 0.026250000000000048 0.0425
2 0.45072916666666674 0.53375 0.0125 0.0225
0 0.8579427083333333 0.5541666666666667 0.026822916666666665 0.0875
0 0.5192187500000001 0.5289999999999999 0.0055208333333333455 0.02199999999999998
2 0.4527083333333334 0.53025 0.014374999999999952 0.021166666666666743
2 0.4601041666666667 0.531 0.00625 0.020333333333333408
2 0.47239583333333335 0.52675 0.009583333333333381 0.014833333333333296
2 0.4791145833333333 0.5234166666666666 0.005520833333333286 0.009166666666666667
2 0.4791145833333334 0.51975 0.005729166666666666 0.010833333333333334
2 0.4844270833333334 0.5184166666666666 0.0048958333333333805 0.0075
2 0.5161979166666667 0.5194166666666666 0.013229166666666714 0.01783333333333341
2 0.49734375 0.5125833333333333 0.021979166666666692 0.009166666666666667
2 0.5055208333333333 0.5280833333333333 0.009375 0.014166666666666666
2 0.5436979166666667 0.5279999999999999 0.0046875 0.008333333333333333
2 0.9971354166666667 0.5191666666666667 0.005729166666666666 0.06
2 0.5500520833333333 0.5444166666666667 0.025104166666666573 0.034166666666666665
