2 0.5028645833333333 0.5491666666666667 0.043229166666666666 0.055
2 0.17864583333333334 0.6241666666666666 0.18333333333333332 0.18166666666666667
2 0.28541666666666665 0.5879166666666666 0.10208333333333333 0.10916666666666666
2 0.33203125 0.5725 0.0546875 0.08333333333333333
2 0.3611979166666667 0.5583333333333333 0.05260416666666667 0.07166666666666667
2 0.38958333333333334 0.5541666666666667 0.029166666666666667 0.05333333333333334
2 0.4171875 0.54125 0.027083333333333334 0.04583333333333333
2 0.4466145833333333 0.55125 0.04010416666666667 0.050833333333333335
2 0.46796875 0.5320833333333334 0.0140625 0.019166666666666665
2 0.47604166666666664 0.5308333333333334 0.00625 0.015
2 0.85234375 0.7270833333333333 0.2953125 0.32416666666666666
2 0.69609375 0.6179166666666667 0.1515625 0.1575
2 0.6325520833333333 0.58125 0.08697916666666666 0.1075
2 0.5940104166666667 0.565 0.049479166666666664 0.07833333333333334
2 0.5859375 0.54875 0.05 0.07083333333333333
2 0.5567708333333333 0.5466666666666666 0.023958333333333335 0.04833333333333333
2 0.5481770833333334 0.5341666666666667 0.022395833333333334 0.03333333333333333
2 0.53203125 0.5291666666666667 0.0140625 0.02
2 0.6315104166666666 0.5104166666666666 0.0203125 0.014166666666666666
2 0.68125 0.5225 0.06354166666666666 0.03
2 0.7171875 0.52375 0.065625 0.034166666666666665
2 0.74609375 0.5254166666666666 0.09114583333333333 0.03916666666666667
2 0.7846354166666667 0.53125 0.08072916666666667 0.0475
2 0.8580729166666666 0.5308333333333334 0.10885416666666667 0.06333333333333334
2 0.8924479166666667 0.53875 0.07760416666666667 0.06416666666666666
2 0.6333333333333333 0.5195833333333333 0.014583333333333334 0.015833333333333335
0 0.61640625 0.5158333333333334 0.009895833333333333 0.023333333333333334
2 0.5239583333333333 0.5283333333333333 0.005208333333333333 0.016666666666666666
2 0.6528645833333333 0.5116666666666667 0.0234375 0.016666666666666666
2 0.91640625 0.5054166666666666 0.027604166666666666 0.014166666666666666
2 0.48098958333333336 0.52625 0.0078125 0.010833333333333334
