2 0.4986979166666667 0.54625 0.04114583333333333 0.0525
2 0.34453125 0.5604166666666667 0.0671875 0.08416666666666667
5 0.06510416666666667 0.56125 0.065625 0.12916666666666668
0 0.14947916666666666 0.5479166666666667 0.017708333333333333 0.0525
2 0.38125 0.55125 0.035416666666666666 0.0625
2 0.39505208333333336 0.5445833333333333 0.021354166666666667 0.049166666666666664
2 0.4041666666666667 0.54 0.025 0.04833333333333333
2 0.415625 0.5258333333333334 0.008333333333333333 0.011666666666666667
2 0.4317708333333333 0.52 0.01875 0.011666666666666667
2 0.4361979166666667 0.5504166666666667 0.044270833333333336 0.05416666666666667
2 0.46640625 0.5275 0.013020833333333334 0.016666666666666666
2 0.4739583333333333 0.52625 0.005208333333333333 0.0125
2 0.61953125 0.5791666666666667 0.0828125 0.095
2 0.5848958333333333 0.5620833333333334 0.051041666666666666 0.06916666666666667
2 0.571875 0.5516666666666666 0.04375 0.056666666666666664
2 0.553125 0.5454166666666667 0.021875 0.0475
2 0.5546875 0.5358333333333334 0.030208333333333334 0.043333333333333335
2 0.5385416666666667 0.5366666666666666 0.016666666666666666 0.035
2 0.5346354166666667 0.53 0.0171875 0.02666666666666667
2 0.5229166666666667 0.5258333333333334 0.011458333333333333 0.016666666666666666
2 0.6026041666666667 0.5129166666666667 0.025 0.0125
2 0.63203125 0.5225 0.043229166666666666 0.02
2 0.64921875 0.52375 0.04010416666666667 0.020833333333333332
2 0.6653645833333334 0.5254166666666666 0.05677083333333333 0.025833333333333333
2 0.6721354166666667 0.53875 0.0296875 0.03916666666666667
2 0.6958333333333333 0.5366666666666666 0.028125 0.05333333333333334
