2 0.375 0.5633333333333335 0.08906250000000006 0.1275
2 0.44830729166666666 0.533125 0.026302083333333393 0.032916666666666664
5 0.4998697916666667 0.5420833333333334 0.11067708333333327 0.1349999999999999
5 0.36809895833333334 0.5166666666666667 0.01484374999999994 0.020000000000000094
6 0.312890625 0.385 0.011197916666666726 0.03
6 0.21770833333333334 0.42270833333333335 0.018229166666666696 0.04958333333333333
6 0.497265625 0.40479166666666666 0.00859375000000006 0.036249999999999956
6 0.44192708333333336 0.40625 0.00625 0.035833333333333287
6 0.35494791666666664 0.47104166666666647 0.007291666666666667 0.02458333333333324
6 0.648046875 0.4639583333333334 0.008072916666666667 0.02625
6 0.6765625000000003 0.4327083333333333 0.011458333333333452 0.022916666666666665
