6 0.3067708333333333 0.15875 0.026041666666666668 0.10416666666666667
6 0.4875 0.12833333333333333 0.025 0.11666666666666667
2 0.4705729166666667 0.5325 0.005729166666666666 0.018333333333333333
5 0.3177083333333333 0.5258333333333334 0.03125 0.043333333333333335
5 0.50390625 0.5416666666666666 0.0828125 0.10333333333333333
2 0.446875 0.5358333333333334 0.015625 0.02
5 0.2877604166666667 0.52125 0.03177083333333333 0.025833333333333333
2 0.28020833333333334 0.5358333333333334 0.03958333333333333 0.035
5 0.18958333333333333 0.52 0.041666666666666664 0.045
5 0.21770833333333334 0.525 0.03854166666666667 0.03666666666666667
6 0.06302083333333333 0.36916666666666664 0.021875 0.06666666666666667
