6 0.31614583333333335 0.17625 0.026041666666666668 0.09583333333333334
6 0.4869791666666667 0.14916666666666667 0.026041666666666668 0.11
2 0.46979166666666666 0.5304166666666666 0.00625 0.0175
5 0.31927083333333334 0.5229166666666667 0.03125 0.04083333333333333
5 0.50328125 0.5414166666666667 0.08343750000000003 0.10333333333333333
2 0.4453125 0.5333333333333333 0.015625 0.02
5 0.28958333333333336 0.51875 0.03125 0.025833333333333333
2 0.2828645833333334 0.5362083333333333 0.03927083333333338 0.03475000000000004
5 0.19270833333333334 0.5191666666666667 0.03958333333333333 0.045
5 0.2202083333333333 0.5245000000000001 0.03791666666666664 0.03666666666666667
6 0.08307291666666666 0.37166666666666665 0.0203125 0.06666666666666667
