2 0.36124999999999996 0.5629166666666666 0.08229166666666667 0.12816666666666662
2 0.45328124999999997 0.5340833333333334 0.02322916666666662 0.031500000000000056
5 0.49796875000000007 0.5365833333333333 0.10656250000000002 0.1278333333333334
5 0.36614583333333334 0.5128333333333333 0.01708333333333337 0.012999999999999925
6 0.28885416666666663 0.37066666666666664 0.012083333333333298 0.03466666666666664
6 0.16557291666666665 0.40491666666666665 0.026354166666666647 0.056833333333333375
6 0.49588541666666663 0.39625 0.00947916666666663 0.03916666666666667
6 0.4364583333333334 0.39608333333333334 0.008541666666666715 0.0398333333333333
6 0.34229166666666655 0.4654166666666666 0.007916666666666631 0.027166666666666592
6 0.6624479166666667 0.45774999999999993 0.009270833333333428 0.031166666666666742
6 0.7085416666666667 0.40125 0.015416666666666738 0.05183333333333332
6 0.6722916666666665 0.3090833333333333 0.014166666666666572 0.03816666666666663
