2 0.08072916666666667 0.6375 0.16145833333333334 0.26166666666666666
2 0.20104166666666667 0.6595833333333333 0.24583333333333332 0.24916666666666668
2 0.43828125 0.5470833333333334 0.027604166666666666 0.034166666666666665
2 0.9361979166666666 0.83 0.12760416666666666 0.34
2 0.6388020833333333 0.6079166666666667 0.1140625 0.10583333333333333
2 0.57109375 0.5591666666666667 0.0546875 0.07833333333333334
2 0.55078125 0.5591666666666667 0.0421875 0.05333333333333334
2 0.48151041666666666 0.5445833333333333 0.019270833333333334 0.024166666666666666
2 0.5213541666666667 0.5554166666666667 0.015625 0.034166666666666665
2 0.4981770833333333 0.5354166666666667 0.0140625 0.020833333333333332
5 0.45677083333333335 0.53125 0.016666666666666666 0.030833333333333334
2 0.47604166666666664 0.5416666666666666 0.015625 0.023333333333333334
0 0.6065104166666667 0.5408333333333334 0.0109375 0.035
2 0.5325520833333334 0.5533333333333333 0.0140625 0.043333333333333335
0 0.72578125 0.5725 0.0078125 0.07166666666666667
2 0.50703125 0.5395833333333333 0.011979166666666667 0.0175
2 0.39739583333333334 0.56375 0.04791666666666667 0.060833333333333336
0 0.7221354166666667 0.54375 0.008854166666666666 0.029166666666666667
5 0.40703125 0.5279166666666667 0.043229166666666666 0.06416666666666666
2 0.3653645833333333 0.5604166666666667 0.024479166666666666 0.04083333333333333
0 0.81015625 0.5795833333333333 0.022395833333333334 0.13583333333333333
2 0.33515625 0.5708333333333333 0.049479166666666664 0.056666666666666664
2 0.45390625 0.5441666666666667 0.0078125 0.02
