2 0.013802083333333333 0.70125 0.027604166666666666 0.18416666666666667
2 0.13671875 0.63875 0.2171875 0.21583333333333332
0 0.38046875 0.5679166666666666 0.0171875 0.0575
0 0.3640625 0.5666666666666667 0.0125 0.043333333333333335
0 0.3536458333333333 0.565 0.009375 0.04
5 0.47161458333333334 0.5266666666666666 0.005729166666666666 0.025
2 0.4666666666666667 0.5458333333333333 0.013541666666666667 0.02
2 0.45078125 0.5441666666666667 0.021354166666666667 0.03166666666666667
2 0.45078125 0.54875 0.013020833333333334 0.024166666666666666
2 0.43723958333333335 0.55125 0.021354166666666667 0.029166666666666667
2 0.60234375 0.56 0.0578125 0.07833333333333334
2 0.41302083333333334 0.56 0.027083333333333334 0.04
5 0.48515625 0.5283333333333333 0.024479166666666666 0.058333333333333334
2 0.4973958333333333 0.545 0.0375 0.03166666666666667
5 0.5924479166666666 0.5166666666666667 0.0796875 0.06166666666666667
2 0.5703125 0.5608333333333333 0.023958333333333335 0.04833333333333333
0 0.68828125 0.56125 0.016145833333333335 0.06583333333333333
2 0.3953125 0.5695833333333333 0.040625 0.04583333333333333
0 0.5359375 0.545 0.007291666666666667 0.03666666666666667
5 0.5013020833333334 0.5266666666666666 0.0078125 0.008333333333333333
2 0.5138020833333333 0.5383333333333333 0.009895833333333333 0.013333333333333334
2 0.5114583333333333 0.5325 0.007291666666666667 0.005
2 0.5333333333333333 0.5404166666666667 0.005208333333333333 0.0175
2 0.5453125 0.5391666666666667 0.017708333333333333 0.03
2 0.5158854166666667 0.52875 0.015104166666666667 0.0125
2 0.56484375 0.5554166666666667 0.0234375 0.04416666666666667
2 0.5528645833333333 0.5575 0.0036458333333333334 0.023333333333333334
0 0.020052083333333335 0.6779166666666666 0.034895833333333334 0.17083333333333334
2 0.43307291666666664 0.56 0.009895833333333333 0.023333333333333334
2 0.42890625 0.5591666666666667 0.0109375 0.03
