2 0.07942708333333333 0.6391666666666667 0.15885416666666666 0.265
2 0.1953125 0.6633333333333333 0.25416666666666665 0.25666666666666665
2 0.4395833333333333 0.5470833333333334 0.028125 0.034166666666666665
2 0.9442708333333333 0.8408333333333333 0.11145833333333334 0.31833333333333336
2 0.6419270833333334 0.6091666666666666 0.11614583333333334 0.10666666666666667
2 0.5729166666666666 0.5591666666666667 0.053125 0.07833333333333334
2 0.55234375 0.5595833333333333 0.044270833333333336 0.05416666666666667
2 0.4825520833333333 0.5445833333333333 0.019270833333333334 0.024166666666666666
2 0.5223958333333333 0.5554166666666667 0.015625 0.034166666666666665
2 0.49947916666666664 0.5329166666666667 0.013541666666666667 0.0175
5 0.4578125 0.5304166666666666 0.016666666666666666 0.030833333333333334
2 0.47760416666666666 0.5416666666666666 0.016666666666666666 0.023333333333333334
0 0.6083333333333333 0.54125 0.011458333333333333 0.035833333333333335
2 0.5341145833333333 0.55375 0.013020833333333334 0.04416666666666667
0 0.7294270833333333 0.575 0.0078125 0.07333333333333333
2 0.5078125 0.5395833333333333 0.011458333333333333 0.0175
2 0.39869791666666665 0.5641666666666667 0.0484375 0.06166666666666667
0 0.7252604166666666 0.5441666666666667 0.0078125 0.025
5 0.4080729166666667 0.5279166666666667 0.0421875 0.06416666666666666
2 0.36640625 0.56125 0.024479166666666666 0.0425
0 0.8161458333333333 0.5795833333333333 0.025 0.1375
2 0.33671875 0.5725 0.049479166666666664 0.058333333333333334
2 0.4549479166666667 0.545 0.0078125 0.02
