2 0.14140625 0.675 0.0390625 0.023333333333333334
5 0.10598958333333333 0.5 0.21197916666666666 1.0
2 0.24973958333333332 0.6283333333333333 0.1734375 0.19333333333333333
2 0.42421875 0.54375 0.0265625 0.0325
2 0.8721354166666667 0.75625 0.2557291666666667 0.4875
2 0.6072916666666667 0.5966666666666667 0.1 0.09333333333333334
2 0.5502604166666667 0.5545833333333333 0.050520833333333334 0.07416666666666667
2 0.53125 0.555 0.040625 0.05
2 0.46484375 0.5425 0.018229166666666668 0.023333333333333334
2 0.5026041666666666 0.55125 0.013541666666666667 0.034166666666666665
2 0.4817708333333333 0.5316666666666666 0.016666666666666666 0.02
5 0.44114583333333335 0.5295833333333333 0.016666666666666666 0.030833333333333334
2 0.45989583333333334 0.5383333333333333 0.015625 0.021666666666666667
0 0.5854166666666667 0.53625 0.011458333333333333 0.029166666666666667
2 0.515625 0.5508333333333333 0.014583333333333334 0.04666666666666667
2 0.4903645833333333 0.5366666666666666 0.011979166666666667 0.016666666666666666
2 0.38567708333333334 0.5591666666666667 0.049479166666666664 0.055
5 0.39296875 0.525 0.04114583333333333 0.06333333333333334
2 0.3528645833333333 0.55625 0.024479166666666666 0.0375
0 0.7513020833333334 0.5666666666666667 0.013020833333333334 0.11833333333333333
2 0.33203125 0.5654166666666667 0.033854166666666664 0.050833333333333335
2 0.43776041666666665 0.5416666666666666 0.008854166666666666 0.018333333333333333
