2 0.82421875 0.6920833333333334 0.2828125 0.22083333333333333
2 0.32473958333333336 0.5816666666666667 0.06614583333333333 0.07833333333333334
2 0.390625 0.5766666666666667 0.07083333333333333 0.09
2 0.36111111111111105 0.5548611111111111 0.01701388888888887 0.0275
5 0.42682291666666666 0.5291666666666667 0.049479166666666664 0.08
2 0.45546875 0.5491666666666667 0.0359375 0.04
2 0.5111979166666667 0.5454166666666667 0.021354166666666667 0.025833333333333333
2 0.4765625 0.5458333333333333 0.013541666666666667 0.025
2 0.48151041666666666 0.54125 0.0036458333333333334 0.014166666666666666
2 0.5 0.5404166666666667 0.025 0.025833333333333333
5 0.48359375 0.5295833333333333 0.018229166666666668 0.034166666666666665
2 0.6322916666666667 0.5708333333333333 0.08125 0.11
0 0.671875 0.5508333333333333 0.013541666666666667 0.055
2 0.58984375 0.5675 0.0390625 0.06833333333333333
2 0.5791666666666667 0.5595833333333333 0.03333333333333333 0.059166666666666666
2 0.559375 0.5595833333333333 0.021875 0.04083333333333333
2 0.5390625 0.53875 0.014583333333333334 0.019166666666666665
2 0.5309895833333333 0.5383333333333333 0.0067708333333333336 0.016666666666666666
2 0.49895833333333334 0.52875 0.0125 0.010833333333333334
2 0.5216145833333333 0.5291666666666667 0.0109375 0.013333333333333334
2 0.5268229166666667 0.5354166666666667 0.0067708333333333336 0.014166666666666666
2 0.5111979166666667 0.52625 0.008854166666666666 0.010833333333333334
0 0.9361979166666666 0.585 0.03177083333333333 0.135
0 0.8723958333333334 0.5645833333333333 0.028125 0.07083333333333333
0 0.5588541666666667 0.5341666666666667 0.019791666666666666 0.018333333333333333
0 0.22005208333333334 0.5895833333333333 0.0109375 0.0775
0 0.20729166666666668 0.5808333333333333 0.013541666666666667 0.07666666666666666
0 0.20598958333333334 0.5933333333333334 0.019270833333333334 0.07666666666666666
0 0.07604166666666666 0.6266666666666667 0.0375 0.13833333333333334
0 0.008854166666666666 0.6208333333333333 0.017708333333333333 0.12833333333333333
0 0.03723958333333333 0.6241666666666666 0.0359375 0.13666666666666666
0 0.07161458333333333 0.625 0.027604166666666666 0.125
