2 0.4434895833333333 0.5479166666666667 0.0140625 0.025833333333333333
2 0.42109375 0.5475 0.034895833333333334 0.051666666666666666
2 0.41692708333333334 0.5545833333333333 0.024479166666666666 0.04083333333333333
2 0.39114583333333336 0.56375 0.042708333333333334 0.0575
2 0.2669270833333333 0.60125 0.10677083333333333 0.10916666666666666
5 0.47161458333333334 0.525 0.04635416666666667 0.095
2 0.5848958333333333 0.5433333333333333 0.023958333333333335 0.04
5 0.70390625 0.5120833333333333 0.20052083333333334 0.15083333333333335
2 0.8640625 0.7195833333333334 0.271875 0.30416666666666664
2 0.134375 0.6654166666666667 0.20520833333333333 0.1675
0 0.59921875 0.5633333333333334 0.015104166666666667 0.08666666666666667
5 0.49973958333333335 0.5266666666666666 0.011979166666666667 0.02
2 0.5166666666666667 0.5366666666666666 0.0125 0.016666666666666666
2 0.5111979166666667 0.5345833333333333 0.005729166666666666 0.015833333333333335
2 0.53359375 0.5320833333333334 0.0109375 0.0125
2 0.5799479166666667 0.5275 0.027604166666666666 0.025
2 0.5192708333333333 0.5270833333333333 0.029166666666666667 0.0175
0 0.7677083333333333 0.54125 0.01875 0.030833333333333334
2 0.7244791666666667 0.6258333333333334 0.14479166666666668 0.15666666666666668
2 0.6658854166666667 0.5895833333333333 0.09739583333333333 0.11083333333333334
2 0.346875 0.5804166666666667 0.057291666666666664 0.060833333333333336
2 0.32734375 0.5970833333333333 0.05260416666666667 0.06583333333333333
0 0.15364583333333334 0.5741666666666667 0.009375 0.015
0 0.6450520833333333 0.5320833333333334 0.0067708333333333336 0.0175
0 0.19765625 0.5745833333333333 0.024479166666666666 0.0475
2 0.5505208333333333 0.5433333333333333 0.009375 0.028333333333333332
0 0.6145833333333334 0.57125 0.0125 0.06416666666666666
0 0.5591145833333333 0.5629166666666666 0.016145833333333335 0.0625
2 0.4981770833333333 0.5358333333333334 0.008854166666666666 0.015
0 0.5677083333333334 0.5604166666666667 0.011458333333333333 0.0675
0 0.5734375 0.5645833333333333 0.011458333333333333 0.06916666666666667
2 0.53984375 0.5391666666666667 0.0109375 0.021666666666666667
2 0.5463541666666667 0.5404166666666667 0.011458333333333333 0.024166666666666666
0 0.63203125 0.5475 0.0109375 0.02666666666666667
0 0.5895833333333333 0.5641666666666667 0.010416666666666666 0.06333333333333334
