2 0.06588541666666667 0.6908333333333333 0.13177083333333334 0.21666666666666667
2 0.15885416666666666 0.6295833333333334 0.15104166666666666 0.1525
2 0.27369791666666665 0.59375 0.10572916666666667 0.12416666666666666
0 0.4231770833333333 0.55 0.013020833333333334 0.04666666666666667
0 0.39010416666666664 0.5525 0.008333333333333333 0.03833333333333333
0 0.378125 0.5420833333333334 0.008333333333333333 0.015833333333333335
5 0.47552083333333334 0.52 0.005208333333333333 0.025
2 0.4713541666666667 0.5366666666666666 0.0125 0.016666666666666666
2 0.45677083333333335 0.535 0.019791666666666666 0.02666666666666667
2 0.45546875 0.5408333333333334 0.015104166666666667 0.025
2 0.44557291666666665 0.5425 0.019270833333333334 0.02666666666666667
2 0.5840104166666666 0.5495833333333333 0.04656250000000005 0.0625
2 0.42604166666666665 0.5483333333333333 0.023958333333333335 0.03333333333333333
5 0.48828125 0.5233333333333333 0.0234375 0.051666666666666666
2 0.4953125 0.5375 0.027083333333333334 0.02666666666666667
5 0.5815104166666667 0.515 0.06510416666666667 0.058333333333333334
2 0.5611979166666666 0.55 0.018229166666666668 0.04
0 0.6697916666666667 0.5479166666666667 0.011458333333333333 0.05583333333333333
2 0.41380208333333335 0.55625 0.03177083333333333 0.03916666666666667
0 0.5377604166666666 0.53625 0.0067708333333333336 0.0275
5 0.5033854166666667 0.5233333333333333 0.0067708333333333336 0.015
2 0.51484375 0.5320833333333334 0.009895833333333333 0.0125
2 0.5125 0.53 0.008333333333333333 0.013333333333333334
2 0.5328125 0.5333333333333333 0.004166666666666667 0.016666666666666666
2 0.5453125 0.5325 0.011458333333333333 0.02666666666666667
2 0.5174479166666667 0.5225 0.018229166666666668 0.011666666666666667
2 0.55546875 0.545 0.0140625 0.035
2 0.5484375 0.5475 0.004166666666666667 0.02666666666666667
0 0.22265625 0.6070833333333333 0.022395833333333334 0.10083333333333333
