2 0.18515625 0.6270833333333333 0.19322916666666667 0.1825
2 0.2984375 0.58125 0.04895833333333333 0.09916666666666667
5 0.3997395833333333 0.52125 0.20364583333333333 0.37416666666666665
2 0.5067708333333333 0.5304166666666666 0.013541666666666667 0.0225
2 0.7372395833333333 0.5770833333333333 0.14947916666666666 0.16416666666666666
2 0.6346354166666667 0.5654166666666667 0.05572916666666667 0.05583333333333333
2 0.6044270833333333 0.5420833333333334 0.0359375 0.0525
2 0.59140625 0.5425 0.0296875 0.03666666666666667
2 0.5346354166666667 0.5329166666666667 0.015104166666666667 0.020833333333333332
2 0.5684895833333333 0.5416666666666666 0.0109375 0.023333333333333334
2 0.54609375 0.525 0.015104166666666667 0.02
5 0.5111979166666667 0.52 0.013020833333333334 0.025
2 0.5302083333333333 0.5295833333333333 0.014583333333333334 0.019166666666666665
0 0.1078125 0.5783333333333334 0.025 0.075
2 0.13098958333333333 0.5558333333333333 0.058854166666666666 0.04
0 0.12135416666666667 0.55625 0.014583333333333334 0.04083333333333333
0 0.14088541666666668 0.5541666666666667 0.019270833333333334 0.04
0 0.7604166666666666 0.5975 0.03958333333333333 0.15166666666666667
0 0.053385416666666664 0.5566666666666666 0.016145833333333335 0.041666666666666664
0 0.6354166666666666 0.5279166666666667 0.008333333333333333 0.019166666666666665
2 0.5796875 0.5395833333333333 0.0125 0.035833333333333335
0 0.66875 0.545 0.008333333333333333 0.041666666666666664
2 0.5544270833333333 0.52875 0.0109375 0.015833333333333335
0 0.8119357638888889 0.611388888888889 0.022135416666666668 0.01777777777777781
