2 0.92578125 0.80625 0.1484375 0.31416666666666665
2 0.8174479166666667 0.675 0.23802083333333332 0.22166666666666668
2 0.7052083333333333 0.6145833333333334 0.12916666666666668 0.14416666666666667
5 0.7341145833333333 0.5108333333333334 0.24322916666666666 0.16
2 0.08229166666666667 0.70875 0.16458333333333333 0.2175
2 0.2125 0.6325 0.14479166666666668 0.14666666666666667
2 0.3026041666666667 0.61375 0.06041666666666667 0.0775
2 0.33046875 0.5925 0.0609375 0.07
2 0.37890625 0.5741666666666667 0.0484375 0.06
2 0.40989583333333335 0.5645833333333333 0.028125 0.04583333333333333
2 0.41692708333333334 0.5545833333333333 0.03697916666666667 0.05416666666666667
5 0.46822916666666664 0.53125 0.053125 0.10583333333333333
2 0.44088541666666664 0.5545833333333333 0.013020833333333334 0.0275
2 0.49895833333333334 0.5429166666666667 0.009375 0.015833333333333335
0 0.8080729166666667 0.54875 0.019270833333333334 0.030833333333333334
0 0.6421875 0.58625 0.011458333333333333 0.07583333333333334
0 0.625 0.5791666666666667 0.025 0.1
0 0.13046875 0.5954166666666667 0.030729166666666665 0.06583333333333333
0 0.56640625 0.5775 0.0171875 0.07333333333333333
0 0.5747395833333333 0.57125 0.0109375 0.08416666666666667
0 0.5979166666666667 0.5816666666666667 0.014583333333333334 0.058333333333333334
0 0.6604166666666667 0.5504166666666667 0.013541666666666667 0.04083333333333333
0 0.6356770833333333 0.58 0.0109375 0.075
0 0.5833333333333334 0.5779166666666666 0.014583333333333334 0.07083333333333333
0 0.5885416666666666 0.5775 0.009375 0.065
2 0.5893229166666667 0.5358333333333334 0.0328125 0.021666666666666667
2 0.5583333333333333 0.5554166666666667 0.009375 0.029166666666666667
2 0.5591145833333333 0.54625 0.0203125 0.0325
2 0.5473958333333333 0.5475 0.007291666666666667 0.025
2 0.51796875 0.5433333333333333 0.011979166666666667 0.016666666666666666
2 0.5403645833333334 0.5491666666666667 0.0078125 0.016666666666666666
2 0.5330729166666667 0.5370833333333334 0.015104166666666667 0.019166666666666665
5 0.5010416666666667 0.5341666666666667 0.010416666666666666 0.021666666666666667
2 0.51484375 0.54125 0.009895833333333333 0.015833333333333335
0 0.28072916666666664 0.5629166666666666 0.016666666666666666 0.029166666666666667
0 0.08723958333333333 0.59 0.0140625 0.021666666666666667
0 0.0703125 0.59125 0.020833333333333332 0.020833333333333332
0 0.6111979166666667 0.5691666666666667 0.013020833333333334 0.07
0 0.6018229166666667 0.5716666666666667 0.011979166666666667 0.06833333333333333
0 0.29466145833333335 0.5614583333333333 0.012760416666666666 0.02125
0 0.016145833333333335 0.5870833333333333 0.017708333333333333 0.035833333333333335
0 0.011197916666666667 0.5933333333333334 0.022395833333333334 0.02666666666666667
0 0.03567708333333333 0.5929166666666666 0.011458333333333333 0.014166666666666666
2 0.04921875 0.5816666666666667 0.009895833333333333 0.02
0 0.09895833333333333 0.5895833333333333 0.016666666666666666 0.0175
0 0.11197916666666667 0.5933333333333334 0.011458333333333333 0.028333333333333332
