0 0.16328125 0.6195833333333334 0.024479166666666666 0.11083333333333334
0 0.12994791666666666 0.6216666666666667 0.028645833333333332 0.105
2 0.4518229166666667 0.5558333333333333 0.013020833333333334 0.028333333333333332
2 0.43125 0.5541666666666667 0.030208333333333334 0.045
2 0.42552083333333335 0.5620833333333334 0.022916666666666665 0.0375
2 0.40703125 0.5683333333333334 0.0328125 0.045
2 0.8734375 0.6891666666666667 0.253125 0.39666666666666667
2 0.32916666666666666 0.5941666666666666 0.06354166666666666 0.08
5 0.47760416666666666 0.5345833333333333 0.03854166666666667 0.0825
2 0.54296875 0.5583333333333333 0.034895833333333334 0.04666666666666667
5 0.6619791666666667 0.5233333333333333 0.15833333333333333 0.11666666666666667
2 0.7122395833333334 0.6291666666666667 0.14635416666666667 0.145
2 0.25833333333333336 0.6266666666666667 0.11458333333333333 0.11166666666666666
0 0.57421875 0.5629166666666666 0.0171875 0.06916666666666667
5 0.5010416666666667 0.5366666666666666 0.010416666666666666 0.02
2 0.51640625 0.5458333333333333 0.011979166666666667 0.015
2 0.5140625 0.5425 0.011458333333333333 0.016666666666666666
2 0.53203125 0.5404166666666667 0.008854166666666666 0.0125
2 0.57109375 0.53125 0.025520833333333333 0.0075
2 0.51796875 0.53625 0.024479166666666666 0.0175
0 0.7151041666666667 0.5470833333333334 0.01875 0.0275
2 0.64921875 0.59875 0.07760416666666667 0.10083333333333333
2 0.6291666666666667 0.5833333333333334 0.07395833333333333 0.085
2 0.37473958333333335 0.5795833333333333 0.043229166666666666 0.050833333333333335
2 0.36666666666666664 0.5908333333333333 0.03229166666666667 0.051666666666666666
0 0.24713541666666666 0.5733333333333334 0.009895833333333333 0.013333333333333334
0 0.6325520833333333 0.5354166666666667 0.005729166666666666 0.0125
0 0.27369791666666665 0.5641666666666667 0.019270833333333334 0.025
0 0.5838541666666667 0.5708333333333333 0.008333333333333333 0.055
0 0.5515625 0.5654166666666667 0.016666666666666666 0.0525
2 0.49921875 0.5445833333333333 0.0067708333333333336 0.014166666666666666
0 0.5622395833333333 0.5620833333333334 0.0109375 0.05583333333333333
0 0.5684895833333333 0.5670833333333334 0.008854166666666666 0.05583333333333333
