2 0.11588541666666667 0.6254166666666666 0.1203125 0.2325
5 0.0875 0.43375 0.175 0.8675
2 0.24505208333333334 0.6366666666666667 0.17864583333333334 0.20666666666666667
2 0.4276041666666667 0.5445833333333333 0.027083333333333334 0.034166666666666665
2 0.8846354166666667 0.76375 0.23072916666666668 0.4725
2 0.6145833333333334 0.6004166666666667 0.103125 0.09583333333333334
2 0.5549479166666667 0.5554166666666667 0.05260416666666667 0.07416666666666667
2 0.5361979166666667 0.5566666666666666 0.04114583333333333 0.051666666666666666
2 0.46901041666666665 0.5429166666666667 0.019270833333333334 0.024166666666666666
2 0.5078125 0.5525 0.015625 0.03166666666666667
2 0.4864583333333333 0.5316666666666666 0.015625 0.02
5 0.44505208333333335 0.5295833333333333 0.0171875 0.030833333333333334
2 0.46432291666666664 0.54 0.016145833333333335 0.023333333333333334
0 0.590625 0.5383333333333333 0.009375 0.03
2 0.5197916666666667 0.55125 0.014583333333333334 0.0425
2 0.4940104166666667 0.53625 0.011979166666666667 0.0175
2 0.38828125 0.5608333333333333 0.0484375 0.056666666666666664
5 0.3966145833333333 0.52625 0.0421875 0.0625
2 0.35598958333333336 0.5575 0.024479166666666666 0.03833333333333333
0 0.7653645833333333 0.5716666666666667 0.0171875 0.125
2 0.33255208333333336 0.5675 0.0390625 0.051666666666666666
2 0.44192708333333336 0.5425 0.0078125 0.02
0 0.17838541666666666 0.5679166666666666 0.0046875 0.030833333333333334
