2 0.06328125 0.6904166666666667 0.1265625 0.21916666666666668
2 0.20104166666666667 0.6204166666666666 0.159375 0.18416666666666667
0 0.3984375 0.5654166666666667 0.015625 0.05416666666666667
0 0.37421875 0.5645833333333333 0.0109375 0.04416666666666667
0 0.36302083333333335 0.5575 0.009375 0.021666666666666667
5 0.4739583333333333 0.5266666666666666 0.00625 0.018333333333333333
2 0.46848958333333335 0.5470833333333334 0.016145833333333335 0.0175
2 0.4544270833333333 0.5429166666666667 0.021354166666666667 0.029166666666666667
2 0.453125 0.5495833333333333 0.015625 0.025833333333333333
2 0.44166666666666665 0.55125 0.023958333333333335 0.0275
2 0.5971354166666667 0.5583333333333333 0.0546875 0.07333333333333333
2 0.4192708333333333 0.5604166666666667 0.029166666666666667 0.03916666666666667
5 0.48776041666666664 0.5295833333333333 0.0265625 0.0575
2 0.49713541666666666 0.5458333333333333 0.0328125 0.028333333333333332
5 0.5895833333333333 0.51625 0.078125 0.05416666666666667
2 0.5682291666666667 0.5595833333333333 0.022916666666666665 0.04583333333333333
0 0.6848958333333334 0.5566666666666666 0.01875 0.065
2 0.4036458333333333 0.56875 0.036458333333333336 0.04583333333333333
0 0.5364583333333334 0.54625 0.007291666666666667 0.034166666666666665
5 0.5036458333333333 0.5283333333333333 0.007291666666666667 0.01
2 0.515625 0.54 0.009375 0.013333333333333334
2 0.5125 0.535 0.008333333333333333 0.006666666666666667
2 0.5341145833333333 0.5408333333333334 0.0036458333333333334 0.016666666666666666
2 0.5450520833333333 0.5404166666666667 0.0171875 0.0275
2 0.5171875 0.5304166666666666 0.017708333333333333 0.014166666666666666
0 0.6218863224637681 0.5486956521739127 0.010076992753622942 0.03768115942028989
2 0.5606770833333333 0.5570833333333334 0.0171875 0.0425
2 0.55234375 0.5583333333333333 0.0046875 0.023333333333333334
0 0.10833333333333334 0.6545833333333333 0.03229166666666667 0.1475
2 0.4356770833333333 0.55875 0.011979166666666667 0.020833333333333332
