2 0.08828125 0.6808333333333333 0.1765625 0.18666666666666668
2 0.19713541666666667 0.62125 0.11927083333333334 0.13083333333333333
2 0.2869791666666667 0.5875 0.10208333333333333 0.11666666666666667
0 0.43020833333333336 0.5554166666666667 0.010416666666666666 0.04416666666666667
0 0.3927083333333333 0.5591666666666667 0.009375 0.03666666666666667
0 0.3809895833333333 0.5491666666666667 0.008854166666666666 0.011666666666666667
5 0.4747395833333333 0.5295833333333333 0.0067708333333333336 0.020833333333333332
2 0.47109375 0.54375 0.011979166666666667 0.015833333333333335
2 0.45677083333333335 0.5425 0.01875 0.028333333333333332
2 0.45677083333333335 0.5483333333333333 0.0125 0.025
2 0.44557291666666665 0.54875 0.021354166666666667 0.025833333333333333
2 0.5791666666666667 0.5577777777777777 0.04201388888888893 0.06222222222222219
2 0.4276041666666667 0.5554166666666667 0.025 0.030833333333333334
5 0.48802083333333335 0.5295833333333333 0.023958333333333335 0.049166666666666664
2 0.4934895833333333 0.5445833333333333 0.0265625 0.024166666666666666
5 0.5786458333333333 0.5229166666666667 0.0625 0.05416666666666667
2 0.5580729166666667 0.55625 0.018229166666666668 0.03916666666666667
0 0.6609375 0.55625 0.0125 0.050833333333333335
2 0.41484375 0.5616666666666666 0.0296875 0.04
0 0.5361979166666667 0.5441666666666667 0.005729166666666666 0.03166666666666667
5 0.50234375 0.5320833333333334 0.0067708333333333336 0.0175
2 0.5138020833333333 0.54 0.009895833333333333 0.013333333333333334
2 0.5114583333333333 0.5370833333333334 0.008333333333333333 0.0125
2 0.5317708333333333 0.5408333333333334 0.00625 0.016666666666666666
2 0.5432291666666667 0.53875 0.011458333333333333 0.024166666666666666
2 0.51484375 0.53 0.018229166666666668 0.013333333333333334
2 0.553125 0.5525 0.015625 0.035
2 0.5453125 0.5558333333333333 0.004166666666666667 0.023333333333333334
