0 0.12447916666666667 0.6320833333333333 0.028125 0.13083333333333333
0 0.26328125 0.5966666666666667 0.0203125 0.07833333333333334
0 0.23880208333333333 0.5816666666666667 0.0203125 0.041666666666666664
2 0.45598958333333334 0.55625 0.0140625 0.025833333333333333
2 0.43671875 0.555 0.0265625 0.04
2 0.43411458333333336 0.5616666666666666 0.018229166666666668 0.03333333333333333
2 0.41692708333333334 0.5654166666666667 0.027604166666666666 0.0375
2 0.7239583333333334 0.6125 0.16666666666666666 0.18333333333333332
2 0.36484375 0.5825 0.0484375 0.06
5 0.4786458333333333 0.5379166666666667 0.036458333333333336 0.07416666666666667
2 0.5197916666666667 0.5583333333333333 0.051041666666666666 0.04
5 0.628125 0.53625 0.12083333333333333 0.10916666666666666
2 0.6338541666666667 0.5975 0.07708333333333334 0.09166666666666666
0 0.85 0.6254166666666666 0.06145833333333333 0.15583333333333332
2 0.32369791666666664 0.6029166666666667 0.07447916666666667 0.0775
0 0.55234375 0.5616666666666666 0.0109375 0.056666666666666664
5 0.49947916666666664 0.5391666666666667 0.009375 0.02
2 0.5401041666666667 0.5433333333333333 0.004166666666666667 0.006666666666666667
2 0.5583333333333333 0.5404166666666667 0.034375 0.0175
2 0.515625 0.5354166666666667 0.019791666666666666 0.009166666666666667
2 0.6005208333333333 0.5841666666666666 0.040625 0.07333333333333333
2 0.5958333333333333 0.5745833333333333 0.05416666666666667 0.06416666666666666
2 0.3963541666666667 0.575 0.03125 0.041666666666666664
2 0.3919270833333333 0.5825 0.0234375 0.043333333333333335
0 0.30234375 0.5779166666666666 0.013020833333333334 0.0375
0 0.6145833333333334 0.5391666666666667 0.007291666666666667 0.013333333333333334
0 0.3216145833333333 0.5616666666666666 0.009895833333333333 0.016666666666666666
0 0.56015625 0.5679166666666666 0.005729166666666666 0.0425
0 0.5455729166666666 0.5608333333333333 0.008854166666666666 0.04666666666666667
2 0.4981770833333333 0.5441666666666667 0.0046875 0.008333333333333333
