2 0.9421875 0.76375 0.115625 0.2725
5 0.8447916666666667 0.5020833333333333 0.3104166666666667 0.3125
2 0.09817708333333333 0.695 0.19635416666666666 0.17666666666666667
2 0.21484375 0.6245833333333334 0.1328125 0.11916666666666667
2 0.33359375 0.58375 0.07135416666666666 0.0875
2 0.38203125 0.56625 0.0421875 0.060833333333333336
2 0.3971354166666667 0.5516666666666666 0.04739583333333333 0.06833333333333333
5 0.4546875 0.5225 0.07708333333333334 0.15333333333333332
2 0.42291666666666666 0.5429166666666667 0.005208333333333333 0.0125
2 0.49895833333333334 0.5333333333333333 0.013541666666666667 0.018333333333333333
0 0.8614583333333333 0.6445833333333333 0.046875 0.17916666666666667
0 0.8197916666666667 0.62 0.0625 0.22
0 0.6299479166666667 0.6008333333333333 0.027604166666666666 0.13333333333333333
0 0.6369791666666667 0.58625 0.021875 0.13916666666666666
0 0.66796875 0.5995833333333334 0.0171875 0.0975
0 0.75078125 0.5954166666666667 0.03697916666666667 0.1775
0 0.69375 0.5970833333333333 0.03333333333333333 0.13583333333333333
0 0.6463541666666667 0.6029166666666667 0.017708333333333333 0.1025
0 0.6518229166666667 0.5858333333333333 0.018229166666666668 0.125
2 0.6125 0.55125 0.059375 0.08083333333333333
2 0.5763020833333333 0.55125 0.022395833333333334 0.0325
2 0.5708333333333333 0.53875 0.025 0.03916666666666667
2 0.56328125 0.5404166666666667 0.0234375 0.030833333333333334
2 0.5221354166666666 0.535 0.013020833333333334 0.018333333333333333
2 0.5484375 0.5395833333333333 0.009375 0.020833333333333332
2 0.5375 0.5270833333333333 0.016666666666666666 0.0175
5 0.5033854166666667 0.525 0.011979166666666667 0.023333333333333334
2 0.5184895833333333 0.5325 0.0109375 0.018333333333333333
0 0.18020833333333333 0.565 0.01875 0.03166666666666667
0 0.68515625 0.5454166666666667 0.0171875 0.049166666666666664
0 0.6625 0.5633333333333334 0.015625 0.075
0 0.26223958333333336 0.5633333333333334 0.013020833333333334 0.035
0 0.2518229166666667 0.5670833333333334 0.0109375 0.0425
0 0.6 0.595 0.025 0.11666666666666667
0 0.7645833333333333 0.6029166666666667 0.034375 0.14416666666666667
0 0.2864583333333333 0.5766666666666667 0.010416666666666666 0.06333333333333334
0 0.21848958333333332 0.55875 0.013020833333333334 0.0175
0 0.6182291666666667 0.58625 0.020833333333333332 0.1275
2 0.21640625 0.5570833333333334 0.03697916666666667 0.019166666666666665
0 0.24036458333333333 0.55625 0.0078125 0.0175
0 0.19609375 0.56125 0.0109375 0.019166666666666665
0 0.290625 0.5570833333333334 0.008333333333333333 0.0275
0 0.1650390625 0.5815625 0.010286458333333333 0.022708333333333334
0 0.151171875 0.589375 0.01484375 0.035416666666666666
0 0.14302083333333335 0.5926666666666666 0.019374999999999993 0.03
0 0.11028645833333334 0.5783333333333334 0.016927083333333332 0.029166666666666667
