2 0.03411458333333333 0.6216666666666667 0.06822916666666666 0.09833333333333333
2 0.11901041666666666 0.5875 0.11822916666666666 0.1
2 0.35052083333333334 0.5508333333333333 0.03958333333333333 0.03666666666666667
2 0.3731770833333333 0.5445833333333333 0.0265625 0.034166666666666665
2 0.5510416666666667 0.52 0.008333333333333333 0.008333333333333333
2 0.7526041666666666 0.61875 0.17604166666666668 0.16083333333333333
2 0.5783854166666667 0.5454166666666667 0.019270833333333334 0.0425
2 0.45234375 0.53 0.009895833333333333 0.018333333333333333
5 0.5364583333333334 0.5195833333333333 0.009375 0.015833333333333335
2 0.5213541666666667 0.5233333333333333 0.00625 0.01
2 0.39114583333333336 0.5408333333333334 0.025 0.03166666666666667
2 0.665625 0.5829166666666666 0.08020833333333334 0.09916666666666667
5 0.6442708333333333 0.5470833333333334 0.084375 0.1075
2 0.5888020833333333 0.5466666666666666 0.044270833333333336 0.06166666666666667
2 0.5601190476190477 0.5252380952380952 0.014583333333333334 0.020476190476190367
5 0.49635416666666665 0.5204166666666666 0.016666666666666666 0.019166666666666665
2 0.43411458333333336 0.53625 0.019270833333333334 0.019166666666666665
2 0.44114583333333335 0.53125 0.015625 0.0225
2 0.4608072916666667 0.5293055555555556 0.005121527777777798 0.014444444444444477
2 0.5622395833333333 0.5291666666666667 0.009895833333333333 0.02
2 0.5201822916666666 0.5216666666666666 0.01953125 0.011666666666666667
2 0.4836681547619047 0.5224404761904763 0.010044642857142823 0.012261904761904816
