2 0.521875 0.525 0.007291666666666667 0.018333333333333333
2 0.5348958333333333 0.52625 0.017708333333333333 0.0275
2 0.54609375 0.5383333333333333 0.0265625 0.03166666666666667
2 0.48854166666666665 0.5229166666666667 0.05 0.014166666666666666
2 0.37109375 0.54125 0.024479166666666666 0.029166666666666667
2 0.43359375 0.5320833333333334 0.018229166666666668 0.025833333333333333
2 0.4002604166666667 0.5354166666666667 0.0109375 0.025833333333333333
2 0.42208333333333337 0.5335000000000001 0.009583333333333322 0.015
3 0.3885416666666667 0.5483333333333333 0.014583333333333334 0.03333333333333333
0 0.3890625 0.5375 0.0125 0.03666666666666667
2 0.5265625 0.5283333333333333 0.003125 0.02
2 0.45 0.5266666666666666 0.008333333333333333 0.013333333333333334
2 0.5348958333333333 0.5329166666666667 0.009375 0.024166666666666666
2 0.44817708333333334 0.53 0.0109375 0.011666666666666667
2 0.53046875 0.5333333333333333 0.005729166666666666 0.021666666666666667
0 0.39182291666666663 0.5353333333333334 0.009062500000000048 0.03666666666666667
2 0.45703125 0.5279166666666667 0.0078125 0.010833333333333334
