2 0.6161458333333333 0.58125 0.075 0.0925
2 0.56953125 0.5470833333333334 0.0515625 0.06583333333333333
2 0.5307291666666667 0.535 0.01875 0.025
2 0.11067708333333333 0.5925 0.12135416666666667 0.08
2 0.19635416666666666 0.5633333333333334 0.078125 0.07666666666666666
2 0.28880208333333335 0.55375 0.049479166666666664 0.0475
2 0.3203125 0.55 0.027083333333333334 0.03833333333333333
2 0.33880208333333334 0.5475 0.019270833333333334 0.03166666666666667
5 0.41041666666666665 0.52875 0.034375 0.05583333333333333
2 0.49895833333333334 0.5270833333333333 0.015625 0.024166666666666666
2 0.4747395833333333 0.5295833333333333 0.015104166666666667 0.020833333333333332
0 0.7533854166666667 0.54375 0.0234375 0.09416666666666666
2 0.44114583333333335 0.5291666666666667 0.017708333333333333 0.023333333333333334
2 0.5130208333333334 0.52625 0.016666666666666666 0.0125
