2 0.2578125 0.56375 0.075 0.059166666666666666
2 0.30416666666666664 0.5504166666666667 0.046875 0.0525
2 0.4395833333333333 0.5266666666666666 0.015625 0.021666666666666667
5 0.53671875 0.515 0.0109375 0.016666666666666666
2 0.5197916666666667 0.51875 0.007291666666666667 0.010833333333333334
2 0.34088541666666666 0.54125 0.03802083333333333 0.04583333333333333
5 0.89296875 0.6695833333333333 0.2140625 0.4691666666666667
2 0.7200520833333334 0.5875 0.17135416666666667 0.15166666666666667
2 0.5692708333333333 0.5220833333333333 0.01875 0.025833333333333333
5 0.49609375 0.5154166666666666 0.011979166666666667 0.020833333333333332
2 0.4125 0.53375 0.023958333333333335 0.024166666666666666
2 0.42239583333333336 0.5279166666666667 0.019791666666666666 0.0275
2 0.44895833333333335 0.5258333333333334 0.00625 0.018333333333333333
2 0.5575520833333333 0.52125 0.011979166666666667 0.015
2 0.5770833333333333 0.5283333333333333 0.019791666666666666 0.025
2 0.6008072916666668 0.5433333333333333 0.02546874999999993 0.04616666666666665
0 0.67890625 0.58125 0.024479166666666666 0.12916666666666668
2 0.61328125 0.5441666666666667 0.03802083333333333 0.051666666666666666
2 0.45328124999999997 0.5269999999999999 0.0042708333333332975 0.015333333333333315
2 0.5979166666666667 0.5345833333333333 0.029166666666666667 0.04416666666666667
2 0.6622395833333333 0.5566666666666666 0.07447916666666667 0.08833333333333333
2 0.5361979166666667 0.515 0.018229166666666668 0.011666666666666667
2 0.5453125 0.51625 0.008333333333333333 0.010833333333333334
