2 0.2765625 0.5608333333333333 0.05 0.043333333333333335
2 0.51796875 0.5241666666666667 0.0067708333333333336 0.015
2 0.5260416666666666 0.5254166666666666 0.013541666666666667 0.020833333333333332
2 0.5322916666666667 0.5329166666666667 0.017708333333333333 0.0225
2 0.4984375 0.5229166666666667 0.025 0.010833333333333334
5 0.475 0.5195833333333333 0.027083333333333334 0.0175
2 0.41119791666666666 0.5366666666666666 0.0171875 0.02
2 0.45989583333333334 0.52875 0.0125 0.015833333333333335
2 0.42421875 0.5325 0.011979166666666667 0.018333333333333333
2 0.44052083333333336 0.53125 0.011458333333333333 0.0125
2 0.42135416666666664 0.535 0.008333333333333333 0.015
2 0.44869791666666664 0.52875 0.0109375 0.0125
3 0.4605208333333333 0.5336666666666666 0.00458333333333331 0.012333333333333295
