2 0.24505208333333334 0.5679166666666666 0.0609375 0.049166666666666664
2 0.5184895833333333 0.5258333333333334 0.0067708333333333336 0.016666666666666666
2 0.5278645833333333 0.5254166666666666 0.015104166666666667 0.024166666666666666
2 0.5341145833333333 0.5345833333333333 0.018229166666666668 0.0225
2 0.49609375 0.525 0.034895833333333334 0.011666666666666667
5 0.46979166666666666 0.52125 0.019791666666666666 0.0175
2 0.40651041666666665 0.5379166666666667 0.0171875 0.020833333333333332
2 0.45729166666666665 0.5304166666666666 0.0125 0.0175
2 0.4205729166666667 0.5341666666666667 0.013020833333333334 0.018333333333333333
2 0.43833333333333335 0.53325 0.011458333333333333 0.013500000000000038
2 0.4180729166666667 0.5364166666666667 0.009895833333333333 0.016166666666666742
2 0.4469184027777777 0.5311111111111111 0.009809027777777797 0.0125
3 0.4557291666666667 0.5366666666666666 0.005208333333333333 0.013333333333333334
0 0.4557291666666667 0.5291666666666667 0.005208333333333333 0.015
