2 0.9583333333333334 0.8475 0.08333333333333333 0.305
2 0.5973958333333333 0.5679166666666666 0.06041666666666667 0.0775
2 0.5604166666666667 0.5416666666666666 0.04375 0.056666666666666664
2 0.52734375 0.5325 0.018229166666666668 0.023333333333333334
2 0.16484375 0.58 0.09635416666666667 0.07
2 0.23177083333333334 0.55625 0.06354166666666666 0.06416666666666666
2 0.30442708333333335 0.5483333333333333 0.04010416666666667 0.043333333333333335
2 0.33151041666666664 0.5454166666666667 0.024479166666666666 0.034166666666666665
2 0.34765625 0.545 0.0171875 0.03
5 0.4197916666666667 0.5266666666666666 0.029166666666666667 0.05
2 0.4979166666666667 0.52375 0.014583333333333334 0.024166666666666666
2 0.47421875 0.5291666666666667 0.015104166666666667 0.02
0 0.7158854166666667 0.5416666666666666 0.0171875 0.075
2 0.44036458333333334 0.5275 0.015104166666666667 0.021666666666666667
2 0.5153645833333333 0.5258333333333334 0.019270833333333334 0.013333333333333334
