2 0.0515625 0.6166666666666667 0.103125 0.15166666666666667
2 0.3125 0.5554166666666667 0.03958333333333333 0.035833333333333335
2 0.51796875 0.5233333333333333 0.0067708333333333336 0.015
2 0.5260416666666666 0.5245833333333333 0.013541666666666667 0.020833333333333332
2 0.5307291666666667 0.5325 0.016666666666666666 0.02
2 0.49713541666666666 0.52375 0.027604166666666666 0.010833333333333334
5 0.4830729166666667 0.52 0.0265625 0.02
2 0.41848958333333336 0.5354166666666667 0.015104166666666667 0.0175
2 0.46484375 0.52875 0.008854166666666666 0.014166666666666666
2 0.42994791666666665 0.5333333333333333 0.0109375 0.016666666666666666
2 0.44390625000000006 0.5311666666666668 0.00927083333333331 0.011666666666666667
2 0.4280381944444444 0.5344444444444444 0.0067708333333333336 0.015
2 0.4544270833333333 0.5295833333333333 0.0140625 0.0125
