2 0.5244791666666667 0.5291666666666667 0.010416666666666666 0.021666666666666667
2 0.5427083333333333 0.53125 0.022916666666666665 0.03916666666666667
2 0.5638020833333334 0.5504166666666667 0.0421875 0.0475
2 0.4934895833333333 0.5229166666666667 0.044270833333333336 0.0125
2 0.3221354166666667 0.55125 0.0390625 0.04083333333333333
2 0.38645833333333335 0.54125 0.03229166666666667 0.04083333333333333
2 0.36354166666666665 0.5416666666666666 0.019791666666666666 0.03
2 0.4083333333333333 0.5370833333333334 0.015625 0.019166666666666665
2 0.3516666666666667 0.5485 0.025625000000000023 0.02866666666666665
2 0.5309895833333333 0.5325 0.005729166666666666 0.025
2 0.44088541666666664 0.5295833333333333 0.0109375 0.015833333333333335
2 0.5453125 0.5395833333333333 0.020833333333333332 0.0325
2 0.4388020833333333 0.5325 0.011979166666666667 0.013333333333333334
2 0.53671875 0.53875 0.009895833333333333 0.029166666666666667
2 0.44973958333333336 0.5291666666666667 0.008854166666666666 0.013333333333333334
2 0.42526041666666664 0.5341666666666667 0.0036458333333333334 0.016666666666666666
2 0.4161458333333333 0.5345833333333333 0.009375 0.020833333333333332
2 0.50859375 0.5233333333333333 0.0078125 0.011666666666666667
