2 0.01640625 0.6270833333333333 0.0328125 0.08916666666666667
2 0.0921875 0.58875 0.1375 0.1075
2 0.34869791666666666 0.55 0.04114583333333333 0.03833333333333333
2 0.37161458333333336 0.5433333333333333 0.027604166666666666 0.035
2 0.7919270833333333 0.6329166666666667 0.21510416666666668 0.18416666666666667
2 0.5830729166666667 0.5395833333333333 0.0265625 0.05416666666666667
2 0.45364583333333336 0.52875 0.010416666666666666 0.0175
5 0.5388020833333333 0.5183333333333333 0.009895833333333333 0.015
2 0.5234375 0.5216666666666666 0.00625 0.01
2 0.39010416666666664 0.53875 0.025 0.0325
2 0.6841145833333333 0.5870833333333333 0.09322916666666667 0.1075
5 0.65625 0.5475 0.09166666666666666 0.11333333333333333
2 0.5955729166666667 0.5479166666666667 0.04739583333333333 0.06916666666666667
2 0.5642113095238095 0.5236904761904762 0.01622023809523808 0.021190476190476204
5 0.49921875 0.5183333333333333 0.015104166666666667 0.018333333333333333
2 0.4356770833333333 0.53375 0.018229166666666668 0.019166666666666665
2 0.4421875 0.53 0.015625 0.021666666666666667
2 0.46236979166666675 0.5281944444444445 0.004774305555555595 0.01555555555555562
2 0.5546130952380952 0.5235714285714285 0.00625 0.012619047619047592
2 0.5666145833333333 0.5285000000000001 0.012812499999999952 0.021333333333333256
2 0.5171875 0.5204166666666666 0.0171875 0.011666666666666667
2 0.48880208333333336 0.52 0.0078125 0.011666666666666667
