2 0.8791666666666667 0.7891666666666667 0.24166666666666667 0.4216666666666667
2 0.15963541666666667 0.5804166666666667 0.09947916666666666 0.0725
2 0.22864583333333333 0.5554166666666667 0.06354166666666666 0.0675
2 0.36302083333333335 0.5375 0.03229166666666667 0.03166666666666667
2 0.3796875 0.5320833333333334 0.020833333333333332 0.029166666666666667
2 0.7578125 0.6358333333333334 0.21145833333333333 0.17666666666666667
2 0.5088541666666667 0.5129166666666667 0.014583333333333334 0.0125
2 0.62734375 0.5616666666666666 0.0796875 0.08
2 0.5489583333333333 0.5275 0.016666666666666666 0.028333333333333332
2 0.4421875 0.52125 0.009375 0.015833333333333335
5 0.5192708333333333 0.5116666666666667 0.009375 0.015
2 0.5052083333333334 0.5141666666666667 0.007291666666666667 0.01
2 0.04296875 0.5991666666666666 0.0859375 0.11666666666666667
2 0.3921875 0.5291666666666667 0.020833333333333332 0.02666666666666667
2 0.5950520833333334 0.5504166666666667 0.0453125 0.060833333333333336
5 0.58984375 0.5304166666666666 0.0546875 0.07416666666666667
2 0.5541666666666667 0.5308333333333334 0.030208333333333334 0.04666666666666667
2 0.5400716145833333 0.5172916666666667 0.013216145833333333 0.018958333333333334
5 0.475 0.5125 0.019791666666666666 0.018333333333333333
2 0.4265625 0.525 0.016666666666666666 0.018333333333333333
2 0.43307291666666664 0.5208333333333334 0.013020833333333334 0.02
2 0.54046875 0.5188333333333334 0.0078125 0.02066666666666663
2 0.48899739583333335 0.5133333333333333 0.007161458333333333 0.008333333333333333
2 0.5286458333333334 0.5125 0.008333333333333333 0.011666666666666667
