0 0.6977083333333333 0.5022500000000001 0.014583333333333334 0.019499999999999983
0 0.092578125 0.5560416666666667 0.018489583333333334 0.09958333333333333
0 0.07604166666666666 0.5879166666666666 0.03229166666666667 0.12916666666666668
0 0.059895833333333336 0.56225 0.023124999999999996 0.10050000000000002
5 0.5108333333333334 0.5638333333333334 0.10479166666666669 0.14866666666666675
2 0.6065104166666667 0.565 0.058854166666666666 0.11
2 0.6671006944444445 0.5876388888888888 0.1133680555555556 0.155
2 0.7768229166666667 0.664375 0.2578125 0.27625
2 0.9654513888888889 0.9045833333333333 0.06909722222222214 0.19083333333333333
2 0.3981119791666667 0.5628125 0.067578125 0.09104166666666667
2 0.3414806547619048 0.5969047619047618 0.13965773809523807 0.1385714285714285
2 0.26484375 0.5604166666666667 0.0953125 0.11083333333333334
2 0.17593005952380952 0.6055357142857143 0.16465773809523807 0.1477380952380952
2 0.036328125 0.665625 0.07265625 0.18375
6 0.6444270833333334 0.4426666666666667 0.008854166666666666 0.03266666666666661
6 0.504079861111111 0.39916666666666667 0.005034722222222203 0.021111111111111094
6 0.4454427083333333 0.3969444444444445 0.004774305555555536 0.020277777777777763
6 0.36354166666666665 0.4579166666666667 0.005208333333333333 0.0225
6 0.30920138888888893 0.4377083333333333 0.005902777777777798 0.03180555555555557
6 0.23865327380952384 0.44738095238095243 0.006324404761904775 0.025
2 0.3341145833333333 0.51875 0.0546875 0.019166666666666665
6 0.2435546875 0.45677083333333335 0.006380208333333333 0.023958333333333335
0 0.6675520833333335 0.50525 0.008229166666666761 0.011166666666666743
2 0.42434895833333336 0.5304166666666666 0.024739583333333332 0.03333333333333333
2 0.43802083333333336 0.5235416666666667 0.023958333333333335 0.032916666666666664
2 0.45 0.5220833333333333 0.008333333333333333 0.025833333333333333
2 0.45390625 0.5216666666666666 0.0078125 0.023333333333333334
2 0.45677083333333335 0.5216666666666666 0.0067708333333333336 0.0225
0 0.5596354166666667 0.5233333333333333 0.005729166666666666 0.03333333333333333
6 0.61171875 0.3879166666666667 0.008854166666666666 0.029166666666666667
6 0.5921875 0.46625 0.0067708333333333336 0.023333333333333334
2 0.46432291666666664 0.5129166666666667 0.013020833333333334 0.01
2 0.46640625 0.50875 0.013020833333333334 0.008333333333333333
