5 0.5125 0.5670833333333334 0.09479166666666666 0.14083333333333334
2 0.10445312500000001 0.6294166666666666 0.20890625000000002 0.21916666666666668
2 0.2489583333333333 0.5889166666666666 0.10958333333333332 0.11316666666666662
2 0.8578125 0.7691666666666667 0.284375 0.35
2 0.38229166666666664 0.5831249999999999 0.10072916666666672 0.1060833333333333
0 0.17499999999999996 0.546590909090909 0.024431818181818166 0.061060606060606044
0 0.15885416666666666 0.5325 0.015625 0.03166666666666667
2 0.3140625 0.5608333333333333 0.08020833333333334 0.09666666666666666
2 0.6805208333333334 0.60875 0.14135416666666673 0.16716666666666669
0 0.659296875 0.509625 0.015364583333333333 0.01925000000000002
2 0.63046875 0.5736666666666667 0.08156249999999995 0.12183333333333338
6 0.5048697916666666 0.4155416666666667 0.004739583333333345 0.020083333333333352
6 0.4516666666666666 0.4136666666666667 0.004166666666666667 0.018666666666666647
2 0.41546874999999994 0.56125 0.05666666666666664 0.07716666666666669
2 0.43265625 0.5347500000000001 0.022500000000000023 0.030833333333333334
2 0.5873342803030303 0.5615909090909091 0.041240530303030216 0.09121212121212124
0 0.5633969907407407 0.5298611111111111 0.008506944444444406 0.03564814814814819
2 0.44302083333333336 0.5296666666666667 0.02385416666666664 0.034166666666666665
2 0.46697916666666667 0.5204166666666666 0.011458333333333333 0.010833333333333334
6 0.628359375 0.45675000000000004 0.00880208333333338 0.02933333333333337
6 0.33338541666666666 0.4523749999999999 0.005208333333333333 0.02824999999999998
2 0.46468750000000003 0.5288333333333333 0.0078125 0.0175
2 0.46049479166666674 0.52725 0.0068229166666666785 0.022833333333333313
2 0.45708333333333334 0.5275833333333334 0.007395833333333357 0.025
2 0.45421875 0.5284583333333334 0.008854166666666666 0.025083333333333353
6 0.3768229166666667 0.4695416666666667 0.005729166666666666 0.02258333333333335
6 0.2702083333333334 0.461875 0.004270833333333357 0.021083333333333294
