0 0.9468315972222221 0.507361111111111 0.03862847222222226 0.046111111111111144
5 0.5514973958333333 0.5916666666666667 0.142578125 0.19958333333333333
2 0.7357514880952382 0.616904761904762 0.16257440476190474 0.1888095238095239
2 0.8716145833333333 0.7115972222222223 0.25677083333333334 0.3715277777777779
2 0.3691840277777778 0.6033333333333334 0.13072916666666667 0.1472222222222222
2 0.18854166666666666 0.7158333333333333 0.3770833333333333 0.31833333333333336
2 0.15815972222222224 0.5687499999999999 0.20694444444444446 0.11527777777777772
2 0.044583333333333336 0.6405000000000001 0.08916666666666667 0.15666666666666668
6 0.72890625 0.41625 0.009895833333333333 0.0175
6 0.5390625 0.38427083333333334 0.005729166666666666 0.025625
6 0.46848958333333335 0.38261904761904764 0.0067708333333333336 0.025
6 0.3702752976190476 0.4552380952380953 0.006473214285714235 0.026190476190476108
6 0.28515625 0.4216666666666667 0.0078125 0.041666666666666664
6 0.20055338541666667 0.4354166666666667 0.013606770833333334 0.03270833333333333
2 0.4646701388888889 0.5399305555555556 0.0590277777777778 0.05819444444444448
6 0.22630208333333332 0.45166666666666666 0.009375 0.03
0 0.7951562500000001 0.5149166666666667 0.02072916666666676 0.03183333333333337
0 0.8315755208333333 0.5186458333333334 0.019661458333333333 0.023125
0 0.6690104166666667 0.5333333333333333 0.016145833333333335 0.045
0 0.6909598214285714 0.5232142857142859 0.015252976190476157 0.028809523809523892
0 0.7616815476190476 0.514345238095238 0.016815476190476155 0.018452380952380925
0 0.6847222222222222 0.5270833333333333 0.015104166666666667 0.031388888888888855
0 0.6122395833333333 0.5270833333333333 0.008229166666666643 0.0325
0 0.42009548611111114 0.5354861111111111 0.004774305555555595 0.030972222222222286
2 0.4322916666666667 0.5425 0.0125 0.03833333333333333
0 0.66484375 0.5383333333333333 0.005729166666666666 0.05
6 0.6760416666666667 0.3641666666666667 0.011458333333333333 0.035
6 0.6463541666666667 0.46541666666666665 0.008333333333333333 0.029166666666666667
