5 0.5283854166666667 0.5983333333333334 0.15989583333333332 0.22333333333333333
2 0.0921875 0.6404166666666666 0.184375 0.2708333333333333
2 0.8736979166666666 0.7770833333333333 0.2526041666666667 0.44583333333333336
2 0.7526041666666666 0.63875 0.20682870370370368 0.21083333333333334
2 0.187890625 0.6025 0.14348958333333334 0.14833333333333334
2 0.2786458333333333 0.5710416666666667 0.10885416666666664 0.10791666666666666
2 0.33893229166666666 0.5602083333333333 0.05390625 0.07458333333333343
2 0.6466145833333333 0.5966666666666667 0.0796875 0.11166666666666666
2 0.42213541666666665 0.5602083333333333 0.06197916666666667 0.07041666666666657
0 0.8037760416666667 0.5291666666666667 0.026822916666666665 0.058333333333333334
0 0.7828125 0.5208333333333334 0.027083333333333334 0.04666666666666667
2 0.37109375 0.546875 0.05260416666666667 0.06708333333333343
2 0.6036458333333333 0.5447916666666667 0.04583333333333333 0.05125
2 0.5924479166666669 0.518125 0.02500000000000012 0.007916666666666572
6 0.5026041666666666 0.43166666666666664 0.004166666666666667 0.016666666666666666
6 0.45833333333333326 0.43 0.0036458333333333334 0.015833333333333335
2 0.43823390151515146 0.5426136363636365 0.03631628787878783 0.047803030303030215
2 0.44765625 0.5241666666666667 0.019270833333333334 0.023333333333333334
2 0.4669270833333333 0.5202083333333334 0.009895833333333333 0.012083333333333333
6 0.5985677083333333 0.46833333333333343 0.00546875 0.0225
2 0.46588541666666666 0.5239583333333333 0.0078125 0.011249999999999906
2 0.46197916666666666 0.5220833333333333 0.00625 0.014166666666666666
2 0.45981570512820513 0.5223397435897437 0.00536858974358978 0.014679487179487296
2 0.45729166666666665 0.5216666666666666 0.00625 0.013333333333333334
6 0.3966145833333333 0.4770833333333334 0.0046875 0.018333333333333333
0 0.154296875 0.525 0.012239583333333304 0.016666666666666666
