5 0.5161458333333333 0.5683333333333334 0.090625 0.13333333333333333
2 0.8908854166666667 0.78625 0.21822916666666667 0.42916666666666664
2 0.07291666666666667 0.6325 0.14583333333333334 0.17833333333333334
2 0.192578125 0.5967083333333333 0.18005208333333336 0.15341666666666667
2 0.301640625 0.5740000000000001 0.07421875 0.08983333333333329
2 0.7478125 0.6529583333333333 0.2091666666666666 0.18125
2 0.04921875 0.8575 0.0984375 0.285
2 0.4088541666666667 0.5720833333333334 0.07708333333333334 0.08416666666666667
0 0.97734375 0.5375 0.044270833333333336 0.07
0 0.9721354166666667 0.52875 0.05572916666666667 0.08916666666666667
0 0.2390625 0.52375 0.008333333333333333 0.0075
2 0.34661458333333334 0.5563333333333332 0.06687499999999999 0.08283333333333331
2 0.6354947916666667 0.5845833333333333 0.09203125000000002 0.1226666666666666
0 0.6330208333333334 0.5153333333333334 0.013229166666666714 0.022833333333333313
2 0.606640625 0.564 0.05932291666666671 0.09666666666666666
6 0.5067708333333333 0.42591666666666667 0.004166666666666667 0.019166666666666665
6 0.45794270833333334 0.424625 0.0036979166666666783 0.01974999999999999
2 0.43117187500000004 0.555125 0.045677083333333354 0.06208333333333333
2 0.5753645833333333 0.5555833333333333 0.030624999999999975 0.0776666666666667
0 0.56171875 0.5333333333333333 0.0067708333333333336 0.025
2 0.44783854166666665 0.5311666666666667 0.022968750000000013 0.0325
2 0.4702604166666667 0.521625 0.011458333333333333 0.010083333333333352
6 0.61609375 0.46516666666666673 0.008333333333333333 0.025999999999999943
2 0.46796875 0.5304166666666666 0.0067708333333333336 0.0175
2 0.46401041666666665 0.5290833333333333 0.00635416666666669 0.02183333333333337
2 0.4615885416666667 0.52875 0.006718749999999988 0.0225
2 0.4585416666666667 0.5295416666666667 0.0067708333333333336 0.02258333333333335
6 0.38927083333333334 0.47600000000000003 0.005208333333333333 0.020833333333333332
0 0.07473958333333333 0.54875 0.0234375 0.05416666666666667
0 0.0419921875 0.5328125 0.018359375 0.026041666666666668
