0 0.6794791666666666 0.50675 0.016666666666666666 0.018500000000000037
0 0.13046875 0.5616666666666666 0.018229166666666668 0.09666666666666666
0 0.11788194444444446 0.5638888888888889 0.02777777777777777 0.08111111111111105
0 0.10416666666666667 0.550625 0.019270833333333334 0.06416666666666666
5 0.5109809027777777 0.5661805555555556 0.09956597222222215 0.14291666666666666
2 0.5966145833333333 0.5659722222222223 0.04982638888888893 0.10138888888888886
2 0.6501116071428572 0.5835714285714286 0.09799107142857141 0.13833333333333334
2 0.7273437500000001 0.6395833333333333 0.19809027777777785 0.2275
2 0.9056640625 0.8405208333333334 0.188671875 0.31895833333333334
2 0.4051432291666667 0.5635416666666667 0.06263020833333334 0.08458333333333333
2 0.35973958333333333 0.5920000000000001 0.12135416666666667 0.12199999999999998
2 0.28489583333333335 0.5608333333333333 0.08645833333333333 0.1025
2 0.20786458333333335 0.59925 0.1415625 0.1325
2 0.06861979166666667 0.63125 0.13723958333333333 0.2175
6 0.63671875 0.4510833333333333 0.008854166666666666 0.029166666666666667
6 0.5037037037037037 0.4073611111111111 0.004166666666666667 0.021574074074074096
6 0.4479166666666667 0.40541666666666665 0.0046875 0.020833333333333332
6 0.36796875000000007 0.4645833333333334 0.005312500000000024 0.02183333333333337
6 0.3191051136363636 0.4461742424242425 0.004876893939393886 0.029621212121212086
6 0.25091145833333334 0.4554166666666667 0.006510416666666667 0.023333333333333334
2 0.33151041666666664 0.525 0.027604166666666666 0.018333333333333333
6 0.2537109375 0.46291666666666664 0.005859375 0.02125
2 0.42825520833333336 0.5345833333333333 0.020052083333333335 0.030833333333333334
2 0.4395833333333333 0.528125 0.023958333333333335 0.032916666666666664
2 0.4510416666666667 0.5275 0.008333333333333333 0.025
2 0.45416666666666666 0.5266666666666666 0.0078125 0.023333333333333334
2 0.45729166666666665 0.52625 0.0067708333333333336 0.0225
0 0.56171875 0.5295833333333333 0.009375 0.035833333333333335
6 0.6067708333333334 0.39791666666666664 0.009375 0.025833333333333333
6 0.5890625 0.47291666666666665 0.00625 0.0225
2 0.4647135416666667 0.5183333333333333 0.01328125 0.01
2 0.4669270833333333 0.51375 0.013020833333333334 0.008333333333333333
