5 0.5247395833333334 0.5779166666666666 0.1234375 0.1775
2 0.08515625 0.6191666666666666 0.1703125 0.22833333333333333
2 0.8816145833333332 0.7855833333333334 0.2367708333333334 0.42883333333333334
2 0.76765625 0.6433333333333333 0.22718750000000001 0.21866666666666665
2 0.1803645833333333 0.6035833333333332 0.14760416666666665 0.1495
2 0.2741666666666667 0.5702499999999999 0.11166666666666665 0.11083333333333334
2 0.33608217592592593 0.5585648148148148 0.05353009259259262 0.0765740740740741
2 0.6453645833333332 0.5956666666666667 0.0944791666666666 0.11433333333333327
2 0.07890625 0.83875 0.1578125 0.3225
2 0.42208333333333337 0.55725 0.061875000000000034 0.06816666666666672
0 0.8086458333333333 0.524 0.018333333333333358 0.051666666666666666
0 0.7896874999999999 0.5165 0.027499999999999976 0.04566666666666672
2 0.36906249999999996 0.5438333333333333 0.053125 0.06799999999999992
2 0.6021354166666667 0.5533333333333335 0.05343749999999995 0.07600000000000004
0 0.5964583333333333 0.5105833333333333 0.007500000000000047 0.015166666666666705
2 0.5868229166666666 0.5234166666666666 0.03822916666666672 0.026833333333333372
6 0.5020833333333333 0.42791666666666667 0.004166666666666667 0.0175
6 0.45765625000000004 0.4275 0.0046875 0.016666666666666666
2 0.43869791666666663 0.5432499999999999 0.0390625 0.055499999999999924
2 0.5666666666666667 0.5175 0.009375 0.013333333333333334
2 0.4075520833333333 0.5270833333333333 0.03697916666666667 0.0275
2 0.4479166666666667 0.5245833333333333 0.021875 0.029166666666666667
2 0.46783854166666666 0.518125 0.010677083333333334 0.0125
6 0.5988541666666668 0.46508333333333335 0.006666666666666762 0.02183333333333337
2 0.46171875 0.5191666666666667 0.0046875 0.013333333333333334
2 0.4601822916666667 0.5210416666666667 0.00536458333333331 0.013916666666666704
2 0.4572916666666667 0.5237037037037038 0.00567129629629631 0.017777777777777903
6 0.39557291666666666 0.4741666666666667 0.0046875 0.018333333333333333
0 0.16177083333333334 0.5215833333333333 0.008333333333333333 0.010166666666666704
0 0.14552083333333335 0.523 0.013749999999999988 0.017333333333333294
