5 0.5499131944444444 0.6022222222222222 0.1730902777777778 0.23611111111111105
2 0.8142282196969697 0.6477272727272727 0.2735321969696971 0.25787878787878793
2 0.91875 0.7533333333333333 0.1625 0.4116666666666667
2 0.3128580729166667 0.6225520833333333 0.1892578125 0.18864583333333335
2 0.15520833333333334 0.7895833333333333 0.3104166666666667 0.42083333333333334
2 0.10838541666666668 0.5651666666666667 0.21677083333333336 0.11133333333333326
6 0.7448784722222221 0.4125 0.01684027777777774 0.047222222222222235
6 0.5299479166666666 0.36916666666666664 0.0067708333333333336 0.028333333333333332
6 0.454296875 0.36541666666666667 0.007552083333333333 0.028333333333333332
6 0.34791666666666665 0.44583333333333336 0.007291666666666667 0.028333333333333332
6 0.24094328703703702 0.4040740740740741 0.010590277777777768 0.047777777777777856
6 0.1494140625 0.41875 0.014973958333333334 0.035833333333333335
2 0.47328125000000004 0.5321666666666666 0.031562500000000014 0.05466666666666668
6 0.1890625 0.43916666666666665 0.011458333333333333 0.03
0 0.8734375 0.50875 0.030208333333333334 0.0425
0 0.9149739583333333 0.5235416666666667 0.027864583333333335 0.04541666666666667
0 0.6834449404761905 0.5442857142857143 0.015252976190476275 0.07690476190476195
0 0.7078125 0.5368055555555556 0.014930555555555594 0.05972222222222219
0 0.8171875 0.5083333333333333 0.016666666666666666 0.02666666666666667
0 0.6969122023809524 0.5373214285714286 0.01703869047619051 0.06321428571428574
0 0.6069270833333335 0.5158333333333334 0.0067708333333333336 0.01966666666666659
0 0.3978050595238096 0.529702380952381 0.00766369047619051 0.03464285714285704
2 0.4292187499999999 0.5381666666666667 0.038854166666666676 0.04199999999999998
0 0.6567708333333331 0.5342083333333334 0.01062499999999993 0.04875
2 0.446875 0.5270833333333333 0.027083333333333334 0.035833333333333335
0 0.6702083333333334 0.5372499999999999 0.013125000000000024 0.05583333333333333
6 0.68203125 0.34375 0.0140625 0.04083333333333333
6 0.6458333333333334 0.456875 0.009895833333333333 0.030416666666666668
