5 0.523828125 0.596875 0.17265625 0.23375
2 0.8408854166666667 0.685138888888889 0.3182291666666667 0.33138888888888884
2 0.9673177083333333 0.8504166666666667 0.06536458333333334 0.2991666666666667
2 0.24505208333333334 0.64375 0.24635416666666668 0.225
2 0.10477430555555557 0.8301388888888889 0.20954861111111114 0.33972222222222226
2 0.06579861111111111 0.6090277777777778 0.13159722222222223 0.18694444444444439
6 0.74052734375 0.4011458333333333 0.0169921875 0.051666666666666666
6 0.5067708333333333 0.35833333333333334 0.00625 0.03
6 0.42604166666666665 0.3551190476190476 0.008333333333333333 0.03
6 0.31197916666666664 0.439375 0.0078125 0.03166666666666667
6 0.184375 0.3916071428571429 0.012351190476190481 0.05011904761904764
6 0.08359375 0.40958333333333335 0.016145833333333335 0.0475
2 0.45483630952380955 0.5140476190476191 0.016071428571428587 0.021190476190476298
6 0.1390625 0.43416666666666665 0.011458333333333333 0.035
0 0.9503125000000001 0.5082500000000001 0.042916666666666714 0.05583333333333333
0 0.98984375 0.5204166666666666 0.021354166666666667 0.04583333333333333
0 0.678720238095238 0.5470833333333334 0.018005952380952314 0.08607142857142852
0 0.7151909722222223 0.5463194444444444 0.021875 0.062361111111111145
0 0.8654947916666667 0.5016666666666667 0.028385416666666666 0.03666666666666667
0 0.6938988095238094 0.5489880952380952 0.02113095238095243 0.09035714285714287
0 0.5847916666666667 0.514 0.008750000000000095 0.018333333333333333
0 0.36209077380952376 0.5178571428571429 0.008854166666666666 0.018333333333333333
2 0.40164930555555556 0.538611111111111 0.04184027777777774 0.045
0 0.6344122023809523 0.5251785714285715 0.0078125 0.03940476190476194
2 0.4236979166666667 0.5279166666666667 0.03420138888888887 0.04305555555555552
0 0.6505208333333333 0.5375 0.015625 0.06
2 0.43943452380952386 0.5260119047619048 0.01264880952380949 0.031071428571428517
0 0.6666666666666666 0.5383333333333333 0.0125 0.07166666666666667
2 0.44407552083333335 0.5165104166666666 0.0078125 0.012395833333333333
0 0.7010416666666667 0.54375 0.0125 0.08583333333333333
6 0.6692708333333334 0.3279166666666667 0.014583333333333334 0.04583333333333333
6 0.62890625 0.4508333333333333 0.009895833333333333 0.03333333333333333
