5 0.5265625 0.5879166666666666 0.13229166666666667 0.1875
2 0.08984375 0.6179166666666667 0.1796875 0.22583333333333333
2 0.8775568181818182 0.7817045454545454 0.24488636363636368 0.4365909090909091
2 0.7591145833333335 0.6444166666666667 0.21531250000000005 0.2151666666666667
2 0.18682291666666667 0.60525 0.14114583333333333 0.14616666666666675
2 0.2757102272727273 0.5757575757575757 0.11297348484848489 0.11363636363636355
2 0.3374131944444444 0.5623148148148148 0.05387731481481482 0.07333333333333333
2 0.6433333333333333 0.6014166666666666 0.09145833333333328 0.11316666666666662
2 0.05546875 0.8516666666666667 0.1109375 0.2966666666666667
2 0.42182291666666666 0.5623333333333332 0.0626041666666667 0.07
0 0.8052083333333333 0.53 0.01875 0.056333333333333256
0 0.7864583333333335 0.5229166666666667 0.02833333333333338 0.04416666666666667
2 0.36994791666666665 0.5481666666666666 0.0519791666666667 0.06699999999999998
2 0.6022395833333334 0.5575833333333333 0.052395833333333405 0.0725
2 0.5864583333333333 0.52475 0.035000000000000024 0.018499999999999944
6 0.5026041666666666 0.43324074074074076 0.004166666666666667 0.016851851851851857
6 0.45807291666666666 0.4314772727272727 0.0036458333333333334 0.015833333333333335
2 0.4393229166666667 0.5479166666666667 0.0390625 0.05583333333333333
2 0.3958333333333333 0.5333333333333333 0.019791666666666666 0.021666666666666667
2 0.44899088541666665 0.5282291666666666 0.0208984375 0.028333333333333332
2 0.46765625000000005 0.5225833333333334 0.010312500000000035 0.0125
6 0.5985558712121211 0.46958333333333335 0.0067708333333333336 0.0225
2 0.4667534722222222 0.5254166666666666 0.008506944444444406 0.010833333333333334
2 0.46200810185185187 0.5243981481481482 0.0052662037037036905 0.014166666666666666
2 0.4594531250000001 0.5230833333333332 0.006093749999999965 0.013333333333333334
2 0.45677083333333335 0.5246590909090908 0.005208333333333333 0.014318181818181775
6 0.39557291666666666 0.47900000000000004 0.0046875 0.018333333333333333
0 0.16046875000000002 0.5277499999999999 0.008437499999999994 0.012833333333333315
0 0.14739583333333334 0.52725 0.0125 0.016833333333333277
