5 0.5166666666666667 0.5758333333333333 0.10104166666666667 0.14333333333333334
2 0.0703125 0.59125 0.140625 0.12416666666666666
2 0.9033854166666667 0.8283333333333334 0.19322916666666667 0.3433333333333333
2 0.8043229166666667 0.67125 0.2711458333333333 0.24683333333333338
2 0.15406249999999996 0.6028333333333332 0.17416666666666666 0.12866666666666665
2 0.2638020833333333 0.58275 0.12052083333333333 0.11616666666666674
2 0.33015625000000004 0.5701666666666667 0.055104166666666704 0.07566666666666673
2 0.657244318181818 0.6126515151515152 0.103125 0.12136363636363635
2 0.10714699074074074 0.7593518518518519 0.2142939814814815 0.43703703703703717
2 0.4214062499999999 0.5675833333333332 0.062395833333333366 0.07016666666666661
0 0.8297916666666666 0.53375 0.021041666666666594 0.0475
0 0.8095833333333334 0.5285833333333333 0.0320833333333334 0.04783333333333331
2 0.3661979166666667 0.5551574074074073 0.05619212962962964 0.07194444444444438
2 0.6030208333333332 0.5750000000000001 0.06520833333333324 0.09766666666666671
0 0.6065104166666667 0.5199166666666667 0.008229166666666761 0.0175
2 0.5884375000000001 0.5604166666666667 0.044166666666666764 0.07950000000000007
6 0.5031828703703703 0.4370833333333333 0.004166666666666667 0.0175
6 0.45807291666666666 0.43583333333333335 0.0046875 0.018333333333333333
2 0.43682291666666667 0.5541666666666667 0.04093749999999995 0.053666666666666744
2 0.5669270833333333 0.53625 0.015104166666666667 0.0275
2 0.46432291666666664 0.53875 0.030729166666666665 0.035833333333333335
2 0.4466145833333333 0.52725 0.018020833333333285 0.014833333333333296
6 0.6011979166666668 0.47425 0.0067708333333333336 0.02183333333333337
6 0.3943229166666667 0.48400000000000004 0.004270833333333357 0.019333333333333372
0 0.1503645833333333 0.5325833333333333 0.007187499999999976 0.010833333333333334
0 0.13098958333333333 0.5345833333333333 0.013020833333333334 0.0175
