5 0.5161458333333333 0.5658333333333333 0.090625 0.13166666666666665
2 0.884375 0.7833333333333333 0.23125 0.43333333333333335
2 0.078125 0.62875 0.15625 0.1725
2 0.20020833333333332 0.5951666666666667 0.17374999999999996 0.14900000000000005
2 0.30460069444444443 0.5731944444444443 0.07251157407407405 0.08768518518518514
2 0.7371354166666666 0.6481666666666667 0.1955208333333334 0.17433333333333337
2 0.05703125 0.85375 0.1140625 0.2925
2 0.4102604166666667 0.5715833333333333 0.07531249999999995 0.08350000000000003
0 0.9596354166666666 0.53625 0.0453125 0.0625
0 0.9505208333333334 0.5258333333333334 0.04375 0.08333333333333333
0 0.24244791666666668 0.5225 0.008854166666666666 0.01
2 0.34874999999999995 0.5560833333333333 0.06624999999999996 0.08183333333333327
2 0.6323958333333335 0.5834166666666666 0.08916666666666669 0.11983333333333339
0 0.63046875 0.51575 0.01260416666666669 0.021833333333333278
2 0.6049479166666667 0.5634166666666666 0.058437500000000024 0.0948333333333334
6 0.506640625 0.4265625 0.004166666666666667 0.018958333333333334
6 0.45812499999999995 0.42533333333333334 0.0037499999999999643 0.019333333333333324
2 0.4319791666666667 0.555 0.04520833333333337 0.06133333333333335
2 0.5744791666666667 0.5550833333333333 0.02937499999999993 0.07616666666666665
0 0.56171875 0.5333333333333333 0.0067708333333333336 0.025
2 0.44796874999999997 0.53125 0.022812500000000034 0.0325
2 0.4703125 0.5218333333333334 0.011458333333333333 0.010333333333333314
6 0.6149305555555556 0.46578703703703694 0.008333333333333333 0.02546296296296295
2 0.46796875 0.5291666666666667 0.0067708333333333336 0.016666666666666666
2 0.4640625 0.5293055555555556 0.00625 0.021944444444444475
2 0.4618229166666667 0.5290833333333333 0.006562500000000012 0.0225
2 0.4586458333333333 0.5296666666666666 0.006666666666666702 0.02233333333333339
6 0.39005208333333335 0.47675 0.005312499999999965 0.020833333333333332
0 0.08515625 0.5429166666666667 0.0234375 0.0475
0 0.05130208333333333 0.5318333333333334 0.017604166666666664 0.024333333333333276
