2 0.05260416666666667 0.8266666666666667 0.10520833333333333 0.23833333333333334
2 0.23828125 0.6379166666666667 0.1953125 0.1825
2 0.07942708333333333 0.545 0.15885416666666666 0.105
2 0.5729166666666666 0.5316666666666666 0.08958333333333333 0.05
7 0.5802083333333333 0.47375 0.020833333333333332 0.034166666666666665
2 0.9174479166666667 0.5116666666666667 0.0453125 0.04
2 0.30182291666666666 0.5308333333333334 0.03802083333333333 0.043333333333333335
2 0.6401041666666667 0.5229166666666667 0.05 0.03916666666666667
2 0.5828125 0.5125833333333333 0.03145833333333326 0.021166666666666646
2 0.5276041666666667 0.5266666666666666 0.034375 0.03333333333333333
2 0.4859375 0.5283333333333333 0.028125 0.03333333333333333
2 0.43020833333333336 0.52375 0.022916666666666665 0.025833333333333333
2 0.4002604166666667 0.525 0.021354166666666667 0.025
2 0.3703125 0.5245833333333333 0.020833333333333332 0.025833333333333333
2 0.4627604166666667 0.5245833333333333 0.022395833333333334 0.029166666666666667
2 0.5020833333333333 0.5245833333333333 0.015625 0.0275
2 0.38697916666666665 0.5154166666666666 0.0125 0.019166666666666665
2 0.41015625 0.5141666666666667 0.0140625 0.016666666666666666
2 0.45598958333333334 0.5166666666666667 0.013020833333333334 0.02
2 0.6143229166666667 0.5058333333333334 0.03177083333333333 0.018333333333333333
2 0.2799479166666667 0.5229166666666667 0.013020833333333334 0.014166666666666666
2 0.6252604166666667 0.5133333333333333 0.025520833333333333 0.02
2 0.020572916666666666 0.5783333333333334 0.04114583333333333 0.08666666666666667
2 0.5598958333333334 0.51375 0.011458333333333333 0.010833333333333334
2 0.1890625 0.5225 0.022916666666666665 0.013333333333333334
2 0.7315104166666667 0.50625 0.0421875 0.029166666666666667
2 0.6875 0.5195833333333333 0.04583333333333333 0.03916666666666667
2 0.9924479166666667 0.5083333333333333 0.015104166666666667 0.035
