6 0.484375 0.2608333333333333 0.013541666666666667 0.05333333333333334
6 0.35078125 0.2554166666666667 0.011979166666666667 0.050833333333333335
6 0.15911458333333334 0.39416666666666667 0.013020833333333334 0.05333333333333334
0 0.7205729166666667 0.5629166666666666 0.028645833333333332 0.13083333333333333
0 0.7986979166666667 0.56375 0.0359375 0.14916666666666667
2 0.35598958333333336 0.5420833333333334 0.05572916666666667 0.07916666666666666
0 0.2991666666666667 0.5395 0.016874999999999987 0.0601666666666667
0 0.31145833333333334 0.535 0.0125 0.05333333333333334
2 0.5635416666666667 0.539861111111111 0.05138888888888893 0.07138888888888886
0 0.5 0.5266666666666666 0.008333333333333333 0.051666666666666666
5 0.396875 0.5279166666666667 0.03854166666666667 0.05416666666666667
2 0.42161458333333335 0.5292129629629629 0.017071759259259287 0.03064814814814819
2 0.42682291666666666 0.525 0.0234375 0.03166666666666667
2 0.5320638020833334 0.5313020833333333 0.0306640625 0.053020833333333336
2 0.49166666666666664 0.5225 0.008333333333333333 0.018333333333333333
2 0.4715494791666667 0.5226041666666666 0.009505208333333333 0.012708333333333334
2 0.5080729166666667 0.5229166666666667 0.009895833333333333 0.015833333333333335
5 0.48125 0.5225 0.010416666666666666 0.015
0 0.5153211805555555 0.5243055555555555 0.006857638888888929 0.03194444444444438
6 0.8140625 0.14166666666666666 0.030208333333333334 0.09333333333333334
5 0.44305555555555554 0.5241666666666667 0.019444444444444407 0.02666666666666667
6 0.6880208333333333 0.4141666666666667 0.015625 0.056666666666666664
2 0.46236979166666664 0.52375 0.010677083333333334 0.014166666666666666
