6 0.4856770833333333 0.26208333333333333 0.0140625 0.0525
6 0.353125 0.2575 0.011458333333333333 0.051666666666666666
6 0.16302083333333334 0.395 0.013541666666666667 0.05333333333333334
0 0.71953125 0.5625 0.028645833333333332 0.12833333333333333
0 0.79609375 0.5629166666666666 0.034895833333333334 0.14583333333333334
2 0.35885416666666664 0.5420833333333334 0.05416666666666667 0.0775
0 0.3015625 0.5383333333333333 0.016666666666666666 0.06
0 0.3138020833333333 0.53375 0.013020833333333334 0.0525
2 0.5646701388888891 0.539074074074074 0.051099537037037145 0.0709259259259259
0 0.50078125 0.5266666666666666 0.013020833333333334 0.05333333333333334
5 0.39739583333333334 0.5275 0.03854166666666667 0.055
2 0.42265625 0.5288425925925926 0.01695601851851857 0.030462962962963046
2 0.4278645833333333 0.5254166666666666 0.021354166666666667 0.030833333333333334
2 0.53359375 0.5308333333333334 0.030729166666666665 0.05333333333333334
2 0.49244791666666665 0.5225 0.0078125 0.018333333333333333
2 0.47291666666666665 0.5220833333333333 0.009375 0.0125
2 0.5088541666666667 0.5229166666666667 0.010416666666666666 0.0175
5 0.4828125 0.5225 0.010416666666666666 0.015
0 0.5163194444444444 0.523611111111111 0.006944444444444464 0.032222222222222194
6 0.8106770833333333 0.1475 0.0296875 0.09333333333333334
5 0.44457465277777775 0.52375 0.01935763888888887 0.02666666666666667
6 0.6873697916666667 0.415 0.015364583333333333 0.05625
2 0.4636284722222222 0.5233333333333334 0.010590277777777738 0.013888888888888952
