0 0.23229166666666667 0.5725 0.03125 0.09166666666666666
2 0.29583333333333334 0.6283333333333333 0.1625 0.16666666666666666
2 0.38203125 0.5658333333333333 0.07864583333333333 0.1
2 0.01796875 0.5354166666666667 0.0359375 0.05416666666666667
2 0.06041666666666667 0.53 0.12083333333333333 0.12
2 0.452662037037037 0.5256944444444445 0.015162037037037024 0.018425925925925905
2 0.47078125000000004 0.5209999999999999 0.009895833333333333 0.01600000000000004
2 0.11346726190476192 0.5369642857142858 0.11696428571428573 0.08964285714285714
2 0.4157291666666667 0.5195000000000001 0.011458333333333333 0.013333333333333334
2 0.477734375 0.5259375 0.016145833333333335 0.021875
2 0.50625 0.525 0.011458333333333333 0.018333333333333333
2 0.495126488095238 0.5267261904761905 0.018973214285714236 0.023452380952380926
2 0.5232886904761905 0.5263095238095237 0.021875000000000058 0.02476190476190472
2 0.5529687500000001 0.5234166666666666 0.017812500000000023 0.026833333333333275
2 0.5855468750000001 0.5169444444444444 0.028559027777777857 0.0225
2 0.4090401785714286 0.5252380952380953 0.012574404761904745 0.012380952380952407
2 0.4271875 0.551 0.036458333333333336 0.05
2 0.28838541666666667 0.5256666666666666 0.06822916666666666 0.027999999999999924
2 0.25161458333333336 0.5355833333333334 0.0734375 0.0525
2 0.19369791666666666 0.5288333333333333 0.09697916666666666 0.08033333333333331
2 0.13248697916666666 0.5307291666666667 0.155859375 0.09354166666666666
5 0.8364583333333333 0.32708333333333334 0.23958333333333334 0.39916666666666667
2 0.94140625 0.4766666666666667 0.025520833333333333 0.035
2 0.315625 0.53 0.0625 0.041666666666666664
2 0.5905133928571428 0.521547619047619 0.017931547619047687 0.02690476190476185
2 0.4197048611111111 0.5622222222222223 0.02170138888888893 0.06333333333333334
2 0.3106770833333333 0.5256666666666666 0.04989583333333337 0.028000000000000018
2 0.4309895833333333 0.5232499999999999 0.013020833333333334 0.015499999999999924
7 0.54609375 0.495 0.010416666666666666 0.016666666666666666
