0 0.30755208333333334 0.575 0.019270833333333334 0.08166666666666667
2 0.3578125 0.5991666666666666 0.103125 0.11
2 0.40598958333333335 0.56125 0.0578125 0.0775
2 0.09203869047619047 0.5323214285714287 0.15997023809523808 0.08726190476190482
2 0.15520833333333334 0.5366666666666666 0.125 0.08833333333333333
2 0.453125 0.5316666666666666 0.015625 0.018333333333333333
2 0.46953125 0.5266666666666666 0.009895833333333333 0.016666666666666666
2 0.2074404761904762 0.5417857142857142 0.07976190476190477 0.06809523809523806
2 0.41744791666666664 0.5245833333333333 0.0109375 0.009166666666666667
2 0.47630208333333335 0.5304166666666666 0.015625 0.019166666666666665
2 0.5029017857142857 0.5293452380952379 0.011458333333333333 0.01726190476190472
2 0.49309895833333334 0.5310416666666666 0.016927083333333332 0.02125
2 0.5181919642857143 0.5303571428571429 0.0203125 0.023333333333333334
2 0.5489955357142857 0.5278571428571429 0.0234375 0.025238095238095278
2 0.5746651785714285 0.5198214285714285 0.02001488095238102 0.0225
2 0.3775 0.5324166666666666 0.0171875 0.015833333333333335
2 0.43649553571428573 0.5507142857142857 0.025520833333333333 0.040714285714285744
2 0.317578125 0.53625 0.05546875 0.03
2 0.2903645833333333 0.54125 0.058854166666666666 0.04583333333333333
2 0.2534722222222222 0.5366666666666666 0.07204861111111113 0.06444444444444447
2 0.21536458333333333 0.5370833333333334 0.1078125 0.0725
5 0.028125 0.5395833333333333 0.05625 0.0825
5 0.8295572916666667 0.35614583333333333 0.321875 0.33979166666666666
2 0.7828125 0.4895833333333333 0.019791666666666666 0.029166666666666667
2 0.8955729166666667 0.4775 0.04739583333333333 0.03666666666666667
2 0.05286458333333333 0.5341666666666667 0.10572916666666667 0.08
2 0.9294270833333333 0.46958333333333335 0.049479166666666664 0.04083333333333333
2 0.33578869047619053 0.5305952380952381 0.05401785714285718 0.025238095238095185
2 0.5791666666666667 0.5270833333333333 0.009375 0.020833333333333332
2 0.43111979166666675 0.5561111111111111 0.014670138888888929 0.04805555555555562
2 0.9727213541666667 0.469375 0.05455729166666667 0.05583333333333333
2 0.33255208333333336 0.5320833333333334 0.04010416666666667 0.0225
2 0.4328125 0.52625 0.009375 0.0075
7 0.5380208333333333 0.501875 0.008854166666666666 0.014583333333333334
