2 0.15494791666666666 0.6670833333333334 0.3098958333333333 0.30083333333333334
2 0.31015625 0.6058333333333333 0.09322916666666667 0.13166666666666665
2 0.36380208333333336 0.5679166666666666 0.0703125 0.07916666666666666
2 0.030208333333333334 0.5241666666666667 0.06041666666666667 0.045
2 0.11119791666666666 0.5183333333333333 0.08802083333333334 0.025
2 0.21354166666666666 0.5216666666666666 0.10729166666666666 0.043333333333333335
5 0.97421875 0.25833333333333336 0.0515625 0.36333333333333334
2 0.7609375 0.5104166666666666 0.07083333333333333 0.0325
7 0.54609375 0.48083333333333333 0.015104166666666667 0.025
2 0.8166666666666667 0.5020833333333333 0.04375 0.030833333333333334
2 0.9177083333333333 0.46791666666666665 0.08541666666666667 0.0575
2 0.328125 0.5241666666666667 0.03125 0.028333333333333332
2 0.6020833333333333 0.5166666666666667 0.036458333333333336 0.03
2 0.5536458333333333 0.5179166666666667 0.03229166666666667 0.0325
2 0.5127604166666667 0.5220833333333333 0.027604166666666666 0.029166666666666667
2 0.4791666666666667 0.5233333333333333 0.021875 0.025
2 0.43020833333333336 0.5208333333333334 0.019791666666666666 0.021666666666666667
2 0.4044270833333333 0.5229166666666667 0.0171875 0.0225
2 0.37864583333333335 0.5225 0.017708333333333333 0.021666666666666667
2 0.4578125 0.5208333333333334 0.01875 0.025
2 0.49244791666666665 0.52 0.0140625 0.023333333333333334
2 0.38958333333333334 0.5145833333333333 0.013541666666666667 0.015833333333333335
2 0.409375 0.51375 0.013541666666666667 0.014166666666666666
2 0.4510416666666667 0.5158333333333334 0.011458333333333333 0.018333333333333333
2 0.5809895833333333 0.5091666666666667 0.0296875 0.02666666666666667
2 0.9765625 0.46291666666666664 0.046875 0.0525
2 0.2955729166666667 0.525 0.0171875 0.013333333333333334
2 0.15572916666666667 0.5108333333333334 0.053125 0.015
2 0.6692708333333334 0.5045833333333334 0.013541666666666667 0.015833333333333335
2 0.6393229166666666 0.5120833333333333 0.03697916666666667 0.0325
