0 0.2557291666666667 0.5770833333333333 0.026041666666666668 0.09416666666666666
2 0.3190104166666667 0.6170833333333333 0.1453125 0.1525
2 0.39114583333333336 0.5633333333333334 0.075 0.09333333333333334
2 0.039322916666666666 0.5254166666666666 0.07864583333333333 0.09083333333333334
2 0.07864583333333333 0.5320833333333334 0.14895833333333333 0.11583333333333333
2 0.45325520833333344 0.5262499999999999 0.01484375000000006 0.018333333333333333
2 0.47109375 0.5216666666666666 0.009895833333333333 0.015833333333333335
2 0.14250000000000002 0.53725 0.10604166666666665 0.08416666666666667
2 0.41640625 0.5204166666666666 0.011979166666666667 0.014166666666666666
2 0.478125 0.5258333333333334 0.015625 0.021666666666666667
2 0.5067708333333333 0.5241666666666667 0.011458333333333333 0.018333333333333333
2 0.49541666666666667 0.5269999999999999 0.01895833333333332 0.02199999999999998
2 0.5226934523809523 0.5256547619047619 0.02172619047619045 0.024166666666666666
2 0.5514756944444446 0.5234722222222222 0.016145833333333335 0.026944444444444382
2 0.5840494791666667 0.5164583333333334 0.026432291666666666 0.0225
2 0.4100694444444445 0.5240277777777778 0.009375 0.01027777777777781
2 0.43028273809523815 0.5501190476190476 0.033779761904761924 0.048571428571428515
2 0.29807291666666663 0.5262500000000001 0.06427083333333335 0.025166666666666705
2 0.264360119047619 0.5357738095238095 0.06666666666666667 0.05035714285714287
2 0.21189236111111112 0.5305555555555556 0.08836805555555556 0.07611111111111105
2 0.1560546875 0.5326041666666667 0.14466145833333333 0.089375
5 0.8526041666666667 0.29583333333333334 0.2947916666666667 0.4558333333333333
2 0.93046875 0.47833333333333333 0.019270833333333334 0.028333333333333332
2 0.322265625 0.5249305555555556 0.062239583333333334 0.030138888888888857
2 0.5881696428571429 0.5219642857142858 0.016815476190476155 0.026071428571428516
2 0.4236979166666667 0.5596527777777777 0.01875 0.05902777777777781
2 0.31692708333333336 0.5264166666666668 0.04927083333333335 0.026833333333333372
2 0.43203125000000014 0.5229166666666667 0.011979166666666726 0.011666666666666667
7 0.5447916666666667 0.49541666666666667 0.010416666666666666 0.0175
