6 0.48854166666666665 0.2679166666666667 0.013541666666666667 0.050833333333333335
6 0.35989583333333336 0.26208333333333333 0.011458333333333333 0.0475
6 0.17526041666666667 0.39625 0.015104166666666667 0.050833333333333335
0 0.7158854166666667 0.5595833333333333 0.027604166666666666 0.12583333333333332
0 0.7901041666666667 0.5583333333333333 0.0375 0.14166666666666666
2 0.3645833333333333 0.5395833333333333 0.05416666666666667 0.07583333333333334
0 0.30625 0.5383333333333333 0.013541666666666667 0.06
0 0.3184895833333333 0.5332500000000001 0.01270833333333338 0.052000000000000074
2 0.5671875 0.5358333333333334 0.051041666666666666 0.06833333333333333
0 0.49921875 0.525 0.016145833333333335 0.051666666666666666
5 0.40208333333333335 0.5270833333333333 0.036458333333333336 0.05416666666666667
2 0.42578124999999994 0.5277314814814814 0.01660879629629631 0.029907407407407428
2 0.42942708333333335 0.5241666666666667 0.018229166666666668 0.03333333333333333
2 0.53515625 0.5297222222222222 0.030729166666666665 0.051666666666666666
2 0.49375 0.5208333333333334 0.007291666666666667 0.018333333333333333
2 0.47486979166666665 0.5205208333333333 0.009375 0.013125
2 0.5114583333333333 0.52125 0.010416666666666666 0.014166666666666666
5 0.48515625 0.5208333333333334 0.009895833333333333 0.015
0 0.519314236111111 0.5215277777777777 0.007204861111111131 0.033055555555555526
6 0.8010416666666667 0.15833333333333333 0.028125 0.08166666666666667
5 0.4467708333333334 0.5221666666666667 0.019375000000000024 0.026000000000000037
6 0.6854166666666667 0.4175 0.014583333333333334 0.055
2 0.4666015625 0.5221875 0.010286458333333333 0.013125
