6 0.36796875 0.18541666666666667 0.0171875 0.0725
6 0.1796875 0.17041666666666666 0.01875 0.07416666666666667
0 0.6830729166666667 0.5904166666666667 0.03697916666666667 0.1725
0 0.7846354166666667 0.5883333333333334 0.0515625 0.19833333333333333
2 0.22682291666666668 0.55875 0.0609375 0.09083333333333334
0 0.17057291666666666 0.5570833333333334 0.018229166666666668 0.06916666666666667
0 0.159375 0.5541666666666667 0.016666666666666666 0.07
2 0.4754340277777777 0.5534722222222221 0.059201388888888866 0.08361111111111114
0 0.43255208333333334 0.5391666666666667 0.0109375 0.058333333333333334
5 0.278515625 0.5427083333333333 0.05703125 0.06708333333333333
2 0.3177083333333333 0.5416666666666666 0.023958333333333335 0.03333333333333333
2 0.32369791666666664 0.5375 0.027604166666666666 0.03333333333333333
2 0.4453125 0.5429166666666667 0.022916666666666665 0.060833333333333336
2 0.40130208333333334 0.5316666666666666 0.011979166666666667 0.016666666666666666
2 0.37843750000000004 0.5316666666666666 0.0125 0.014000000000000058
2 0.41744791666666664 0.5320833333333334 0.009895833333333333 0.015833333333333335
5 0.390625 0.53125 0.009375 0.015833333333333335
6 0.86953125 0.00625 0.0453125 0.0125
5 0.3460416666666667 0.5340833333333334 0.022291666666666703 0.029166666666666667
5 0.06822916666666666 0.6254166666666666 0.13645833333333332 0.3925
0 0.5002604166666667 0.5204166666666666 0.009895833333333333 0.029166666666666667
6 0.6365451388888889 0.39458333333333334 0.019618055555555593 0.07194444444444442
2 0.3690104166666667 0.53375 0.011770833333333286 0.014166666666666666
6 0.4078125 0.4870833333333333 0.003125 0.0125
6 0.38125 0.4859166666666666 0.003125 0.012166666666666591
5 0.4039583333333333 0.5251666666666667 0.009375 0.021666666666666667
