0 0.3065104166666667 0.5379166666666667 0.015104166666666667 0.06583333333333333
2 0.34427083333333336 0.5554166666666667 0.07395833333333333 0.08583333333333333
2 0.37447916666666664 0.5304166666666666 0.04791666666666667 0.06416666666666666
2 0.13854166666666667 0.5104166666666666 0.10833333333333334 0.0625
2 0.17942708333333332 0.5075 0.08802083333333334 0.056666666666666664
2 0.4080729166666667 0.50625 0.0140625 0.015833333333333335
2 0.42239583333333336 0.5025 0.009375 0.015
2 0.2121875 0.5094166666666666 0.06208333333333333 0.037833333333333316
2 0.42890625 0.5045833333333334 0.0140625 0.0175
2 0.45529513888888895 0.5034722222222223 0.008854166666666666 0.015833333333333335
2 0.44544270833333327 0.5053472222222222 0.015538194444444405 0.01763888888888895
2 0.4688802083333333 0.504375 0.019010416666666665 0.02125
2 0.49700520833333334 0.5001041666666667 0.021354166666666667 0.023958333333333335
2 0.5191592261904762 0.49482142857142863 0.0109375 0.016547619047619075
2 0.33908854166666663 0.5099583333333334 0.01963541666666663 0.015583333333333277
2 0.39781249999999996 0.5230833333333333 0.02020833333333331 0.03716666666666669
2 0.2916666666666667 0.5158333333333334 0.046875 0.035
2 0.28187500000000004 0.5211666666666667 0.024583333333333356 0.032666666666666705
2 0.23984375 0.5104166666666666 0.059895833333333336 0.0525
2 0.21655505952380955 0.5130952380952382 0.08236607142857144 0.055476190476190464
5 0.06484375 0.5247222222222222 0.1296875 0.12277777777777771
2 0.9794270833333333 0.4225 0.04114583333333333 0.075
2 0.9111979166666667 0.43583333333333335 0.14322916666666666 0.09
5 0.6887152777777779 0.3761805555555555 0.196875 0.23708333333333334
2 0.6852083333333334 0.46491666666666664 0.02000000000000005 0.031499999999999966
2 0.72734375 0.4579166666666667 0.0078125 0.025833333333333333
2 0.7552083333333334 0.455 0.035416666666666666 0.03
5 0.9640625 0.3729166666666667 0.071875 0.04833333333333333
2 0.7919270833333333 0.45 0.04114583333333333 0.03166666666666667
2 0.0953125 0.5124166666666666 0.11104166666666668 0.06183333333333337
2 0.8175520833333334 0.443 0.03093750000000005 0.03466666666666664
2 0.008854166666666666 0.6045833333333334 0.017708333333333333 0.06583333333333333
2 0.30758928571428573 0.507797619047619 0.04241071428571423 0.020357142857142775
2 0.5233506944444445 0.4956944444444444 0.008159722222222261 0.014166666666666666
2 0.3970775462962963 0.5308796296296295 0.004803240740740715 0.03120370370370362
2 0.8390104166666666 0.4444166666666666 0.034687499999999954 0.044499999999999984
2 0.31245659722222224 0.51125 0.014149305555555537 0.004722222222222191
7 0.48541666666666666 0.4775 0.008333333333333333 0.013333333333333334
