0 0.2981770833333333 0.5758333333333333 0.021354166666666667 0.085
2 0.3528645833333333 0.5989583333333334 0.10572916666666667 0.12541666666666668
2 0.403125 0.5595833333333333 0.06041666666666667 0.08083333333333333
2 0.077734375 0.5285416666666667 0.15546875 0.08791666666666667
2 0.14244791666666667 0.53375 0.1296875 0.0925
2 0.4536458333333334 0.5292857142857142 0.015029761904761922 0.018333333333333333
2 0.47046875 0.5249166666666667 0.009895833333333333 0.01616666666666655
2 0.19739583333333333 0.54 0.08020833333333334 0.07166666666666667
2 0.41744791666666664 0.5232500000000001 0.0109375 0.012166666666666685
2 0.47708333333333336 0.5288690476190476 0.015625 0.01988095238095241
2 0.5039434523809523 0.5275595238095238 0.011458333333333333 0.017976190476190368
2 0.4938988095238095 0.529107142857143 0.017410714285714352 0.022023809523809633
2 0.51953125 0.5275 0.0203125 0.023333333333333334
2 0.55078125 0.525 0.0234375 0.02666666666666667
2 0.5772135416666667 0.5183333333333333 0.02109375 0.0225
2 0.3771205357142857 0.529702380952381 0.015699404761904744 0.015833333333333335
2 0.43599537037037034 0.5497222222222223 0.02696759259259262 0.0422222222222221
2 0.31449652777777776 0.5341666666666667 0.057465277777777796 0.03277777777777781
2 0.284375 0.5379166666666667 0.06145833333333333 0.04583333333333333
2 0.24458333333333332 0.5341666666666667 0.07624999999999998 0.06633333333333336
2 0.2055121527777778 0.535 0.11137152777777777 0.07222222222222219
5 0.011979166666666667 0.5325 0.023958333333333335 0.07
5 0.8379166666666666 0.34199999999999997 0.3241666666666667 0.3636666666666667
2 0.79265625 0.48583333333333334 0.012812499999999952 0.028333333333333332
2 0.912326388888889 0.4752777777777777 0.038194444444444524 0.035
2 0.051171875 0.5467708333333333 0.062239583333333334 0.06104166666666667
2 0.9421875 0.46625 0.04583333333333333 0.04083333333333333
2 0.33375 0.5278333333333333 0.05354166666666664 0.02566666666666663
2 0.5815104166666667 0.52375 0.0109375 0.0225
2 0.42976190476190473 0.5552380952380952 0.016071428571428528 0.04952380952380954
2 0.9795572916666667 0.4690625 0.04088541666666667 0.052708333333333336
2 0.32973958333333336 0.5298333333333334 0.04197916666666674 0.023000000000000114
2 0.43281249999999993 0.5245 0.010000000000000024 0.0069999999999998865
7 0.5395833333333333 0.4995833333333333 0.008854166666666666 0.015
