0 0.33046875 0.545 0.011979166666666667 0.05
2 0.36614583333333334 0.5579166666666666 0.05 0.0625
2 0.38177083333333334 0.54125 0.0375 0.0525
2 0.21119791666666668 0.52125 0.0671875 0.049166666666666664
2 0.23567708333333334 0.5175 0.0609375 0.043333333333333335
2 0.40015625 0.52325 0.011979166666666667 0.015833333333333335
2 0.41263020833333336 0.5199166666666667 0.008906250000000011 0.014166666666666666
2 0.2540104166666667 0.5205833333333333 0.04510416666666668 0.03350000000000004
2 0.42012648809523806 0.5235119047619048 0.01421130952380955 0.01607142857142861
2 0.44453125 0.5229166666666667 0.007291666666666667 0.016666666666666666
2 0.4350520833333334 0.5226666666666666 0.014687500000000023 0.017666666666666705
2 0.4571354166666667 0.5225833333333334 0.0171875 0.019166666666666665
2 0.4830208333333334 0.52 0.019791666666666666 0.020333333333333408
2 0.5024479166666667 0.5150833333333334 0.010729166666666679 0.015500000000000019
2 0.3611400462962963 0.5241666666666668 0.008854166666666666 0.010740740740740762
2 0.33697916666666666 0.5241666666666667 0.0125 0.013333333333333334
2 0.39895833333333336 0.5372499999999999 0.01229166666666662 0.03183333333333337
2 0.31106770833333336 0.5295833333333333 0.03046875 0.029166666666666667
2 0.3011979166666667 0.5338333333333334 0.018229166666666668 0.023333333333333334
2 0.2722222222222222 0.5241666666666668 0.04340277777777774 0.04388888888888895
2 0.2565104166666667 0.5170833333333333 0.05677083333333333 0.0325
5 0.17604166666666668 0.5141666666666667 0.07604166666666666 0.056666666666666664
2 0.14565972222222223 0.6816666666666665 0.28784722222222225 0.30944444444444436
2 0.9482421875 0.5285416666666667 0.103515625 0.13375
2 0.990625 0.43875 0.01875 0.04416666666666667
2 0.9471354166666667 0.4479166666666667 0.0984375 0.049166666666666664
2 0.8723958333333334 0.4708333333333333 0.08802083333333334 0.05875
2 0.7905208333333335 0.47625 0.09104166666666665 0.06283333333333331
5 0.629375 0.43133333333333335 0.13645833333333332 0.17166666666666666
2 0.6592447916666667 0.490625 0.006510416666666667 0.025416666666666667
2 0.6814583333333334 0.4890833333333333 0.027291666666666714 0.028166666666666628
2 0.7110243055555555 0.48513888888888884 0.028298611111111073 0.025833333333333333
5 0.8366666666666667 0.442 0.05666666666666676 0.01899999999999996
5 0.9091145833333333 0.42083333333333334 0.0953125 0.055
2 0.739375 0.4815833333333334 0.02937499999999993 0.028166666666666725
2 0.1841579861111111 0.5213888888888889 0.07404513888888888 0.04666666666666667
7 0.47291666666666665 0.49833333333333335 0.007291666666666667 0.011666666666666667
