2 0.06328125 0.7891666666666667 0.1265625 0.32666666666666666
2 0.15572916666666667 0.67625 0.27395833333333336 0.23583333333333334
2 0.321875 0.5891666666666666 0.11145833333333334 0.10833333333333334
2 0.06041666666666667 0.5529166666666666 0.12083333333333333 0.1025
2 0.15598958333333332 0.52375 0.13697916666666668 0.059166666666666666
2 0.66953125 0.5241666666666667 0.0796875 0.04
7 0.5622395833333333 0.4795833333333333 0.01875 0.03
2 0.86015625 0.51 0.05260416666666667 0.035
2 0.9802083333333333 0.47583333333333333 0.03958333333333333 0.06166666666666667
2 0.31875 0.52375 0.03125 0.0275
2 0.6213541666666667 0.5229166666666667 0.041666666666666664 0.0325
2 0.56640625 0.5225 0.0359375 0.03833333333333333
2 0.5213541666666667 0.5266666666666666 0.03125 0.03166666666666667
2 0.48359375 0.52625 0.024479166666666666 0.029166666666666667
2 0.4315104166666667 0.5229166666666667 0.021354166666666667 0.024166666666666666
2 0.4036458333333333 0.5241666666666667 0.01875 0.023333333333333334
2 0.3763020833333333 0.5241666666666667 0.018229166666666668 0.023333333333333334
2 0.46145833333333336 0.52375 0.019791666666666666 0.025833333333333333
2 0.4981770833333333 0.5225 0.0140625 0.02666666666666667
2 0.38984375 0.5145833333333333 0.013020833333333334 0.0175
2 0.4109375 0.5141666666666667 0.0125 0.015
2 0.4546875 0.5166666666666667 0.0125 0.02
2 0.5984375 0.5125 0.034375 0.03
2 0.2903645833333333 0.52375 0.018229166666666668 0.0125
2 0.6125 0.5104166666666666 0.025 0.014166666666666666
2 0.09244791666666667 0.5270833333333333 0.13697916666666668 0.0575
2 0.5513020833333333 0.51375 0.0078125 0.009166666666666667
2 0.23151041666666666 0.5204166666666666 0.024479166666666666 0.014166666666666666
2 0.7091145833333333 0.5070833333333333 0.0296875 0.0275
2 0.6515625 0.5125 0.013541666666666667 0.013333333333333334
2 0.9471354166666667 0.50125 0.033854166666666664 0.0175
