6 0.21536458333333333 0.08375 0.022395833333333334 0.0925
0 0.6065104166666667 0.585 0.043229166666666666 0.215
0 0.7140625 0.5854166666666667 0.051041666666666666 0.23416666666666666
2 0.07760416666666667 0.5545833333333333 0.08020833333333334 0.1025
0 0.015625 0.5341666666666667 0.021875 0.03666666666666667
2 0.37005208333333334 0.5458333333333333 0.06614583333333333 0.09333333333333334
0 0.34322916666666664 0.5125 0.010416666666666666 0.028333333333333332
5 0.15005208333333334 0.5354583333333333 0.06947916666666668 0.0760833333333333
2 0.20052083333333334 0.5320833333333334 0.030208333333333334 0.0375
2 0.2109375 0.5266666666666666 0.03125 0.03833333333333333
2 0.33515625 0.5308333333333334 0.025520833333333333 0.058333333333333334
2 0.30052083333333335 0.52 0.011458333333333333 0.016666666666666666
2 0.27760416666666665 0.52 0.0125 0.015
2 0.31692708333333336 0.5204166666666666 0.0109375 0.0175
5 0.290625 0.5191666666666667 0.010416666666666666 0.015
0 0.32526041666666666 0.52 0.005729166666666666 0.035
5 0.2378472222222222 0.523611111111111 0.025694444444444433 0.030555555555555523
5 0.021614583333333333 0.6170833333333333 0.043229166666666666 0.23416666666666666
0 0.40008680555555554 0.5202777777777778 0.010590277777777738 0.055740740740740764
6 0.5481770833333334 0.35833333333333334 0.024479166666666666 0.08
2 0.26588541666666665 0.5227083333333333 0.011979166666666667 0.015833333333333335
6 0.30625 0.47333333333333333 0.003125 0.011666666666666667
6 0.278125 0.47208333333333335 0.003125 0.0125
5 0.3048828125 0.5132291666666666 0.010546875 0.021041666666666667
