0 0.184375 0.59125 0.03229166666666667 0.18416666666666667
0 0.346875 0.54625 0.011458333333333333 0.04416666666666667
2 0.38333333333333336 0.5583333333333333 0.041666666666666664 0.05333333333333334
2 0.3919270833333333 0.5445833333333333 0.0296875 0.04583333333333333
2 0.26979166666666665 0.5266666666666666 0.023958333333333335 0.025
2 0.27734375 0.5254166666666666 0.0359375 0.0325
2 0.4055555555555556 0.5301388888888887 0.007291666666666726 0.013055555555555523
2 0.4127604166666667 0.5275 0.0078125 0.011666666666666667
2 0.28020833333333334 0.5170833333333333 0.040625 0.0325
2 0.36371527777777773 0.5227777777777777 0.008680555555555535 0.007222222222222191
2 0.37786458333333334 0.5258333333333334 0.00859375 0.01
2 0.4205078125 0.5320833333333334 0.014192708333333333 0.0175
2 0.4436848958333333 0.5317708333333333 0.007161458333333333 0.014791666666666667
2 0.4354166666666667 0.5328125 0.01328125 0.016041666666666666
2 0.4561979166666667 0.5328333333333334 0.016562500000000036 0.01733333333333339
2 0.48020833333333335 0.5320833333333334 0.017708333333333333 0.019166666666666665
2 0.49850260416666664 0.52875 0.008723958333333334 0.0125
2 0.36516927083333334 0.5297916666666667 0.010546875 0.0125
2 0.34322916666666664 0.5279166666666667 0.012083333333333298 0.012833333333333315
2 0.40630208333333334 0.5400833333333332 0.010312499999999976 0.03383333333333326
2 0.32669270833333336 0.53125 0.02578125 0.025833333333333333
2 0.3177083333333333 0.5341666666666667 0.016666666666666666 0.0175
2 0.296484375 0.5220833333333333 0.03515625 0.034166666666666665
2 0.28359375 0.5183333333333333 0.0390625 0.028333333333333332
5 0.23763020833333334 0.5179166666666667 0.03567708333333333 0.0275
2 0.2955729166666667 0.6152083333333334 0.13020833333333334 0.14708333333333334
2 0.837109375 0.5516666666666666 0.10625 0.095
2 0.9270833333333334 0.49416666666666664 0.05416666666666667 0.06
2 0.8715494791666667 0.5004166666666666 0.07877604166666667 0.05416666666666667
2 0.8075520833333333 0.50625 0.0671875 0.0475
2 0.7401041666666667 0.5066666666666667 0.07083333333333333 0.05
5 0.6075520833333333 0.46375 0.10885416666666667 0.1375
2 0.6412109375 0.5129166666666667 0.023046875 0.023333333333333334
2 0.6635416666666667 0.5125 0.023958333333333335 0.025
2 0.68984375 0.51125 0.027604166666666666 0.025833333333333333
5 0.7981770833333334 0.480625 0.04895833333333333 0.022083333333333333
5 0.8694010416666667 0.4636458333333333 0.08697916666666666 0.04645833333333333
7 0.471875 0.5114583333333333 0.007291666666666667 0.012083333333333333
