2 0.4830729166666667 0.5445833333333333 0.06197916666666667 0.0975
2 0.01640625 0.6825 0.0328125 0.16833333333333333
2 0.11223958333333334 0.60875 0.21197916666666666 0.1925
2 0.30546875 0.5570833333333334 0.07239583333333334 0.07416666666666667
2 0.34713541666666664 0.54625 0.03802083333333333 0.0575
2 0.375 0.53125 0.03125 0.049166666666666664
2 0.7411458333333333 0.5966666666666667 0.19583333333333333 0.205
2 0.06067708333333333 0.535 0.12135416666666667 0.095
2 0.8934895833333333 0.71 0.21302083333333333 0.44166666666666665
2 0.6257523148148149 0.5603240740740741 0.1013888888888888 0.12898148148148153
2 0.5505208333333333 0.5309615384615386 0.046955128205128226 0.06269230769230774
2 0.5272569444444444 0.5155555555555555 0.009490740740740715 0.009259259259259238
2 0.5184375 0.5207499999999999 0.016458333333333346 0.026166666666666647
2 0.5013020833333334 0.5106666666666666 0.011562500000000024 0.01
2 0.4552083333333333 0.5145833333333333 0.0125 0.0125
5 0.41598307291666664 0.5180729166666667 0.04967447916666667 0.027604166666666666
2 0.4238020833333333 0.5234166666666666 0.005937499999999929 0.02216666666666678
2 0.4119791666666667 0.5241666666666667 0.020833333333333332 0.023333333333333334
