2 0.47890625 0.54 0.0578125 0.09166666666666666
2 0.20572916666666666 0.585 0.134375 0.115
2 0.28984375 0.5633333333333334 0.06822916666666666 0.085
2 0.34296875 0.5391666666666667 0.05364583333333333 0.06166666666666667
2 0.9578125 0.82375 0.084375 0.3175
2 0.7777083333333333 0.6242500000000001 0.27999999999999997 0.2878333333333334
2 0.569921875 0.5409375 0.06484375 0.085625
2 0.5407552083333333 0.5203333333333332 0.013385416666666572 0.01633333333333326
2 0.526707175925926 0.5250925925925927 0.0234375 0.03259259259259257
2 0.5143229166666666 0.52375 0.0078125 0.0275
2 0.5086681547619047 0.5213690476190476 0.008258928571428589 0.016785714285714258
2 0.5072048611111111 0.5177777777777777 0.0140625 0.023333333333333334
2 0.459090909090909 0.5148863636363638 0.016666666666666666 0.0125
5 0.43072916666666666 0.5220833333333333 0.040625 0.029166666666666667
2 0.41961263020833334 0.5278385416666667 0.006608072916666667 0.024739583333333332
2 0.40546875 0.5270833333333333 0.024479166666666666 0.0275
