2 0.51171875 0.5395833333333333 0.06614583333333333 0.10583333333333333
0 0.60546875 0.5908333333333333 0.04010416666666667 0.20166666666666666
2 0.74765625 0.6216666666666667 0.25885416666666666 0.185
2 0.30911458333333336 0.55875 0.0796875 0.07916666666666666
2 0.35859375 0.5408333333333334 0.05572916666666667 0.075
0 0.7322916666666667 0.5033333333333333 0.027083333333333334 0.065
2 0.40572916666666664 0.5308333333333334 0.03854166666666667 0.04666666666666667
2 0.42578125 0.52625 0.022395833333333334 0.0375
2 0.43828125 0.5183333333333333 0.021354166666666667 0.035
2 0.5908854166666667 0.53375 0.021354166666666667 0.07416666666666667
2 0.27838541666666666 0.5170833333333333 0.019270833333333334 0.0525
0 0.6729166666666667 0.53875 0.0375 0.07916666666666666
2 0.6481770833333333 0.5204166666666666 0.0765625 0.1075
0 0.7934895833333333 0.5152083333333335 0.013541666666666667 0.059583333333333426
0 0.8510416666666667 0.5229166666666667 0.020833333333333332 0.1025
0 0.8341145833333333 0.5195833333333333 0.022395833333333334 0.1025
0 0.8098958333333334 0.5175 0.020833333333333332 0.08166666666666667
2 0.5790364583333333 0.525625 0.034375 0.06625
2 0.5567708333333333 0.5175 0.022916666666666665 0.041666666666666664
2 0.54375 0.50625 0.010416666666666666 0.009166666666666667
2 0.49453125 0.5066666666666667 0.011979166666666667 0.011666666666666667
5 0.45859375 0.5095833333333334 0.025520833333333333 0.020833333333333332
2 0.4605113636363637 0.5150378787878789 0.01714015151515156 0.019015151515151464
