2 0.48385416666666664 0.5425 0.057291666666666664 0.09166666666666666
2 0.1796875 0.5954166666666667 0.15416666666666667 0.12916666666666668
2 0.27786458333333336 0.57125 0.0796875 0.0925
2 0.34088541666666666 0.5433333333333333 0.05677083333333333 0.065
2 0.8346354166666666 0.6605555555555557 0.3307291666666667 0.37166666666666665
2 0.5809659090909091 0.5459090909090908 0.07007575757575767 0.09151515151515156
2 0.5481250000000001 0.52225 0.013645833333333239 0.0175
2 0.5341145833333333 0.5291666666666667 0.0234375 0.03333333333333333
2 0.5203125 0.52625 0.009375 0.029166666666666667
2 0.5143229166666666 0.5225 0.008854166666666666 0.018333333333333333
2 0.5127604166666667 0.52 0.0140625 0.023333333333333334
2 0.4637310606060606 0.5164015151515151 0.016666666666666666 0.0125
5 0.43815104166666663 0.5234166666666666 0.038697916666666644 0.030166666666666706
2 0.4233854166666667 0.5288333333333334 0.007395833333333357 0.026000000000000037
2 0.40911458333333334 0.5279166666666667 0.025520833333333333 0.029166666666666667
