2 0.5122395833333333 0.5420833333333334 0.06510416666666667 0.10416666666666667
0 0.60234375 0.58875 0.03802083333333333 0.19416666666666665
2 0.7377604166666667 0.6191666666666666 0.24739583333333334 0.17666666666666667
2 0.3125 0.5583333333333333 0.078125 0.07666666666666666
2 0.36041666666666666 0.5416666666666666 0.05520833333333333 0.07333333333333333
0 0.7296875 0.5025 0.030208333333333334 0.056666666666666664
2 0.40625 0.5304166666666666 0.03854166666666667 0.0425
2 0.42630208333333336 0.5283333333333333 0.021354166666666667 0.03833333333333333
2 0.4390625 0.5195833333333333 0.021875 0.035833333333333335
2 0.5893229166666667 0.53375 0.0203125 0.06916666666666667
2 0.28151041666666665 0.51625 0.018229166666666668 0.050833333333333335
0 0.6703125 0.53875 0.036458333333333336 0.07583333333333334
2 0.6458333333333334 0.5179166666666667 0.07291666666666667 0.0975
0 0.78671875 0.5176250000000001 0.013541666666666667 0.060750000000000075
0 0.8432291666666667 0.525 0.019791666666666666 0.10166666666666667
0 0.8263020833333333 0.5229166666666667 0.022395833333333334 0.1025
0 0.8036458333333333 0.5191666666666667 0.019791666666666666 0.08
2 0.57703125 0.52625 0.03135416666666657 0.06549999999999992
2 0.55546875 0.5170833333333333 0.024479166666666666 0.04083333333333333
2 0.54375 0.5066666666666667 0.010416666666666666 0.01
2 0.49453125 0.5083333333333333 0.011979166666666667 0.011666666666666667
5 0.459375 0.51125 0.025 0.020833333333333332
2 0.4612215909090908 0.5159469696969697 0.017045454545454555 0.018712121212121246
