2 0.51640625 0.5275 0.05364583333333333 0.07833333333333334
2 0.39921875 0.5266666666666666 0.0421875 0.045
2 0.4205729166666667 0.5183333333333333 0.0328125 0.045
2 0.44505208333333335 0.5145833333333333 0.022395833333333334 0.030833333333333334
2 0.45703125 0.5120833333333333 0.0109375 0.0275
2 0.46171875 0.5070833333333333 0.016145833333333335 0.0275
2 0.47760416666666666 0.5045833333333334 0.013541666666666667 0.015833333333333335
2 0.4861979166666667 0.50375 0.0067708333333333336 0.014166666666666666
2 0.54453125 0.5055555555555555 0.0078125 0.02666666666666667
2 0.5354166666666667 0.4970833333333333 0.011458333333333333 0.015833333333333335
2 0.5984375 0.5358333333333334 0.08125 0.065
2 0.5513020833333333 0.5041666666666667 0.016145833333333335 0.03166666666666667
0 0.5622395833333333 0.5220833333333333 0.0171875 0.0775
2 0.5877604166666667 0.49666666666666665 0.0390625 0.04833333333333333
2 0.4907291666666666 0.5017499999999999 0.009375 0.016500000000000056
5 0.8020833333333334 0.4525 0.371875 0.5066666666666667
2 0.5005208333333333 0.4995833333333333 0.010416666666666666 0.0125
0 0.596875 0.5008333333333334 0.010416666666666666 0.013333333333333334
0 0.6346354166666667 0.4979166666666667 0.005729166666666666 0.0425
