2 0.55625 0.5266666666666666 0.05520833333333333 0.08
2 0.4421875 0.5220833333333333 0.040625 0.0425
2 0.46380208333333334 0.515 0.0296875 0.043333333333333335
2 0.4859375 0.5108333333333334 0.021875 0.03
2 0.4973958333333333 0.5091666666666667 0.011458333333333333 0.02666666666666667
2 0.5015625 0.50375 0.015625 0.0275
2 0.5166666666666667 0.5016666666666667 0.013541666666666667 0.015
2 0.5263020833333333 0.5008333333333334 0.005729166666666666 0.013333333333333334
2 0.5815104166666667 0.505 0.0078125 0.02666666666666667
2 0.5744791666666667 0.49541666666666667 0.014583333333333334 0.015833333333333335
2 0.6322916666666667 0.5329166666666667 0.071875 0.0625
2 0.5895833333333333 0.5029166666666667 0.015625 0.030833333333333334
0 0.6020833333333333 0.52125 0.017708333333333333 0.07083333333333333
2 0.6244791666666667 0.49583333333333335 0.040625 0.045
2 0.5265625 0.49875 0.009375 0.015833333333333335
5 0.8104166666666667 0.4658333333333333 0.296875 0.43666666666666665
2 0.5393229166666667 0.4975 0.009895833333333333 0.011666666666666667
0 0.634375 0.5 0.010416666666666666 0.01
