2 0.4942708333333333 0.5408333333333334 0.05520833333333333 0.07666666666666666
2 0.36822916666666666 0.5441666666666667 0.04583333333333333 0.04833333333333333
2 0.3924479166666667 0.5354166666666667 0.034895833333333334 0.050833333333333335
2 0.41875 0.53 0.026041666666666668 0.03333333333333333
2 0.43333333333333335 0.5283333333333333 0.011458333333333333 0.028333333333333332
2 0.43802083333333336 0.5229166666666667 0.016666666666666666 0.0275
2 0.4546875 0.52125 0.015625 0.015833333333333335
2 0.46380208333333334 0.51875 0.0067708333333333336 0.0125
2 0.5222135416666667 0.5192916666666667 0.008385416666666678 0.02574999999999998
2 0.5135416666666667 0.5120833333333333 0.011458333333333333 0.0175
2 0.5869791666666667 0.555 0.09270833333333334 0.07333333333333333
2 0.5319531249999999 0.5195833333333333 0.016093749999999987 0.03350000000000004
0 0.5424479166666667 0.54 0.0203125 0.085
2 0.5708333333333333 0.5125 0.042708333333333334 0.05333333333333334
2 0.46625 0.5153333333333333 0.009375 0.014833333333333296
5 0.8059895833333334 0.45375 0.3880208333333333 0.7575
2 0.47942708333333334 0.5158333333333334 0.011458333333333333 0.015
0 0.5817708333333333 0.5158333333333334 0.014583333333333334 0.018333333333333333
0 0.6221354166666667 0.525 0.0078125 0.011666666666666667
