2 0.5653645833333333 0.5520833333333334 0.07135416666666666 0.10916666666666666
0 0.92265625 0.7391666666666666 0.13802083333333334 0.5216666666666666
2 0.9333333333333333 0.7929166666666667 0.13333333333333333 0.3591666666666667
2 0.29791666666666666 0.5883333333333334 0.11666666666666667 0.10666666666666667
2 0.3731770833333333 0.5633333333333334 0.0765625 0.09666666666666666
0 0.90078125 0.5158333333333334 0.03802083333333333 0.10166666666666667
2 0.4395833333333333 0.545 0.04583333333333333 0.051666666666666666
2 0.46484375 0.54 0.0234375 0.043333333333333335
2 0.4791666666666667 0.5308333333333334 0.025 0.03833333333333333
2 0.684375 0.5566666666666666 0.06041666666666667 0.10166666666666667
0 0.97734375 0.55375 0.034895833333333334 0.15583333333333332
2 0.28203125 0.5283333333333333 0.05260416666666667 0.056666666666666664
0 0.8184895833333333 0.5879166666666666 0.0578125 0.16083333333333333
2 0.7580729166666667 0.5579166666666666 0.1578125 0.20083333333333334
2 0.6471643518518518 0.5422222222222223 0.05115740740740738 0.08388888888888876
2 0.6132161458333333 0.5290625 0.032421875 0.049375
2 0.5942708333333333 0.5152777777777777 0.010416666666666666 0.008888888888888858
2 0.5408854166666667 0.51625 0.0109375 0.010833333333333334
5 0.50546875 0.5208333333333334 0.030729166666666665 0.023333333333333334
2 0.5042187499999999 0.5247916666666667 0.018229166666666668 0.02008333333333326
