5 0.08307291666666666 0.5475 0.04114583333333333 0.025
2 0.13177083333333334 0.5470833333333334 0.023958333333333335 0.0275
2 0.37916666666666665 0.5441666666666667 0.0625 0.03166666666666667
2 0.4278645833333333 0.5375 0.034895833333333334 0.03166666666666667
2 0.47317708333333336 0.52875 0.0140625 0.0175
2 0.48359375 0.5241666666666667 0.009895833333333333 0.015
2 0.58125 0.5541666666666667 0.05 0.058333333333333334
2 0.5752604166666667 0.5383333333333333 0.0484375 0.06333333333333334
2 0.5510416666666667 0.5358333333333334 0.021875 0.05333333333333334
2 0.5270833333333333 0.5245833333333333 0.013541666666666667 0.015833333333333335
2 0.521875 0.52125 0.0125 0.019166666666666665
