2 0.4703125 0.5454166666666667 0.059375 0.0925
2 0.01484375 0.6608333333333334 0.0296875 0.215
2 0.24427083333333333 0.575 0.10416666666666667 0.095
2 0.3046875 0.5604166666666667 0.05416666666666667 0.07416666666666667
2 0.34661458333333334 0.54 0.044270833333333336 0.056666666666666664
2 0.86171875 0.7058333333333333 0.2765625 0.42833333333333334
2 0.01796875 0.53 0.0359375 0.095
2 0.6776041666666667 0.5895833333333333 0.16927083333333334 0.1975
2 0.5506944444444444 0.539861111111111 0.05486111111111119 0.07305555555555543
2 0.5244140625 0.5205208333333333 0.012890625 0.013958333333333333
2 0.5125 0.5268055555555556 0.021180555555555536 0.03101851851851857
2 0.5016741071428572 0.5270833333333333 0.0078125 0.025833333333333333
2 0.49557291666666664 0.5245833333333333 0.0067708333333333336 0.019166666666666665
2 0.49505208333333334 0.5199305555555557 0.0140625 0.019861111111111142
2 0.44817708333333334 0.5170833333333333 0.0140625 0.0125
5 0.40989583333333335 0.5232291666666666 0.0550347222222222 0.029930555555555523
2 0.4115785256410257 0.5289743589743588 0.006089743589743671 0.022179487179487107
2 0.39869791666666665 0.5295833333333333 0.0234375 0.025833333333333333
