2 0.5046875 0.54625 0.05625 0.0875
5 0.8515625 0.42125 0.296875 0.8425
0 0.5622395833333333 0.5583333333333333 0.0203125 0.10166666666666667
2 0.61953125 0.5754166666666667 0.11822916666666666 0.08916666666666667
2 0.36015625 0.5525 0.0546875 0.055
2 0.3924479166666667 0.54375 0.03697916666666667 0.0575
0 0.6552083333333333 0.5191666666666667 0.011458333333333333 0.051666666666666666
2 0.421875 0.5370833333333334 0.028125 0.035833333333333335
2 0.43645833333333334 0.5341666666666667 0.015625 0.03166666666666667
2 0.4453125 0.5275 0.017708333333333333 0.028333333333333332
1 0.3296875 0.52875 0.005208333333333333 0.030833333333333334
0 0.609375 0.5245833333333333 0.015625 0.020833333333333332
2 0.5934895833333333 0.5220833333333333 0.049479166666666664 0.0625
0 0.6840277777777779 0.5355555555555556 0.013541666666666667 0.07444444444444438
0 0.7151041666666667 0.55625 0.009375 0.030833333333333334
0 0.70390625 0.5404166666666667 0.011979166666666667 0.06916666666666667
0 0.6958333333333333 0.5358333333333334 0.008333333333333333 0.07333333333333333
2 0.55390625 0.5345833333333333 0.013020833333333334 0.049166666666666664
2 0.5448474702380952 0.5264880952380951 0.01625744047619051 0.035833333333333335
2 0.4915798611111111 0.51875 0.006423611111111072 0.006388888888888952
2 0.4622395833333333 0.52625 0.0140625 0.0175
