2 0.46848958333333335 0.5454166666666667 0.058854166666666666 0.09416666666666666
2 0.03203125 0.6395833333333333 0.0640625 0.22416666666666665
2 0.2513020833333333 0.5725 0.09739583333333333 0.09166666666666666
2 0.3098958333333333 0.5570833333333334 0.052083333333333336 0.07083333333333333
2 0.34739583333333335 0.5395833333333333 0.042708333333333334 0.05583333333333333
2 0.8510416666666667 0.6725 0.29791666666666666 0.3616666666666667
2 0.023697916666666666 0.5141666666666667 0.04739583333333333 0.06666666666666667
2 0.66328125 0.58375 0.15572916666666667 0.1825
2 0.5472222222222222 0.5388888888888889 0.0524305555555556 0.07111111111111104
2 0.5213541666666667 0.5205555555555557 0.012384259259259286 0.01314814814814819
2 0.51015625 0.5267499999999999 0.02052083333333338 0.030499999999999923
2 0.4988715277777778 0.5266666666666666 0.0078125 0.025833333333333333
2 0.4936631944444444 0.5234722222222222 0.006423611111111131 0.019166666666666665
2 0.49296875 0.5196527777777779 0.0140625 0.019305555555555617
2 0.4458043981481482 0.517361111111111 0.01383101851851857 0.0125
5 0.40781249999999997 0.5228124999999999 0.05434027777777774 0.029652777777777715
2 0.40989583333333335 0.53 0.00625 0.021666666666666667
2 0.39817708333333335 0.5295833333333333 0.0234375 0.025833333333333333
