2 0.26640625 0.6120833333333333 0.22760416666666666 0.2325
2 0.87734375 0.575 0.2453125 0.185
5 0.14140625 0.5445833333333333 0.04114583333333333 0.0225
2 0.19166666666666668 0.54375 0.029166666666666667 0.0275
2 0.4200520833333333 0.5395833333333333 0.058854166666666666 0.029166666666666667
2 0.4700520833333333 0.5333333333333333 0.027604166666666666 0.03
2 0.5080729166666667 0.525 0.011979166666666667 0.016666666666666666
2 0.5166666666666667 0.52125 0.008333333333333333 0.0125
2 0.6041666666666666 0.5466666666666666 0.04479166666666667 0.055
2 0.60078125 0.5354166666666667 0.043229166666666666 0.05583333333333333
2 0.5783854166666667 0.5316666666666666 0.019270833333333334 0.05
2 0.5583333333333333 0.5225 0.0125 0.015
2 0.5526041666666667 0.51875 0.0125 0.019166666666666665
2 0.5125 0.5175 0.0125 0.008333333333333333
