2 0.48802083333333335 0.5433333333333333 0.06354166666666666 0.09833333333333333
2 0.03723958333333333 0.65125 0.07447916666666667 0.19416666666666665
2 0.140625 0.6016666666666667 0.19270833333333334 0.18
2 0.31614583333333335 0.5558333333333333 0.06979166666666667 0.07333333333333333
2 0.3541666666666667 0.54625 0.040625 0.0575
2 0.38255208333333335 0.5304166666666666 0.030729166666666665 0.0475
2 0.7302083333333333 0.5908333333333333 0.17708333333333334 0.19166666666666668
2 0.07473958333333333 0.5333333333333333 0.12864583333333332 0.08833333333333333
2 0.88203125 0.73 0.2359375 0.49166666666666664
2 0.625636574074074 0.558287037037037 0.09652777777777762 0.12490740740740733
2 0.5536458333333333 0.5291666666666667 0.04583333333333333 0.06166666666666667
2 0.5319196428571428 0.5141666666666667 0.008928571428571352 0.00880952380952389
2 0.5231770833333332 0.5198611111111112 0.015798611111111072 0.02546296296296305
2 0.5065104166666666 0.51 0.011979166666666667 0.01
2 0.46041666666666664 0.5129166666666667 0.0125 0.0125
5 0.42173477564102557 0.5174358974358974 0.048517628205128165 0.027307692307692265
2 0.42890625 0.5229166666666667 0.005729166666666666 0.0225
2 0.41770833333333335 0.5233333333333333 0.020833333333333332 0.023333333333333334
