2 0.50625 0.545 0.05625 0.08833333333333333
5 0.8606770833333334 0.43375 0.2786458333333333 0.8675
0 0.5651041666666666 0.5583333333333333 0.020833333333333332 0.105
2 0.6247395833333333 0.57625 0.12239583333333333 0.09083333333333334
2 0.359375 0.5520833333333334 0.05625 0.05583333333333333
2 0.39140625 0.5429166666666667 0.04010416666666667 0.05583333333333333
0 0.6583333333333333 0.5208333333333334 0.013541666666666667 0.056666666666666664
2 0.42239583333333336 0.5370833333333334 0.029166666666666667 0.035833333333333335
2 0.4375 0.5341666666666667 0.015625 0.03166666666666667
2 0.44635416666666666 0.52875 0.017708333333333333 0.030833333333333334
1 0.32890625 0.5270833333333333 0.005729166666666666 0.034166666666666665
0 0.6140625 0.52625 0.016666666666666666 0.020833333333333332
2 0.59609375 0.5216666666666666 0.049479166666666664 0.06333333333333334
0 0.6886574074074073 0.5350925925925925 0.013541666666666667 0.07574074074074076
0 0.7213541666666666 0.5545833333333333 0.0125 0.0375
0 0.7096354166666666 0.5383333333333333 0.013020833333333334 0.075
0 0.7010416666666667 0.5358333333333334 0.008333333333333333 0.07333333333333333
2 0.5559895833333334 0.5333333333333333 0.0140625 0.05
2 0.5464471726190475 0.5255357142857142 0.016331845238095135 0.035833333333333335
2 0.4934895833333333 0.5179166666666667 0.0067708333333333336 0.005833333333333334
2 0.4631770833333333 0.5249166666666667 0.01427083333333338 0.0175
