2 0.5697916666666667 0.5216666666666666 0.05520833333333333 0.09
2 0.45729166666666665 0.5204166666666666 0.03958333333333333 0.0425
2 0.47734375 0.5125 0.03177083333333333 0.045
2 0.5 0.50875 0.020833333333333332 0.030833333333333334
2 0.51171875 0.5075 0.0109375 0.02666666666666667
2 0.5161458333333333 0.5020833333333333 0.015625 0.0275
2 0.5307291666666667 0.5 0.013541666666666667 0.015
2 0.53984375 0.49875 0.005729166666666666 0.014166666666666666
2 0.59453125 0.5016666666666667 0.0078125 0.02666666666666667
2 0.5888020833333333 0.49416666666666664 0.0140625 0.016666666666666666
2 0.6447916666666667 0.5308333333333334 0.071875 0.06333333333333334
2 0.6033854166666667 0.5 0.015104166666666667 0.03
0 0.6158854166666666 0.5195833333333333 0.018229166666666668 0.07083333333333333
2 0.6390625 0.49416666666666664 0.0375 0.04666666666666667
2 0.5436979166666667 0.4975 0.00927083333333331 0.015666666666666725
5 0.809375 0.465 0.3020833333333333 0.425
2 0.5535807291666667 0.49541666666666667 0.010026041666666667 0.0125
0 0.64765625 0.49833333333333335 0.011979166666666667 0.011666666666666667
