2 0.54765625 0.5445833333333333 0.06822916666666666 0.10416666666666667
2 0.18619791666666666 0.61125 0.18697916666666667 0.1525
2 0.309375 0.5695833333333333 0.10208333333333333 0.1225
2 0.40130208333333334 0.54375 0.05260416666666667 0.059166666666666666
2 0.42916666666666664 0.5383333333333333 0.03333333333333333 0.05333333333333334
2 0.45 0.52625 0.027083333333333334 0.04416666666666667
2 0.7098958333333333 0.5654166666666667 0.1 0.13583333333333333
2 0.21067708333333332 0.5158333333333334 0.08385416666666666 0.056666666666666664
2 0.15989583333333332 0.5375 0.015625 0.023333333333333334
0 0.9627604166666667 0.6429166666666667 0.07239583333333334 0.24916666666666668
2 0.8591145833333333 0.57875 0.28177083333333336 0.30416666666666664
2 0.6533854166666667 0.5465277777777777 0.07170138888888893 0.09805555555555552
2 0.6014914772727273 0.5263257575757577 0.038778409090908995 0.05462121212121218
2 0.5751736111111111 0.5139814814814815 0.012384259259259286 0.015925925925925906
2 0.5625 0.50625 0.008854166666666666 0.005833333333333334
2 0.515625 0.5104166666666666 0.011458333333333333 0.0125
5 0.47843749999999996 0.5151249999999998 0.03885416666666662 0.025083333333333256
2 0.47734375 0.5208333333333334 0.018229166666666668 0.021666666666666667
