2 0.69765625 0.5525 0.23177083333333334 0.125
2 0.44895833333333335 0.53375 0.10729166666666666 0.08916666666666667
2 0.11041666666666666 0.5375 0.08541666666666667 0.085
2 0.22916666666666666 0.5220833333333333 0.027083333333333334 0.035833333333333335
6 0.37838541666666664 0.4275 0.015104166666666667 0.023333333333333334
2 0.01640625 0.5470833333333334 0.0328125 0.0725
2 0.15755208333333334 0.5270833333333333 0.033854166666666664 0.0425
2 0.18203125 0.5195833333333333 0.025520833333333333 0.034166666666666665
2 0.19244791666666666 0.5129166666666667 0.024479166666666666 0.0375
4 0.24791666666666667 0.505 0.015625 0.02666666666666667
2 0.50546875 0.5191666666666667 0.0890625 0.05333333333333334
5 0.6283854166666667 0.5216666666666666 0.11510416666666666 0.12
2 0.9005208333333333 0.5220833333333333 0.16875 0.08916666666666667
2 0.053125 0.535 0.04895833333333333 0.05
2 0.6842708333333334 0.4796666666666666 0.04583333333333333 0.02666666666666667
2 0.58359375 0.5129166666666667 0.0328125 0.06816666666666663
6 0.3625 0.4266666666666667 0.010000000000000024 0.017333333333333294
