2 0.18098958333333334 0.6025 0.19010416666666666 0.16833333333333333
5 0.8333333333333334 0.5270833333333333 0.3333333333333333 0.9458333333333333
2 0.29375 0.5620833333333334 0.05520833333333333 0.07083333333333333
2 0.3578125 0.5475 0.023958333333333335 0.028333333333333332
5 0.48151041666666666 0.5416666666666666 0.04010416666666667 0.051666666666666666
2 0.5955729166666667 0.555 0.0609375 0.08166666666666667
2 0.5643229166666667 0.5529166666666666 0.0203125 0.0525
2 0.44973958333333336 0.53375 0.011979166666666667 0.0125
2 0.5625 0.5441666666666667 0.027083333333333334 0.05
2 0.5002604166666667 0.5291666666666667 0.0078125 0.015
2 0.5481770833333334 0.53875 0.019270833333333334 0.03916666666666667
2 0.5145833333333333 0.5295833333333333 0.007291666666666667 0.009166666666666667
