4 0.04973958333333333 0.5191666666666667 0.09947916666666666 0.43
2 0.1625 0.6108333333333333 0.165625 0.14833333333333334
2 0.30833333333333335 0.55875 0.09583333333333334 0.11083333333333334
2 0.3578125 0.5375 0.030208333333333334 0.05333333333333334
5 0.4821354166666667 0.5279166666666668 0.03989583333333328 0.048500000000000036
2 0.50625 0.51625 0.011458333333333333 0.014166666666666666
5 0.7208333333333333 0.5266666666666666 0.23958333333333334 0.36
2 0.5799479166666667 0.533611111111111 0.04253472222222226 0.05888888888888886
2 0.52109375 0.5175 0.0067708333333333336 0.008333333333333333
2 0.26536458333333335 0.54 0.030729166666666665 0.045
2 0.5570833333333333 0.5270833333333332 0.01833333333333324 0.0398333333333333
2 0.5485243055555554 0.5234722222222222 0.013715277777777738 0.034166666666666665
2 0.5583333333333335 0.5340277777777778 0.01423611111111119 0.04194444444444438
2 0.3807291666666667 0.5320833333333334 0.023958333333333335 0.0275
2 0.4644270833333334 0.5210833333333333 0.0067708333333333336 0.00949999999999998
2 0.12578125 0.5620833333333334 0.07239583333333334 0.07416666666666667
