5 0.49296875 0.5479166666666667 0.10364583333333334 0.14583333333333334
6 0.28958333333333336 0.36791666666666667 0.007291666666666667 0.0325
6 0.33619791666666665 0.3641666666666667 0.008854166666666666 0.03333333333333333
6 0.4109375 0.35208333333333336 0.009375 0.034166666666666665
6 0.48671875 0.33125 0.009895833333333333 0.0375
2 0.03359375 0.5591666666666667 0.0671875 0.06333333333333334
2 0.44505208333333335 0.5075 0.021354166666666667 0.03
2 0.4153645833333333 0.5216666666666666 0.0390625 0.04666666666666667
2 0.2921875 0.5320833333333334 0.053125 0.0575
2 0.5828125 0.4825 0.015625 0.005
6 0.2674479166666667 0.4008333333333333 0.008854166666666666 0.025
2 0.45338541666666665 0.49333333333333335 0.011979166666666667 0.015
6 0.2813541666666667 0.4085833333333333 0.007291666666666667 0.028166666666666628
5 0.6285416666666667 0.49508333333333326 0.014791666666666713 0.030499999999999923
6 0.615625 0.2991666666666667 0.014583333333333334 0.06333333333333334
2 0.375 0.5133333333333333 0.025 0.03333333333333333
2 0.40130208333333334 0.49541666666666667 0.016145833333333335 0.009166666666666667
2 0.39166666666666666 0.5154166666666666 0.021875 0.034166666666666665
6 0.6080729166666665 0.30524999999999997 0.013854166666666619 0.07083333333333333
2 0.4140625 0.4970833333333333 0.016666666666666666 0.004166666666666667
2 0.57734375 0.50125 0.05677083333333333 0.034166666666666665
2 0.43697916666666664 0.49166666666666664 0.017708333333333333 0.008333333333333333
2 0.1375 0.6733333333333333 0.275 0.26
2 0.4276041666666667 0.5041666666666667 0.016666666666666666 0.021666666666666667
2 0.6252604166666667 0.49 0.018229166666666668 0.02666666666666667
2 0.43645833333333334 0.4995833333333333 0.00625 0.0125
6 0.21432291666666667 0.48375 0.0078125 0.0125
6 0.5572916666666666 0.45666666666666667 0.00625 0.009166666666666667
6 0.6067708333333334 0.44083333333333335 0.008333333333333333 0.018333333333333333
6 0.6171875 0.4395833333333333 0.004166666666666667 0.015833333333333335
6 0.5515625 0.45625 0.004166666666666667 0.009166666666666667
