2 0.29322916666666665 0.5395833333333333 0.03854166666666667 0.03916666666666667
5 0.48359375 0.5233333333333333 0.04114583333333333 0.051666666666666666
2 0.7302083333333333 0.5995833333333334 0.19791666666666666 0.2125
2 0.6236979166666666 0.5691666666666667 0.07864583333333333 0.10333333333333333
2 0.4122395833333333 0.5191666666666667 0.018229166666666668 0.018333333333333333
2 0.5963541666666666 0.5454166666666667 0.06145833333333333 0.0875
2 0.5606770833333333 0.52875 0.0390625 0.05583333333333333
2 0.5049479166666667 0.5120833333333333 0.0078125 0.009166666666666667
5 0.5427083333333333 0.5254166666666666 0.014583333333333334 0.04416666666666667
5 0.08385416666666666 0.5754166666666667 0.14791666666666667 0.1125
2 0.45625 0.5129166666666667 0.008333333333333333 0.014166666666666666
