2 0.42083333333333334 0.525 0.04791666666666667 0.05333333333333334
5 0.6729166666666667 0.545 0.18125 0.15166666666666667
6 0.49453125 0.08916666666666667 0.0234375 0.11666666666666667
6 0.32135416666666666 0.16416666666666666 0.021875 0.09666666666666666
6 0.08932291666666667 0.22625 0.0203125 0.07583333333333334
6 0.17109375 0.21208333333333335 0.022395833333333334 0.0825
2 0.44947916666666665 0.5120833333333333 0.028125 0.034166666666666665
2 0.51015625 0.5179166666666667 0.0390625 0.0425
2 0.22161458333333334 0.5425 0.10260416666666666 0.1
2 0.34401041666666665 0.5325 0.05677083333333333 0.058333333333333334
2 0.3846354166666667 0.52 0.034895833333333334 0.043333333333333335
2 0.46796875 0.5045833333333334 0.018229166666666668 0.025833333333333333
2 0.4744791666666667 0.49916666666666665 0.015625 0.025
5 0.76328125 0.47875 0.0640625 0.0375
6 0.12057291666666667 0.3329166666666667 0.0140625 0.04416666666666667
6 0.15755208333333334 0.34708333333333335 0.0109375 0.0475
6 0.8786458333333333 0.022083333333333333 0.028125 0.04416666666666667
2 0.4283854166666667 0.4970833333333333 0.0671875 0.024166666666666666
6 0.6059895833333333 0.44333333333333336 0.008854166666666666 0.013333333333333334
5 0.503125 0.485 0.016666666666666666 0.021666666666666667
6 0.5970052083333334 0.44166666666666665 0.00703125 0.014166666666666666
6 0.83515625 0.35533333333333333 0.027395833333333286 0.05466666666666668
2 0.7817708333333333 0.5041666666666667 0.08541666666666667 0.056666666666666664
2 0.6338541666666667 0.49625 0.034375 0.034166666666666665
5 0.8048611111111111 0.47041666666666665 0.04027777777777774 0.034166666666666665
2 0.48802083333333335 0.49666666666666665 0.008333333333333333 0.013333333333333334
2 0.43203125 0.50125 0.0140625 0.014166666666666666
2 0.5028645833333333 0.49875 0.0171875 0.019166666666666665
2 0.3145833333333333 0.5304166666666666 0.03333333333333333 0.04416666666666667
2 0.9393229166666667 0.49125 0.058854166666666666 0.0525
2 0.4015625 0.5033333333333333 0.0125 0.011666666666666667
6 0.22885416666666666 0.47741666666666677 0.004166666666666667 0.0125
