2 0.08828125 0.6454166666666666 0.1765625 0.2675
5 0.9411458333333333 0.7179166666666666 0.11770833333333333 0.5641666666666667
2 0.22395833333333334 0.57 0.10208333333333333 0.1
2 0.34348958333333335 0.5404166666666667 0.027604166666666666 0.030833333333333334
5 0.4856770833333333 0.5308333333333334 0.04010416666666667 0.051666666666666666
2 0.6169270833333333 0.5516666666666666 0.07760416666666667 0.1
2 0.5760416666666667 0.5479166666666667 0.028125 0.0625
2 0.4427083333333333 0.52375 0.013541666666666667 0.014166666666666666
2 0.5723958333333333 0.5366666666666666 0.036458333333333336 0.06
2 0.553125 0.5291666666666667 0.023958333333333335 0.043333333333333335
2 0.5145833333333333 0.5183333333333333 0.007291666666666667 0.01
5 0.5416666666666666 0.52875 0.008333333333333333 0.030833333333333334
2 0.16875 0.5654166666666667 0.046875 0.07583333333333334
