2 0.28489583333333335 0.6666666666666666 0.359375 0.21333333333333335
2 0.0171875 0.64375 0.034375 0.09583333333333334
2 0.06796875 0.6008333333333333 0.1359375 0.07
5 0.21015625 0.5979166666666667 0.1265625 0.13083333333333333
2 0.5354166666666667 0.5908333333333333 0.17083333333333334 0.10333333333333333
1 0.6908854166666667 0.5808333333333333 0.06614583333333333 0.06
4 0.7763020833333333 0.5141666666666667 0.23697916666666666 0.21666666666666667
2 0.8981770833333333 0.5483333333333333 0.06302083333333333 0.06666666666666667
2 0.9622395833333334 0.5375 0.07552083333333333 0.06333333333333334
2 0.9258333333333333 0.5317500000000002 0.03479166666666676 0.04283333333333341
2 0.29322916666666665 0.54875 0.090625 0.035833333333333335
