2 0.3828125 0.5454166666666667 0.06770833333333333 0.07416666666666667
5 0.53046875 0.5529166666666666 0.1234375 0.13583333333333333
6 0.48776041666666664 0.2225 0.019270833333333334 0.07666666666666666
6 0.36432291666666666 0.2625 0.013020833333333334 0.06833333333333333
6 0.18151041666666667 0.29375 0.013020833333333334 0.0575
6 0.25026041666666665 0.28625 0.013020833333333334 0.060833333333333336
2 0.43359375 0.5195833333333333 0.03177083333333333 0.0375
2 0.49609375 0.51875 0.016145833333333335 0.019166666666666665
2 0.3294270833333333 0.5245833333333333 0.04739583333333333 0.05416666666666667
2 0.15390625 0.56 0.11510416666666666 0.10166666666666667
2 0.35703125 0.5291666666666667 0.034895833333333334 0.04666666666666667
6 0.746875 0.1175 0.03125 0.13166666666666665
2 0.39348958333333334 0.5170833333333333 0.028645833333333332 0.029166666666666667
2 0.45755208333333336 0.5095833333333334 0.0203125 0.025833333333333333
2 0.46432291666666664 0.5045833333333334 0.016145833333333335 0.024166666666666666
2 0.6640625 0.5029166666666667 0.04583333333333333 0.034166666666666665
5 0.7041666666666667 0.49 0.05520833333333333 0.03333333333333333
6 0.18020833333333333 0.3645833333333333 0.0125 0.03916666666666667
6 0.20651041666666667 0.3720833333333333 0.008854166666666666 0.03916666666666667
6 0.71171875 0.16333333333333333 0.027604166666666666 0.12666666666666668
2 0.4283854166666667 0.5120833333333333 0.0546875 0.0425
6 0.5815104166666667 0.4554166666666667 0.0078125 0.010833333333333334
5 0.49322916666666666 0.4920833333333333 0.017708333333333333 0.025833333333333333
6 0.5739583333333333 0.4554166666666667 0.005208333333333333 0.010833333333333334
6 0.7020833333333333 0.41458333333333336 0.016666666666666666 0.0325
0 0.0125 0.54375 0.008333333333333333 0.0525
2 0.72109375 0.5116666666666667 0.10677083333333333 0.05
2 0.027690972222222224 0.5418055555555557 0.0296875 0.046944444444444476
2 0.6200520833333333 0.51 0.05572916666666667 0.045
5 0.77265625 0.495 0.022395833333333334 0.05333333333333334
2 0.47604166666666664 0.5020833333333333 0.009375 0.0125
2 0.428125 0.5066666666666667 0.016666666666666666 0.015
2 0.4895833333333333 0.5083333333333333 0.022916666666666665 0.02666666666666667
2 0.41484375 0.515 0.0140625 0.028333333333333332
6 0.0734375 0.4775 0.009375 0.013333333333333334
6 0.25859375 0.4820833333333333 0.0026041666666666665 0.0125
