2 0.08385416666666666 0.6466666666666666 0.16770833333333332 0.2683333333333333
5 0.95703125 0.7733333333333333 0.0859375 0.335
2 0.21901041666666668 0.5716666666666667 0.1046875 0.10166666666666667
2 0.3424479166666667 0.54125 0.027604166666666666 0.030833333333333334
5 0.4856770833333333 0.5308333333333334 0.04010416666666667 0.051666666666666666
2 0.61875 0.5525 0.078125 0.10166666666666667
2 0.5768229166666666 0.54875 0.028645833333333332 0.06416666666666666
2 0.44192708333333336 0.5241666666666667 0.0140625 0.015
2 0.5729166666666666 0.5375 0.0375 0.06
2 0.5533854166666666 0.5295833333333333 0.024479166666666666 0.04416666666666667
2 0.5140625 0.51875 0.007291666666666667 0.009166666666666667
5 0.5419270833333333 0.5283333333333333 0.008854166666666666 0.03166666666666667
2 0.16302083333333334 0.56625 0.052083333333333336 0.0775
