2 0.08984375 0.6029166666666667 0.1796875 0.14916666666666667
2 0.32005208333333335 0.54375 0.033854166666666664 0.035833333333333335
5 0.4859375 0.53 0.040625 0.051666666666666666
2 0.65625 0.5691666666666667 0.11458333333333333 0.13833333333333334
2 0.5942708333333333 0.5583333333333333 0.04479166666666667 0.07833333333333334
2 0.42890625 0.5241666666666667 0.0171875 0.016666666666666666
2 0.5833333333333334 0.5429166666666667 0.04791666666666667 0.0725
2 0.55703125 0.5316666666666666 0.030729166666666665 0.05
2 0.51015625 0.5183333333333333 0.0078125 0.01
5 0.5432291666666667 0.52875 0.0125 0.0375
2 0.03984375 0.5916666666666667 0.0796875 0.11666666666666667
5 0.19192708333333333 0.56875 0.06302083333333333 0.08583333333333333
2 0.46510416666666665 0.52125 0.004166666666666667 0.010833333333333334
