2 0.42916666666666664 0.5225 0.035416666666666666 0.041666666666666664
5 0.9598958333333333 0.52625 0.08020833333333334 0.1425
6 0.1953125 0.017083333333333332 0.03229166666666667 0.034166666666666665
6 0.004166666666666667 0.06458333333333334 0.008333333333333333 0.12916666666666668
2 0.46588541666666666 0.515 0.0265625 0.03
2 0.4901041666666667 0.52 0.03229166666666667 0.03833333333333333
2 0.35963541666666665 0.52875 0.027604166666666666 0.0475
2 0.4588541666666667 0.4970833333333333 0.011458333333333333 0.005833333333333334
2 0.7190104166666667 0.5075 0.06927083333333334 0.043333333333333335
5 0.8041666666666667 0.49125 0.08541666666666667 0.05583333333333333
6 0.0026041666666666665 0.27375 0.005208333333333333 0.035833333333333335
6 0.059375 0.3095833333333333 0.017708333333333333 0.059166666666666666
2 0.42994791666666665 0.5033333333333333 0.07135416666666666 0.02666666666666667
6 0.6133680555555556 0.4430555555555556 0.01076388888888881 0.015
5 0.49296875 0.4925 0.015104166666666667 0.016666666666666666
6 0.6028645833333334 0.44125 0.0078125 0.014166666666666666
2 0.8364583333333333 0.52375 0.17291666666666666 0.07916666666666666
2 0.6653645833333334 0.5179166666666667 0.08072916666666667 0.060833333333333336
5 0.8674479166666667 0.48291666666666666 0.08697916666666666 0.04083333333333333
2 0.47890625 0.5016666666666667 0.0078125 0.008333333333333333
2 0.4083333333333333 0.5154166666666666 0.016666666666666666 0.029166666666666667
2 0.4942708333333333 0.5029166666666667 0.0125 0.015833333333333335
2 0.39166666666666666 0.5195833333333333 0.026041666666666668 0.035833333333333335
2 0.058333333333333334 0.5908333333333333 0.11666666666666667 0.11166666666666666
2 0.37395833333333334 0.5258333333333334 0.022916666666666665 0.043333333333333335
2 0.30390625 0.5666666666666667 0.1390625 0.15666666666666668
2 0.6236979166666666 0.5175 0.0109375 0.028333333333333332
2 0.7705729166666667 0.4977083333333333 0.017708333333333333 0.042916666666666665
2 0.4515625 0.51 0.017708333333333333 0.025
6 0.1603125 0.4771666666666666 0.005416666666666655 0.015
