2 0.0703125 0.6541666666666667 0.140625 0.21333333333333335
2 0.25286458333333334 0.5708333333333333 0.13177083333333334 0.13
2 0.32526041666666666 0.5433333333333333 0.044270833333333336 0.06166666666666667
5 0.47890625 0.5279166666666667 0.04010416666666667 0.0475
2 0.4994047619047619 0.5163690476190476 0.010267857142857178 0.014166666666666666
5 0.8080729166666667 0.5266666666666666 0.38385416666666666 0.5683333333333334
2 0.5836805555555556 0.5366666666666666 0.052083333333333336 0.06888888888888886
2 0.5149739583333334 0.5164583333333334 0.0067708333333333336 0.008333333333333333
2 0.5557725694444445 0.528125 0.023871527777777738 0.04541666666666667
2 0.5446180555555556 0.5243055555555555 0.016145833333333335 0.0375
2 0.5578559027777779 0.5358333333333334 0.017274305555555595 0.04555555555555552
2 0.3658854166666667 0.53375 0.0234375 0.0275
2 0.45499131944444443 0.5206944444444443 0.011024305555555535 0.011944444444444476
