5 0.50234375 0.5666666666666667 0.09739583333333333 0.13666666666666666
2 0.10078125 0.5695833333333333 0.11510416666666666 0.07083333333333333
2 0.14322916666666666 0.5958333333333333 0.11354166666666667 0.09166666666666666
6 0.346875 0.4191666666666667 0.004166666666666667 0.023333333333333334
6 0.38333333333333336 0.4170833333333333 0.005208333333333333 0.024166666666666666
6 0.4390625 0.41 0.00625 0.02666666666666667
6 0.49453125 0.39625 0.0067708333333333336 0.0275
2 0.18072916666666666 0.5575 0.057291666666666664 0.043333333333333335
2 0.44140625 0.5345833333333333 0.030729166666666665 0.0375
2 0.271875 0.5729166666666666 0.08125 0.08416666666666667
2 0.40963541666666664 0.5491666666666667 0.04635416666666667 0.055
2 0.39479166666666665 0.5304166666666666 0.020833333333333332 0.0275
2 0.35598958333333336 0.5383333333333333 0.0359375 0.041666666666666664
2 0.5755208333333334 0.5166666666666667 0.03333333333333333 0.02666666666666667
6 0.3221354166666667 0.44208333333333333 0.008854166666666666 0.0225
2 0.45091145833333324 0.515 0.020052083333333273 0.016666666666666666
6 0.33125 0.44609375 0.00625 0.01885416666666667
5 0.60078125 0.5141666666666667 0.00625 0.024166666666666572
6 0.5822916666666667 0.384375 0.008333333333333333 0.037083333333333336
2 0.41953125 0.5183333333333333 0.011979166666666667 0.008333333333333333
2 0.4278645833333333 0.5145833333333333 0.0109375 0.0075
2 0.42135416666666664 0.5254166666666666 0.016666666666666666 0.0175
6 0.5783854166666667 0.38375 0.008854166666666666 0.04583333333333333
6 0.28880208333333335 0.50625 0.0067708333333333336 0.009166666666666667
6 0.55078125 0.48291666666666666 0.0046875 0.0075
6 0.5776041666666667 0.47541666666666665 0.0036458333333333334 0.0125
