2 0.4309895833333333 0.525 0.0421875 0.051666666666666666
5 0.7580729166666667 0.545 0.2046875 0.155
6 0.5010416666666667 0.04666666666666667 0.025 0.09333333333333334
6 0.30026041666666664 0.11833333333333333 0.025520833333333333 0.11
6 0.04765625 0.1925 0.025520833333333333 0.08833333333333333
6 0.13880208333333333 0.17291666666666666 0.024479166666666666 0.10083333333333333
2 0.46041666666666664 0.5125 0.025 0.03166666666666667
2 0.51015625 0.5183333333333333 0.034895833333333334 0.04
2 0.12057291666666667 0.555 0.1640625 0.125
2 0.3359375 0.5354166666666667 0.06145833333333333 0.0625
2 0.38333333333333336 0.5225 0.041666666666666664 0.045
2 0.47265625 0.50625 0.015104166666666667 0.025833333333333333
2 0.47708333333333336 0.5008333333333334 0.015625 0.025
2 0.7067708333333333 0.49666666666666665 0.05 0.03333333333333333
5 0.7854166666666667 0.4666666666666667 0.04791666666666667 0.008333333333333333
6 0.09583333333333334 0.31916666666666665 0.014583333333333334 0.045
6 0.13984375 0.3358333333333333 0.0109375 0.045
2 0.44921875 0.49625 0.05572916666666667 0.020833333333333332
6 0.6149305555555554 0.4422222222222222 0.009027777777777739 0.013333333333333334
5 0.5078125 0.4870833333333333 0.016666666666666666 0.020833333333333332
6 0.6057291666666667 0.4425 0.007291666666666667 0.013333333333333334
6 0.9135416666666667 0.32847222222222217 0.03576388888888893 0.06472222222222224
2 0.84453125 0.505 0.0515625 0.05
2 0.66171875 0.50625 0.06822916666666666 0.0525
5 0.846875 0.4870833333333333 0.08333333333333333 0.060833333333333336
2 0.49192708333333335 0.49833333333333335 0.008854166666666666 0.013333333333333334
2 0.4317708333333333 0.4979166666666667 0.014583333333333334 0.004166666666666667
2 0.5078125 0.49833333333333335 0.015625 0.016666666666666666
2 0.4119791666666667 0.50625 0.017708333333333333 0.0175
2 0.2869791666666667 0.5383333333333333 0.051041666666666666 0.05333333333333334
2 0.9791666666666666 0.49583333333333335 0.041666666666666664 0.058333333333333334
2 0.403125 0.5179166666666667 0.01875 0.0375
2 0.08723958333333333 0.7025 0.17447916666666666 0.37333333333333335
2 0.6263020833333334 0.5079999999999999 0.005729166666666666 0.0225
6 0.2175 0.47541666666666665 0.004166666666666667 0.0125
