5 0.5036458333333333 0.56875 0.1 0.14083333333333334
2 0.12552083333333333 0.56875 0.1125 0.06583333333333333
2 0.23489583333333333 0.5758333333333333 0.071875 0.06666666666666667
6 0.353125 0.42375 0.004166666666666667 0.0225
6 0.3885416666666667 0.4220833333333333 0.005208333333333333 0.024166666666666666
6 0.4421875 0.415 0.00625 0.02666666666666667
6 0.49583333333333335 0.40208333333333335 0.00625 0.025833333333333333
2 0.19505208333333332 0.5608333333333333 0.04635416666666667 0.04666666666666667
2 0.44036458333333334 0.5383333333333333 0.03177083333333333 0.04
2 0.3234375 0.5604166666666667 0.058333333333333334 0.06416666666666666
2 0.40859375 0.5525 0.0484375 0.056666666666666664
2 0.40546875 0.5216666666666666 0.013020833333333334 0.006666666666666667
2 0.0067708333333333336 0.57125 0.013541666666666667 0.020833333333333332
2 0.371875 0.5375 0.03125 0.03833333333333333
2 0.57421875 0.5166666666666667 0.030729166666666665 0.02666666666666667
6 0.328125 0.44458333333333333 0.00625 0.0175
2 0.45026041666666666 0.5175 0.019270833333333334 0.018333333333333333
6 0.3375 0.44666666666666666 0.00625 0.018333333333333333
5 0.5971354166666667 0.5154166666666666 0.005729166666666666 0.024166666666666666
6 0.5776041666666667 0.38875 0.010416666666666666 0.030833333333333334
2 0.42265625 0.52 0.013020833333333334 0.008333333333333333
2 0.4315104166666667 0.5154166666666666 0.0109375 0.0075
2 0.4231770833333333 0.5270833333333333 0.015104166666666667 0.0175
6 0.5770833333333333 0.3908333333333333 0.008333333333333333 0.041666666666666664
6 0.29765625 0.5079166666666667 0.005729166666666666 0.009166666666666667
6 0.5502604166666667 0.485 0.0046875 0.0075
6 0.5752604166666667 0.4775 0.0036458333333333334 0.011666666666666667
