2 0.08489583333333334 0.6458333333333334 0.16979166666666667 0.21
2 0.2682291666666667 0.5670833333333334 0.121875 0.1225
2 0.33489583333333334 0.5404166666666667 0.0375 0.05416666666666667
5 0.47890625 0.52725 0.04010416666666667 0.0475
2 0.5004464285714286 0.5154166666666666 0.010565476190476215 0.014166666666666666
5 0.7984375 0.5333333333333333 0.378125 0.51
2 0.58203125 0.5354166666666667 0.05 0.06666666666666667
2 0.5154947916666667 0.5158333333333334 0.0067708333333333336 0.008333333333333333
2 0.5548177083333333 0.526875 0.022135416666666668 0.04375
2 0.5447916666666667 0.5229166666666667 0.015625 0.035833333333333335
2 0.5573958333333333 0.534 0.016875000000000046 0.04399999999999996
2 0.36953125 0.5325 0.022395833333333334 0.025
2 0.45718749999999997 0.52 0.010625000000000048 0.011666666666666667
2 0.023524305555555555 0.5590277777777778 0.04704861111111111 0.05361111111111105
