5 0.5046875 0.5816666666666667 0.109375 0.155
2 0.1640625 0.5775 0.1 0.06
2 0.334375 0.55875 0.036458333333333336 0.03916666666666667
2 0.46171875 0.5291666666666667 0.008854166666666666 0.011666666666666667
6 0.36302083333333335 0.44083333333333335 0.004166666666666667 0.02
6 0.3963541666666667 0.43833333333333335 0.005208333333333333 0.021666666666666667
6 0.446875 0.4325 0.00625 0.023333333333333334
6 0.49661458333333336 0.41833333333333333 0.005729166666666666 0.023333333333333334
2 0.22395833333333334 0.5695833333333333 0.04479166666666667 0.0425
2 0.43307291666666664 0.5516666666666666 0.034895833333333334 0.045
2 0.3848958333333333 0.5458333333333333 0.028125 0.03
2 0.3984375 0.5670833333333334 0.05520833333333333 0.06583333333333333
2 0.4161458333333333 0.5329166666666667 0.014583333333333334 0.0125
2 0.009895833333333333 0.5879166666666666 0.019791666666666666 0.0225
2 0.021875 0.5845833333333333 0.029166666666666667 0.024166666666666666
2 0.4 0.53125 0.016666666666666666 0.0075
2 0.5700520833333333 0.5233333333333333 0.025520833333333333 0.023333333333333334
6 0.3388020833333334 0.45941666666666675 0.00635416666666669 0.018500000000000037
2 0.44390625000000006 0.5363333333333333 0.02385416666666664 0.03399999999999996
6 0.34708333333333335 0.461 0.00625 0.016666666666666666
2 0.45583333333333337 0.5236666666666666 0.009375 0.008999999999999963
5 0.5863020833333332 0.5217499999999999 0.0140625 0.020833333333333332
6 0.5705729166666667 0.40541666666666665 0.009895833333333333 0.029166666666666667
6 0.3111979166666667 0.52 0.005729166666666666 0.008333333333333333
6 0.5481770833333334 0.49416666666666664 0.0046875 0.006666666666666667
