4 0.0203125 0.5091666666666667 0.040625 0.41
2 0.12265625 0.6179166666666667 0.19427083333333334 0.16083333333333333
2 0.29348958333333336 0.5608333333333333 0.11197916666666667 0.11333333333333333
2 0.3489583333333333 0.5395833333333333 0.03333333333333333 0.05416666666666667
5 0.4805729166666666 0.5277499999999999 0.04010416666666667 0.04783333333333331
2 0.5039930555555556 0.5156944444444445 0.01111111111111113 0.014166666666666666
5 0.7395833333333334 0.5175 0.27291666666666664 0.375
2 0.5802951388888888 0.533888888888889 0.04635416666666667 0.06166666666666667
2 0.5184895833333333 0.5166666666666667 0.0067708333333333336 0.008333333333333333
2 0.5556249999999999 0.5269166666666666 0.019583333333333286 0.04116666666666665
2 0.5464409722222222 0.5223611111111112 0.014409722222222143 0.034722222222222286
2 0.5567708333333333 0.53375 0.014583333333333334 0.0425
2 0.3770833333333333 0.5325 0.020833333333333332 0.025
2 0.46171875 0.5204166666666666 0.008854166666666666 0.010833333333333334
2 0.07661458333333333 0.5697500000000001 0.0990625 0.08416666666666667
