2 0.06744791666666666 0.645 0.13489583333333333 0.16666666666666666
1 0.2453125 0.6141666666666666 0.09375 0.09666666666666666
4 0.35494791666666664 0.5308333333333334 0.2859375 0.29333333333333333
2 0.5026041666666666 0.5625 0.05520833333333333 0.07833333333333334
2 0.5479166666666667 0.5483333333333333 0.06041666666666667 0.065
2 0.5763020833333333 0.5416666666666666 0.0171875 0.03833333333333333
5 0.6520833333333333 0.5398333333333333 0.04041666666666662 0.051666666666666666
2 0.6861979166666666 0.5304166666666666 0.0125 0.015833333333333335
5 0.7825520833333334 0.5295833333333333 0.10677083333333333 0.17416666666666666
2 0.7283854166666667 0.5420833333333334 0.008854166666666666 0.04416666666666667
2 0.50390625 0.5308333333333334 0.016145833333333335 0.008333333333333333
