2 0.6729166666666667 0.5475 0.23645833333333333 0.13166666666666665
2 0.41822916666666665 0.5325 0.1125 0.09
2 0.07760416666666667 0.5416666666666666 0.08854166666666667 0.085
2 0.19609375 0.52375 0.028645833333333332 0.034166666666666665
6 0.34479166666666666 0.42291666666666666 0.015625 0.024166666666666666
2 0.12057291666666667 0.5295833333333333 0.034895833333333334 0.04416666666666667
2 0.14609375 0.5216666666666666 0.028645833333333332 0.03333333333333333
2 0.15755208333333334 0.515 0.025520833333333333 0.035
4 0.21640625 0.5045833333333334 0.016145833333333335 0.029166666666666667
2 0.47760416666666666 0.5158333333333334 0.08854166666666667 0.05333333333333334
5 0.6033854166666667 0.5166666666666667 0.1171875 0.12333333333333334
2 0.875 0.5116666666666667 0.16666666666666666 0.09166666666666666
2 0.021614583333333333 0.5395833333333333 0.043229166666666666 0.060833333333333336
2 0.6578125 0.47291666666666665 0.04583333333333333 0.024166666666666666
2 0.5559895833333334 0.5108333333333334 0.030729166666666665 0.075
6 0.32890625 0.42368055555555556 0.009895833333333333 0.018194444444444475
