2 0.062239583333333334 0.65125 0.12447916666666667 0.20416666666666666
2 0.24765625 0.5733333333333334 0.13697916666666668 0.135
2 0.32526041666666666 0.5445833333333333 0.04114583333333333 0.060833333333333336
5 0.47890625 0.5284166666666666 0.04010416666666667 0.0475
2 0.49936755952380957 0.5168452380952381 0.010193452380952431 0.014166666666666666
5 0.8088541666666667 0.5233333333333333 0.38229166666666664 0.59
2 0.5842881944444446 0.5374999999999999 0.05260416666666667 0.06944444444444438
2 0.51484375 0.5166666666666667 0.0067708333333333336 0.008333333333333333
2 0.5560763888888889 0.52875 0.024305555555555476 0.04583333333333333
2 0.5447048611111112 0.524861111111111 0.016145833333333335 0.0375
2 0.5581597222222222 0.5366666666666666 0.01736111111111119 0.04611111111111105
2 0.365625 0.53375 0.022916666666666665 0.0275
2 0.4545138888888889 0.5213888888888889 0.011111111111111072 0.012222222222222285
