2 0.34036458333333336 0.5558333333333333 0.09635416666666667 0.095
5 0.4921875 0.5508333333333333 0.09479166666666666 0.13333333333333333
2 0.6427083333333333 0.5220833333333333 0.07604166666666666 0.06416666666666666
6 0.48828125 0.2791666666666667 0.011979166666666667 0.06
6 0.38776041666666666 0.30416666666666664 0.011979166666666667 0.055
6 0.23359375 0.31875 0.0109375 0.049166666666666664
6 0.29140625 0.3179166666666667 0.009895833333333333 0.050833333333333335
2 0.4236979166666667 0.5175 0.033854166666666664 0.04
2 0.5578125 0.5158333333333334 0.05625 0.03833333333333333
2 0.36432291666666666 0.49875 0.025520833333333333 0.015833333333333335
2 0.2942708333333333 0.5241666666666667 0.046875 0.056666666666666664
2 0.37604166666666666 0.51875 0.03229166666666667 0.03916666666666667
6 0.6755208333333333 0.23041666666666666 0.019791666666666666 0.09083333333333334
2 0.39791666666666664 0.51375 0.023958333333333335 0.034166666666666665
2 0.44973958333333336 0.5079166666666667 0.0203125 0.025833333333333333
2 0.45651041666666664 0.4979166666666667 0.013020833333333334 0.0175
5 0.67109375 0.49333333333333335 0.021354166666666667 0.025
6 0.21875 0.36875 0.010416666666666666 0.0375
6 0.2390625 0.3779166666666667 0.009375 0.0375
6 0.65703125 0.2504166666666667 0.019270833333333334 0.09416666666666666
2 0.42942708333333335 0.5 0.04635416666666667 0.023333333333333334
6 0.5673177083333333 0.46270833333333333 0.00625 0.01
5 0.4869791666666667 0.48041666666666666 0.01875 0.0125
6 0.5609375 0.46041666666666664 0.005208333333333333 0.010833333333333334
6 0.6498263888888888 0.43763888888888897 0.012847222222222262 0.024166666666666715
0 0.06666666666666667 0.5166666666666667 0.0125 0.03666666666666667
2 0.07447916666666667 0.5191666666666667 0.016666666666666666 0.03666666666666667
2 0.5950520833333334 0.51 0.0328125 0.03833333333333333
6 0.13697916666666668 0.46791666666666665 0.009375 0.0125
6 0.2792534722222222 0.47875 0.0026041666666666665 0.0125
