2 0.2875 0.53 0.03958333333333333 0.041666666666666664
5 0.48359375 0.5058333333333334 0.04114583333333333 0.05333333333333334
2 0.7622395833333333 0.5825 0.23489583333333333 0.23666666666666666
2 0.6325520833333333 0.55 0.0859375 0.11333333333333333
2 0.40911458333333334 0.505 0.018229166666666668 0.02
2 0.60078125 0.525 0.06614583333333333 0.09333333333333334
2 0.5622395833333333 0.51 0.0421875 0.058333333333333334
2 0.5049479166666667 0.4925 0.0078125 0.01
5 0.5440104166666667 0.5066666666666667 0.016145833333333335 0.045
5 0.06953125 0.5775 0.1390625 0.12
2 0.45546875 0.4970833333333333 0.009895833333333333 0.014166666666666666
