2 0.49335937500000004 0.5484166666666667 0.10109375000000007 0.14233333333333328
2 0.005729166666666666 0.6829166666666666 0.011458333333333333 0.07916666666666666
2 0.8770833333333333 0.7391666666666666 0.24583333333333332 0.4
2 0.703046875 0.5705416666666666 0.16536458333333334 0.1939166666666667
2 0.6111979166666667 0.5463749999999998 0.0665625000000001 0.12341666666666659
2 0.11575520833333333 0.6189583333333334 0.21171875 0.18958333333333333
2 0.329140625 0.5850833333333334 0.11296875000000005 0.12600000000000003
2 0.5485937500000001 0.5163333333333333 0.029270833333333357 0.03866666666666665
5 0.42717013888888894 0.5233333333333333 0.04149305555555553 0.06055555555555552
2 0.251953125 0.566875 0.08255208333333333 0.10125000000000009
2 0.4044270833333333 0.5345833333333333 0.0609375 0.08583333333333333
5 0.44817708333333334 0.48791666666666667 0.034895833333333334 0.0775
0 0.8382291666666667 0.5294166666666668 0.03604166666666657 0.07316666666666663
0 0.909765625 0.52 0.029427083333333333 0.03916666666666667
0 0.36640625 0.5175 0.008854166666666666 0.023333333333333334
0 0.88328125 0.5109999999999999 0.02781250000000005 0.0673333333333333
0 0.9771701388888889 0.5072222222222222 0.0359375 0.06833333333333333
0 0.358984375 0.51625 0.008854166666666666 0.014583333333333334
0 0.5750868055555555 0.5100462962962964 0.004918981481481429 0.027870370370370285
0 0.2906901041666667 0.5275 0.009505208333333333 0.034583333333333334
0 0.5899479166666668 0.5035833333333333 0.005104166666666761 0.01783333333333341
0 0.57890625 0.5079166666666667 0.0036458333333333334 0.024166666666666666
