2 0.4908854166666667 0.5354166666666667 0.08697916666666666 0.1325
2 0.5919270833333333 0.5283333333333331 0.06010416666666648 0.07333333333333333
2 0.99130859375 0.6166145833333333 0.0173828125 0.0859375
5 0.31979166666666664 0.47611111111111115 0.17447916666666666 0.31055555555555564
0 0.7138020833333333 0.5558333333333333 0.03177083333333333 0.11833333333333333
0 0.6356336805555555 0.5124305555555555 0.008767361111111071 0.03625
0 0.2830729166666667 0.6470833333333333 0.10677083333333333 0.3675
0 0.15677083333333333 0.6783333333333333 0.14895833333333333 0.44
2 0.5622395833333335 0.5226315789473683 0.02606907894736826 0.06210526315789461
2 0.4161284722222222 0.5325555555555556 0.03781249999999995 0.06055555555555562
0 0.62421875 0.5070833333333333 0.0078125 0.0425
0 0.7353298611111111 0.5512500000000001 0.02482638888888881 0.10805555555555561
2 0.5361979166666667 0.5158333333333334 0.013020833333333334 0.03333333333333333
2 0.4370907738095238 0.5211904761904763 0.027901785714285705 0.04023809523809528
2 0.5494791666666666 0.5154166666666666 0.01875 0.04583333333333333
0 0.17682291666666666 0.56125 0.019270833333333334 0.10583333333333333
0 0.22213541666666667 0.5683333333333334 0.022395833333333334 0.09166666666666666
0 0.6280505952380953 0.5088095238095239 0.010416666666666666 0.038809523809523794
