2 0.4904119318181818 0.5371212121212122 0.09673295454545455 0.13439393939393937
2 0.5910857371794873 0.524423076923077 0.05957532051282056 0.07294871794871796
2 0.9859664351851852 0.609675925925926 0.028067129629629525 0.09324074074074076
5 0.3255208333333333 0.47375 0.16666666666666666 0.30583333333333335
0 0.7174479166666666 0.5508333333333333 0.0296875 0.11833333333333333
0 0.6354600694444444 0.5104861111111111 0.00842013888888881 0.03791666666666667
0 0.22942708333333334 0.6479166666666667 0.11302083333333333 0.3475
0 0.11440104166666666 0.6664583333333334 0.09703124999999997 0.42125
2 0.5622395833333333 0.5196491228070174 0.02475328947368401 0.061052631578947206
2 0.41807291666666674 0.5296666666666666 0.03614583333333326 0.05833333333333343
0 0.6252604166666667 0.50375 0.0078125 0.0375
0 0.73828125 0.5458333333333333 0.018229166666666668 0.10666666666666667
2 0.43828125 0.5166666666666667 0.025520833333333333 0.04
2 0.5497829861111111 0.5112499999999999 0.018315972222222143 0.044444444444444384
0 0.1809375 0.55875 0.020000000000000018 0.10583333333333333
0 0.21744791666666666 0.5308333333333334 0.015104166666666667 0.028333333333333332
0 0.6277529761904762 0.5042857142857142 0.010416666666666666 0.03690476190476185
