5 0.17578125 0.5004166666666666 0.3515625 0.9991666666666666
2 0.38177083333333334 0.56125 0.06875 0.0825
2 0.51015625 0.52375 0.030729166666666665 0.049166666666666664
2 0.63828125 0.5583333333333333 0.08385416666666666 0.10166666666666667
2 0.4546875 0.5333333333333333 0.016666666666666666 0.03333333333333333
2 0.4671527777777778 0.5255833333333332 0.02020833333333343 0.02772222222222202
0 0.4153645833333333 0.5745833333333333 0.0421875 0.13916666666666666
0 0.47604166666666664 0.575 0.041666666666666664 0.15833333333333333
2 0.5958333333333333 0.54625 0.03854166666666667 0.07916666666666666
2 0.5346354166666667 0.5229166666666667 0.015104166666666667 0.024166666666666666
5 0.4825520833333333 0.51125 0.015104166666666667 0.034166666666666665
2 0.43515625 0.5441666666666667 0.0296875 0.05333333333333334
2 0.5760416666666667 0.5354166666666667 0.03125 0.0575
2 0.55703125 0.5333333333333333 0.018229166666666668 0.04
0 0.5466145833333333 0.5641666666666667 0.0421875 0.125
0 0.5002604166666667 0.5654166666666667 0.027604166666666666 0.11083333333333334
0 0.470703125 0.5733333333333334 0.03723958333333333 0.12
2 0.428125 0.5208333333333334 0.025 0.03
