2 0.5006510416666666 0.5414583333333334 0.0877604166666666 0.12291666666666666
2 0.953125 0.7891666666666667 0.09375 0.2966666666666667
2 0.8119791666666667 0.6266666666666667 0.26666666666666666 0.25
2 0.278125 0.5983333333333334 0.18958333333333333 0.22166666666666668
2 0.18151041666666667 0.5983333333333334 0.0921875 0.11333333333333333
2 0.6674479166666668 0.575625 0.103125 0.12791666666666668
2 0.6162760416666669 0.5391666666666666 0.07682291666666678 0.10666666666666667
2 0.573046875 0.5297916666666667 0.03307291666666667 0.08041666666666657
2 0.40768229166666664 0.544375 0.05494791666666661 0.06375
2 0.5468171296296297 0.5133333333333333 0.021759259259259287 0.03166666666666667
5 0.4504340277777778 0.5165277777777777 0.026909722222222262 0.04416666666666667
2 0.4388020833333333 0.5229166666666667 0.0359375 0.0575
5 0.4642708333333333 0.487 0.028125 0.056000000000000036
0 0.03125 0.5391666666666667 0.028125 0.04833333333333333
2 0.0703125 0.6470833333333333 0.140625 0.17916666666666667
0 0.6895833333333333 0.50625 0.009375 0.019166666666666665
0 0.6963107638888888 0.5086111111111111 0.013454861111111072 0.015
0 0.39427083333333335 0.5085416666666667 0.007291666666666667 0.012916666666666667
0 0.7071354166666667 0.5074166666666667 0.012812499999999952 0.03283333333333341
0 0.7208333333333334 0.5099166666666667 0.02000000000000005 0.04350000000000004
0 0.3821614583333333 0.5220833333333333 0.008854166666666666 0.03916666666666667
