5 0.175 0.49333333333333335 0.35 0.985
2 0.37734375 0.56 0.0640625 0.08
2 0.5104166666666666 0.5229166666666667 0.03125 0.049166666666666664
2 0.6385416666666667 0.55875 0.08541666666666667 0.10416666666666667
2 0.4538194444444444 0.5334027777777778 0.01328125 0.033472222222222285
2 0.4673437500000001 0.5250833333333332 0.02052083333333344 0.028166666666666534
0 0.4109375 0.57375 0.05 0.13916666666666666
0 0.47239583333333335 0.5729166666666666 0.036458333333333336 0.1625
2 0.5979166666666667 0.5445833333333333 0.042708333333333334 0.07916666666666666
2 0.5364583333333334 0.5216666666666666 0.017708333333333333 0.025
5 0.48333333333333334 0.5104166666666666 0.016666666666666666 0.034166666666666665
2 0.43255208333333334 0.5425 0.0359375 0.055
2 0.5763020833333333 0.5341666666666667 0.030729166666666665 0.058333333333333334
2 0.5575520833333333 0.530625 0.019270833333333334 0.03625
0 0.54765625 0.56625 0.0421875 0.12083333333333333
0 0.5036458333333333 0.5658333333333333 0.03333333333333333 0.11166666666666666
0 0.4728515625 0.5722916666666666 0.037890625 0.11791666666666667
2 0.4278645833333333 0.5191666666666667 0.0296875 0.03
