2 0.49166666666666664 0.5576785714285712 0.10416666666666667 0.1522619047619047
5 0.10065104166666666 0.7274479166666666 0.20130208333333333 0.5421875
2 0.5802083333333333 0.53625 0.04895833333333333 0.060833333333333336
2 0.9261284722222222 0.5739236111111112 0.14774305555555572 0.10645833333333334
5 0.36328125 0.5025 0.11822916666666666 0.24666666666666667
0 0.7135416666666666 0.5533333333333333 0.021875 0.1
0 0.6275173611111112 0.5245833333333334 0.0078125 0.041388888888888954
0 0.23252314814814812 0.6112037037037037 0.04826388888888887 0.20555555555555563
0 0.14283854166666668 0.545 0.03515625 0.059166666666666666
2 0.55859375 0.5329166666666667 0.0234375 0.05583333333333333
2 0.43046875 0.5408333333333334 0.024479166666666666 0.045
0 0.730078125 0.5516666666666666 0.021614583333333333 0.0875
2 0.5474330357142857 0.5265476190476189 0.015848214285714236 0.04119047619047611
0 0.2504166666666667 0.5725 0.017916666666666654 0.08066666666666662
0 0.2815972222222223 0.5644444444444445 0.02361111111111113 0.085
0 0.2591145833333333 0.5652499999999999 0.016354166666666656 0.06950000000000008
0 0.6197916666666666 0.5245833333333333 0.010416666666666666 0.04416666666666667
