2 0.49166666666666664 0.5554166666666667 0.10416666666666667 0.15083333333333335
2 0.9227982954545456 0.7699621212121213 0.154403409090909 0.4600757575757576
2 0.11770833333333333 0.78375 0.23229166666666667 0.4325
5 0.27609374999999997 0.5940416666666667 0.18718749999999998 0.1964166666666667
2 0.5667534722222223 0.528263888888889 0.04236111111111119 0.054027777777777904
2 0.8366373697916667 0.550390625 0.17093098958333333 0.07473958333333333
5 0.4001953125 0.4959895833333333 0.083203125 0.17333333333333334
0 0.8588541666666667 0.58625 0.04583333333333333 0.19416666666666665
0 0.7111979166666667 0.5345833333333333 0.0203125 0.07916666666666666
0 0.6125 0.5181439393939394 0.008428030303030217 0.03977272727272729
0 0.8899305555555554 0.5681944444444443 0.028125 0.10583333333333333
0 0.9869791666666666 0.5620833333333334 0.026041666666666668 0.13583333333333333
0 0.15885416666666666 0.5733333333333334 0.036458333333333336 0.07833333333333334
0 0.93671875 0.55 0.034895833333333334 0.11666666666666667
0 0.198046875 0.566875 0.020833333333333332 0.07625
2 0.546875 0.5254166666666666 0.012152777777777738 0.04361111111111114
0 0.6030877976190477 0.5184523809523809 0.0078125 0.03666666666666667
