2 0.3377604166666667 0.59125 0.10989583333333333 0.12416666666666666
5 0.4614062500000001 0.5134166666666666 0.025520833333333333 0.048833333333333256
2 0.08072916666666667 0.6983333333333334 0.16145833333333334 0.3616666666666667
2 0.40963541666666664 0.554047619047619 0.0581101190476191 0.06904761904761908
2 0.43411458333333336 0.5420833333333334 0.021354166666666667 0.050833333333333335
2 0.4388020833333333 0.5341666666666667 0.0296875 0.043333333333333335
2 0.4423611111111111 0.5255555555555557 0.0375 0.045
2 0.4746527777777778 0.5158333333333334 0.009375 0.02666666666666667
2 0.5002604166666667 0.5197222222222222 0.0265625 0.04
0 0.7192708333333333 0.5177777777777778 0.016666666666666666 0.037777777777777716
0 0.6332465277777779 0.5173611111111112 0.0067708333333333336 0.034722222222222286
0 0.6204613095238095 0.5217857142857143 0.008333333333333333 0.04690476190476194
2 0.8424479166666666 0.6304166666666666 0.3151041666666667 0.2808333333333333
2 0.6633680555555554 0.5818055555555556 0.11527777777777774 0.12194444444444448
2 0.5377604166666666 0.522361111111111 0.018229166666666668 0.0225
2 0.5283854166666667 0.5201388888888889 0.0067708333333333336 0.020833333333333332
2 0.5277777777777778 0.5184722222222223 0.014583333333333334 0.024166666666666666
