2 0.26875 0.6379166666666667 0.18125 0.19916666666666666
2 0.41510416666666666 0.5529166666666666 0.052083333333333336 0.0625
5 0.4743055555555556 0.5126388888888889 0.019791666666666666 0.041388888888888954
2 0.3477430555555555 0.5686111111111112 0.08715277777777773 0.11777777777777772
2 0.4466666666666666 0.5390833333333334 0.03249999999999999 0.046500000000000055
2 0.4625 0.5288541666666666 0.017447916666666667 0.031875
2 0.4552083333333333 0.5228333333333334 0.040625 0.03199999999999998
2 0.4857638888888889 0.5152777777777778 0.008333333333333333 0.023333333333333334
2 0.5092447916666667 0.51875 0.029427083333333333 0.04
0 0.6105902777777779 0.5086111111111111 0.0067708333333333336 0.01805555555555562
0 0.5998958333333334 0.5100833333333333 0.008333333333333333 0.014833333333333296
2 0.88984375 0.72625 0.2203125 0.4525
2 0.7690104166666667 0.6035416666666666 0.20364583333333333 0.22125
2 0.6486979166666667 0.5558333333333333 0.09548611111111108 0.11055555555555552
2 0.5922247023809525 0.5501190476190477 0.0427827380952382 0.06880952380952389
2 0.5407552083333333 0.5216666666666666 0.015364583333333333 0.020833333333333332
2 0.5317708333333333 0.52025 0.005208333333333333 0.0175
2 0.5328125 0.5175833333333334 0.014375000000000072 0.019833333333333297
