5 0.24973958333333332 0.49583333333333335 0.28177083333333336 0.44166666666666665
2 0.4010416666666667 0.5529166666666666 0.05 0.060833333333333336
2 0.49635416666666665 0.5291666666666667 0.036458333333333336 0.05333333333333334
2 0.60546875 0.5533333333333333 0.0609375 0.085
2 0.44583333333333336 0.5341666666666667 0.0125 0.03
2 0.4591889880952381 0.5269444444444444 0.018874007936507908 0.027063492063491974
0 0.5260416666666666 0.5670833333333334 0.029166666666666667 0.1125
0 0.5713541666666667 0.5691666666666667 0.0375 0.13
2 0.5690104166666666 0.5429166666666667 0.0296875 0.06916666666666667
0 0.10807291666666667 0.59375 0.0265625 0.13083333333333333
2 0.5182291666666666 0.5245833333333333 0.011458333333333333 0.024166666666666666
2 0.5380208333333333 0.5225 0.021875 0.025
5 0.4708333333333333 0.5154166666666666 0.013541666666666667 0.030833333333333334
2 0.4276041666666667 0.5441666666666667 0.03333333333333333 0.045
2 0.5544270833333333 0.5354166666666667 0.024479166666666666 0.0525
2 0.54140625 0.535 0.0140625 0.03666666666666667
0 0.45416666666666666 0.5554166666666667 0.03125 0.10083333333333333
0 0.41041666666666665 0.55875 0.029166666666666667 0.09416666666666666
0 0.3859375 0.5645833333333333 0.028125 0.08916666666666667
