2 0.50546875 0.54 0.0703125 0.10166666666666667
2 0.9453125 0.81 0.109375 0.26666666666666666
2 0.7174479166666666 0.5929166666666666 0.15572916666666667 0.1775
2 0.6355468749999998 0.5602083333333333 0.07890625 0.10541666666666658
2 0.5953125 0.5489583333333333 0.040104166666666545 0.07208333333333324
2 0.5807291666666666 0.5304166666666666 0.04843750000000012 0.06999999999999991
2 0.5544270833333331 0.5266666666666666 0.01822916666666655 0.05666666666666676
2 0.5421875 0.5139583333333333 0.01718749999999988 0.02291666666666657
2 0.10494791666666667 0.6179166666666667 0.1234375 0.15583333333333332
2 0.3268229166666667 0.56 0.0265625 0.05333333333333334
2 0.3533854166666667 0.5475 0.05364583333333333 0.06166666666666667
0 0.97109375 0.5829166666666666 0.0578125 0.21916666666666668
0 0.7927083333333333 0.55 0.024131944444444404 0.10111111111111114
0 0.8260416666666667 0.5483333333333333 0.027083333333333334 0.10833333333333334
0 0.10598958333333333 0.5408333333333334 0.011979166666666667 0.018333333333333333
2 0.19802827380952384 0.6567261904761904 0.2795386904761905 0.2727380952380953
2 0.41458333333333336 0.5429166666666667 0.05833333333333327 0.07833333333333342
2 0.46119791666666654 0.5179166666666667 0.021354166666666608 0.0325
2 0.45221354166666666 0.5272916666666667 0.02421875 0.032916666666666664
2 0.38046875 0.5408333333333334 0.022395833333333334 0.04666666666666667
2 0.4450520833333334 0.5343749999999999 0.015104166666666667 0.03875
0 0.18893229166666667 0.5260416666666666 0.009635416666666638 0.01375
0 0.6481770833333333 0.5025 0.009895833333333333 0.011666666666666667
