2 0.30234375 0.59625 0.14739583333333334 0.14083333333333334
2 0.5072916666666667 0.5175 0.029166666666666667 0.043333333333333335
2 0.6901041666666666 0.57 0.09375 0.13833333333333334
2 0.4434895833333333 0.5329166666666667 0.028645833333333332 0.04083333333333333
2 0.4625 0.5245833333333333 0.021875 0.034166666666666665
0 0.07395833333333333 0.6525 0.053125 0.25333333333333335
0 0.15989583333333332 0.6416666666666667 0.10416666666666667 0.2833333333333333
2 0.61796875 0.5475 0.058854166666666666 0.10166666666666667
5 0.4778645833333333 0.5075 0.019270833333333334 0.03666666666666667
2 0.4046875 0.5504166666666667 0.059375 0.0725
2 0.5877604166666667 0.5345833333333333 0.043229166666666666 0.0675
2 0.5630208333333333 0.5325 0.025 0.04666666666666667
0 0.70859375 0.5866666666666667 0.0359375 0.17333333333333334
0 0.6447916666666667 0.5820833333333333 0.042708333333333334 0.14916666666666667
0 0.6231770833333333 0.5941666666666666 0.05364583333333333 0.165
2 0.40520833333333334 0.5254166666666666 0.053125 0.04583333333333333
2 0.47239583333333335 0.5191666666666667 0.010416666666666666 0.025
2 0.434375 0.5091666666666667 0.015625 0.008333333333333333
2 0.48828125 0.51 0.0078125 0.018333333333333333
2 0.5341145833333333 0.5154166666666666 0.016145833333333335 0.019166666666666665
2 0.5252604166666667 0.5125 0.0067708333333333336 0.016666666666666666
