2 0.10546875 0.7408333333333333 0.2109375 0.39
2 0.4546875 0.5375 0.09583333333333334 0.13
2 0.78359375 0.6195833333333334 0.3223958333333333 0.31083333333333335
2 0.6216145833333333 0.5754166666666667 0.0828125 0.12416666666666666
2 0.5908854166666667 0.5520833333333334 0.07552083333333333 0.09083333333333334
2 0.5541666666666667 0.52625 0.04895833333333333 0.06583333333333333
2 0.5294270833333333 0.52 0.025520833333333333 0.055
2 0.5174479166666667 0.5175 0.0171875 0.043333333333333335
2 0.5161458333333333 0.5075 0.03125 0.04666666666666667
2 0.5005208333333333 0.5054166666666666 0.010416666666666666 0.03916666666666667
2 0.49375 0.5008333333333334 0.0125 0.023333333333333334
2 0.2877604166666667 0.54375 0.0609375 0.07083333333333333
2 0.3609375 0.5333333333333333 0.08125 0.1
2 0.31979166666666664 0.5266666666666666 0.020833333333333332 0.03166666666666667
0 0.006510416666666667 0.54125 0.013020833333333334 0.0375
0 0.03046875 0.5383333333333333 0.024479166666666666 0.035
0 0.0921875 0.5320833333333334 0.016666666666666666 0.029166666666666667
0 0.15208333333333332 0.5458333333333333 0.011458333333333333 0.03666666666666667
0 0.18098958333333334 0.5491666666666667 0.021354166666666667 0.075
0 0.23645833333333333 0.5391666666666667 0.013541666666666667 0.058333333333333334
0 0.2518229166666667 0.5375 0.016145833333333335 0.06166666666666667
0 0.6502604166666667 0.495 0.019270833333333334 0.03833333333333333
0 0.5895833333333333 0.49541666666666667 0.014583333333333334 0.020833333333333332
0 0.11979166666666667 0.52875 0.021875 0.035833333333333335
0 0.059375 0.53875 0.015625 0.024166666666666666
0 0.66640625 0.5 0.0109375 0.03333333333333333
0 0.23046875 0.5345833333333333 0.009895833333333333 0.050833333333333335
2 0.4046875 0.5195833333333333 0.016666666666666666 0.050833333333333335
