2 0.2981770833333333 0.5970833333333333 0.1515625 0.1425
2 0.5067708333333333 0.5158333333333334 0.028125 0.041666666666666664
2 0.6901041666666666 0.57 0.09895833333333333 0.13833333333333334
2 0.44244791666666666 0.5325 0.0296875 0.04
2 0.46171875 0.5245833333333333 0.0234375 0.0325
0 0.046614583333333334 0.6583333333333333 0.05364583333333333 0.2733333333333333
0 0.13802083333333334 0.6433333333333333 0.0875 0.2916666666666667
2 0.6205729166666667 0.5483333333333333 0.06302083333333333 0.10166666666666667
5 0.47760416666666666 0.5070833333333333 0.01875 0.0375
2 0.4044270833333333 0.5520833333333334 0.0609375 0.07583333333333334
2 0.5877604166666667 0.535 0.0421875 0.06666666666666667
2 0.5627604166666667 0.5325 0.025520833333333333 0.04666666666666667
0 0.7184895833333333 0.58875 0.0328125 0.17583333333333334
0 0.64765625 0.5833333333333334 0.03697916666666667 0.15333333333333332
0 0.6321180555555556 0.596388888888889 0.047569444444444525 0.16833333333333333
2 0.4044270833333333 0.525 0.05364583333333333 0.04666666666666667
2 0.47109375 0.5191666666666667 0.011979166666666667 0.025
2 0.43463541666666666 0.5091666666666667 0.015104166666666667 0.008333333333333333
2 0.48776041666666664 0.5104166666666666 0.0078125 0.019166666666666665
2 0.5333333333333333 0.5158333333333334 0.016666666666666666 0.018333333333333333
2 0.525 0.5129166666666667 0.00625 0.0175
