2 0.14010416666666667 0.6625 0.28020833333333334 0.2733333333333333
2 0.4544270833333333 0.5425 0.11510416666666666 0.16
2 0.7177083333333333 0.58375 0.21979166666666666 0.2375
2 0.6080729166666666 0.5575 0.06197916666666667 0.10666666666666667
2 0.5861979166666667 0.5391666666666667 0.0640625 0.08166666666666667
2 0.55546875 0.5170833333333333 0.04739583333333333 0.0625
2 0.5338541666666666 0.51125 0.023958333333333335 0.050833333333333335
2 0.5223958333333333 0.5091666666666667 0.015625 0.04
2 0.5205729166666667 0.5004166666666666 0.028645833333333332 0.0425
2 0.50625 0.49833333333333335 0.010416666666666666 0.03833333333333333
2 0.5 0.4945833333333333 0.010416666666666666 0.024166666666666666
2 0.30833333333333335 0.5329166666666667 0.05520833333333333 0.06416666666666666
2 0.38619791666666664 0.51875 0.050520833333333334 0.08083333333333333
2 0.3421875 0.525 0.028125 0.043333333333333335
2 0.35494791666666664 0.5195833333333333 0.015104166666666667 0.034166666666666665
2 0.36171875 0.5025 0.0109375 0.016666666666666666
0 0.08463541666666667 0.5366666666666666 0.0234375 0.05333333333333334
0 0.10833333333333334 0.52875 0.019791666666666666 0.034166666666666665
0 0.12682291666666667 0.5241666666666667 0.019270833333333334 0.03
0 0.19166666666666668 0.5208333333333334 0.007291666666666667 0.013333333333333334
0 0.21536458333333333 0.5154166666666666 0.018229166666666668 0.019166666666666665
0 0.25416666666666665 0.5266666666666666 0.0125 0.055
0 0.26796875 0.5283333333333333 0.013020833333333334 0.058333333333333334
0 0.6348958333333333 0.4895833333333333 0.016666666666666666 0.030833333333333334
0 0.5872395833333334 0.48833333333333334 0.015104166666666667 0.021666666666666667
