5 0.13619791666666667 0.45 0.27239583333333334 0.9
2 0.36328125 0.55875 0.08802083333333334 0.0875
2 0.5083333333333333 0.5129166666666667 0.03229166666666667 0.04416666666666667
2 0.6552083333333333 0.5566666666666666 0.08958333333333333 0.11666666666666667
2 0.44869791666666664 0.525 0.0265625 0.03833333333333333
2 0.46627604166666675 0.5191666666666667 0.02119791666666669 0.030833333333333334
0 0.3182291666666667 0.5875 0.05416666666666667 0.16833333333333333
0 0.38385416666666666 0.5816666666666667 0.06979166666666667 0.18833333333333332
2 0.6044270833333333 0.5391666666666667 0.0484375 0.08666666666666667
2 0.54609375 0.5141666666666667 0.0234375 0.023333333333333334
5 0.48046875 0.5025 0.018229166666666668 0.035
2 0.4205729166666667 0.5383333333333333 0.04739583333333333 0.06166666666666667
2 0.57890625 0.5283333333333333 0.033854166666666664 0.06
2 0.56171875 0.52625 0.0234375 0.04416666666666667
0 0.5994791666666667 0.5645833333333333 0.03125 0.1425
0 0.5462594696969696 0.5631818181818181 0.04109848484848477 0.12454545454545458
0 0.5232638888888889 0.5746527777777777 0.047743055555555594 0.12875
2 0.41484375 0.515 0.0421875 0.03333333333333333
2 0.4752604166666667 0.5125 0.009895833333333333 0.023333333333333334
2 0.43802083333333336 0.5033333333333333 0.011458333333333333 0.006666666666666667
2 0.4908854166666667 0.5041666666666667 0.0078125 0.015
