2 0.027083333333333334 0.56625 0.05416666666666667 0.10583333333333333
2 0.1904885912698413 0.5344642857142856 0.05404265873015876 0.05845238095238092
5 0.23489583333333333 0.4979166666666667 0.04479166666666667 0.0825
2 0.2650904605263158 0.521030701754386 0.030071271929824603 0.03811403508771927
2 0.35208333333333336 0.5491666666666667 0.08333333333333333 0.11
2 0.315625 0.5416071428571428 0.017708333333333333 0.07178571428571426
0 0.3966145833333333 0.525 0.019270833333333334 0.06166666666666667
2 0.14434523809523814 0.5361904761904761 0.03705357142857144 0.044761904761904815
2 0.11434294871794876 0.5421474358974359 0.05608974358974361 0.05352564102564088
2 0.07213541666666666 0.55 0.0734375 0.06666666666666667
0 0.5455902777777778 0.5408611111111111 0.033680555555555595 0.11094444444444435
0 0.6713324652777779 0.5726388888888889 0.04917534722222226 0.20138888888888887
2 0.15694444444444447 0.5185416666666667 0.030381944444444434 0.02652777777777781
2 0.3207175925925926 0.52125 0.053009259259259284 0.08287037037037029
2 0.29592013888888885 0.5228819444444445 0.0032986111111110716 0.024513888888888953
2 0.29270833333333335 0.5166666666666667 0.007291666666666667 0.025
6 0.15651041666666668 0.04791666666666667 0.028645833333333332 0.09583333333333334
6 0.5204727564102564 0.34051282051282056 0.026602564102564112 0.08435897435897441
2 0.2815972222222223 0.5200925925925926 0.009143518518518572 0.026111111111111238
2 0.2140625 0.5183333333333333 0.007291666666666667 0.013333333333333334
