2 0.09765625 0.77125 0.1953125 0.3375
2 0.21614583333333334 0.62 0.19166666666666668 0.17833333333333334
2 0.32151041666666663 0.58125 0.0917708333333333 0.10916666666666666
2 0.3952604166666667 0.5415416666666666 0.03979166666666671 0.05341666666666659
2 0.38958333333333334 0.5133333333333333 0.010833333333333368 0.010999999999999944
2 0.39817708333333335 0.5086666666666666 0.008437499999999964 0.013333333333333334
2 0.40880208333333334 0.5086666666666666 0.0109375 0.01
2 0.44666666666666666 0.5129166666666667 0.0125 0.016833333333333277
2 0.4283854166666667 0.5148333333333333 0.010520833333333297 0.01733333333333339
2 0.4269270833333333 0.5031666666666668 0.008229166666666643 0.006000000000000038
2 0.4386979166666667 0.5078333333333334 0.0067708333333333336 0.008333333333333333
2 0.6681770833333334 0.48333333333333334 0.03760416666666669 0.04400000000000006
2 0.715625 0.4845833333333333 0.0672916666666667 0.049166666666666664
2 0.49583333333333335 0.5129166666666667 0.015625 0.019166666666666665
2 0.4730034722222222 0.511851851851852 0.015104166666666667 0.020185185185185237
2 0.4628125 0.5133333333333333 0.010416666666666666 0.015999999999999945
2 0.4592329545454545 0.5104545454545455 0.00899621212121211 0.014393939393939377
2 0.5141666666666667 0.51225 0.013541666666666667 0.0175
2 0.41354166666666664 0.53375 0.016666666666666666 0.04183333333333328
2 0.42739583333333336 0.5265833333333334 0.010000000000000024 0.030833333333333334
2 0.4177083333333333 0.5291666666666668 0.022291666666666644 0.03433333333333337
5 0.23374999999999999 0.5130000000000001 0.051041666666666666 0.04200000000000008
2 0.76765625 0.48008333333333325 0.0648958333333334 0.05316666666666672
2 0.2775520833333333 0.5111666666666667 0.03739583333333331 0.03433333333333337
2 0.3349479166666667 0.5155 0.04593750000000003 0.02966666666666659
2 0.8277083333333334 0.4669166666666667 0.07791666666666662 0.06350000000000004
2 0.8865625 0.45916666666666667 0.09270833333333334 0.07166666666666667
2 0.9518229166666666 0.45875 0.0640625 0.059166666666666666
2 0.29354166666666665 0.506 0.046875 0.035
2 0.23723958333333334 0.5054166666666666 0.058854166666666666 0.03916666666666667
2 0.971875 0.45666666666666667 0.03229166666666667 0.056666666666666664
5 0.6269345238095239 0.43333333333333335 0.10744047619047628 0.14285714285714282
