2 0.26197916666666665 0.6804166666666667 0.2989583333333333 0.2925
0 0.41796875 0.585 0.058854166666666666 0.23666666666666666
2 0.4098177083333333 0.5950833333333333 0.12557291666666662 0.14716666666666658
2 0.46796875 0.5533333333333333 0.059895833333333336 0.105
2 0.5014062499999999 0.540125 0.041562499999999974 0.07524999999999996
2 0.5295572916666667 0.5166666666666667 0.032343749999999956 0.04
2 0.5106770833333333 0.49824999999999997 0.0109375 0.011833333333333371
2 0.5166666666666667 0.49291666666666667 0.009375 0.0125
2 0.5271875 0.49524999999999997 0.011458333333333333 0.010833333333333334
2 0.5638541666666667 0.49887500000000007 0.0109375 0.016583333333333408
2 0.5463802083333333 0.49399999999999994 0.00838541666666662 0.005
2 0.5432291666666667 0.49041666666666667 0.007291666666666667 0.009166666666666667
2 0.5552864583333332 0.49645833333333333 0.007239583333333381 0.015083333333333258
2 0.76875 0.47583333333333333 0.036458333333333336 0.04
2 0.8080729166666667 0.47625 0.05677083333333333 0.0425
2 0.6080989583333333 0.4996666666666666 0.009843750000000047 0.016666666666666666
2 0.5888020833333333 0.4979166666666667 0.015104166666666667 0.0175
2 0.57890625 0.4995833333333333 0.0109375 0.0175
2 0.5743749999999999 0.49641666666666673 0.007916666666666572 0.013333333333333334
2 0.6297135416666666 0.4995833333333333 0.01463541666666662 0.018333333333333333
0 0.62890625 0.5008333333333334 0.0067708333333333336 0.025
2 0.53828125 0.5141666666666667 0.018229166666666668 0.035
2 0.5508854166666666 0.50975 0.006666666666666643 0.02666666666666667
2 0.5421875 0.51 0.019791666666666666 0.03
2 0.8557291666666667 0.47458333333333336 0.057291666666666664 0.04416666666666667
2 0.43697916666666664 0.49125 0.025 0.024166666666666666
2 0.4731250000000001 0.4912916666666666 0.027812499999999987 0.015916666666666687
2 0.9122395833333333 0.4658333333333333 0.07239583333333334 0.055
2 0.9643229166666667 0.46375 0.07135416666666666 0.06583333333333333
2 0.9841145833333333 0.55625 0.03177083333333333 0.09916666666666667
5 0.7288318452380952 0.43041666666666667 0.0917410714285713 0.11940476190476185
