2 0.09453125 0.7975 0.1890625 0.405
0 0.21354166666666666 0.65 0.10208333333333333 0.35333333333333333
2 0.20216145833333332 0.6507916666666667 0.24109375000000002 0.21324999999999997
2 0.319453125 0.581875 0.10036458333333335 0.12324999999999998
2 0.3731770833333333 0.56125 0.0578125 0.08583333333333333
2 0.41432291666666665 0.5345833333333333 0.034895833333333334 0.03916666666666667
2 0.40065104166666665 0.5109166666666667 0.01036458333333338 0.013999999999999962
2 0.40821496212121217 0.5063636363636363 0.008854166666666666 0.013333333333333334
2 0.418671875 0.5061249999999999 0.01182291666666669 0.009249999999999925
2 0.45588541666666665 0.5101249999999999 0.011458333333333333 0.01591666666666659
2 0.4374739583333333 0.509 0.009010416666666642 0.011833333333333371
2 0.43585937499999994 0.5034583333333335 0.0068229166666666785 0.009250000000000019
2 0.4473958333333333 0.5058333333333334 0.00625 0.008333333333333333
2 0.66015625 0.48475 0.034479166666666575 0.04
2 0.701328125 0.48270833333333335 0.055156250000000046 0.0410833333333333
2 0.5 0.51125 0.008854166666666666 0.0175
2 0.48117187499999997 0.5093333333333334 0.014114583333333286 0.019166666666666665
2 0.47098958333333335 0.5109583333333332 0.010416666666666666 0.017416666666666646
2 0.4668981481481481 0.507638888888889 0.008333333333333333 0.014166666666666666
2 0.5207291666666667 0.5101666666666667 0.012916666666666642 0.0175
2 0.4296875 0.5295833333333333 0.0125 0.035833333333333335
2 0.44005208333333334 0.52225 0.00791666666666669 0.02666666666666667
2 0.4317708333333333 0.5245833333333333 0.020833333333333332 0.0325
5 0.280546875 0.5045000000000001 0.02901041666666666 0.02949999999999998
2 0.74671875 0.48220833333333324 0.05656249999999995 0.04508333333333326
2 0.3143229166666667 0.5055833333333334 0.029895833333333323 0.03166666666666667
2 0.35809895833333333 0.5059583333333334 0.03296874999999998 0.019083333333333313
2 0.8003645833333333 0.4738333333333333 0.06677083333333336 0.06116666666666665
2 0.8524479166666666 0.4668333333333334 0.08020833333333334 0.0625
2 0.958125 0.5707500000000001 0.08375000000000009 0.1598333333333335
2 0.8896354166666666 0.4684583333333332 0.02802083333333343 0.05341666666666659
2 0.3189583333333334 0.5029166666666667 0.03729166666666668 0.03283333333333331
5 0.621763392857143 0.43988095238095243 0.09441964285714283 0.12357142857142861
