2 0.04583333333333333 0.86375 0.09166666666666666 0.25416666666666665
0 0.1291145833333333 0.69675 0.12739583333333332 0.43383333333333346
2 0.14401041666666667 0.6954166666666667 0.28802083333333334 0.25083333333333335
2 0.28927083333333337 0.5970833333333334 0.11999999999999998 0.13683333333333336
2 0.3536458333333333 0.5741666666666667 0.06145833333333333 0.09166666666666666
2 0.4008593750000001 0.5449583333333333 0.035781249999999966 0.04808333333333328
2 0.3892708333333334 0.5203333333333334 0.010416666666666666 0.011666666666666667
2 0.3968229166666667 0.5155 0.008854166666666666 0.013333333333333334
2 0.40781249999999997 0.5160833333333333 0.01083333333333331 0.008500000000000037
2 0.44453124999999993 0.5199166666666667 0.011354166666666643 0.0175
2 0.42729166666666674 0.51975 0.010416666666666666 0.013833333333333258
2 0.42541666666666667 0.5135833333333333 0.0068749999999999645 0.01016666666666661
2 0.43671874999999993 0.5153333333333334 0.00614583333333331 0.008333333333333333
2 0.6547916666666667 0.4939166666666666 0.035625000000000046 0.04183333333333337
2 0.6944270833333335 0.4927500000000001 0.059270833333333425 0.04149999999999996
2 0.4895833333333333 0.52125 0.009375 0.019166666666666665
2 0.47026041666666674 0.5199166666666667 0.015104166666666667 0.019166666666666665
2 0.4601041666666667 0.5210833333333333 0.010416666666666666 0.01683333333333337
2 0.45645833333333335 0.5174166666666667 0.008333333333333333 0.014166666666666666
2 0.5102083333333333 0.5200833333333333 0.012916666666666703 0.0175
2 0.4165009469696969 0.5391287878787878 0.015009469696969665 0.03977272727272729
2 0.42869791666666673 0.53275 0.008645833333333346 0.027833333333333314
2 0.4192708333333333 0.53375 0.020833333333333332 0.0325
5 0.259375 0.5141666666666667 0.034375 0.03
2 0.7421875 0.4923333333333333 0.059375 0.04666666666666667
2 0.2954166666666667 0.5153333333333332 0.03666666666666665 0.03199999999999998
2 0.34072916666666664 0.516 0.0375 0.019666666666666686
2 0.7967187500000001 0.4810833333333333 0.06781250000000003 0.058833333333333356
2 0.8505729166666666 0.47616666666666674 0.0805208333333334 0.06466666666666669
2 0.9757291666666668 0.59475 0.04854166666666669 0.14550000000000002
2 0.89140625 0.47833333333333333 0.03697916666666667 0.056666666666666664
2 0.29984374999999996 0.5130833333333333 0.03697916666666667 0.036833333333333274
2 0.2799479166666667 0.5183333333333333 0.0078125 0.011666666666666667
5 0.61328125 0.4483333333333333 0.09635416666666667 0.12666666666666668
