2 0.10234375 0.79 0.2046875 0.42
0 0.22699652777777773 0.6336111111111112 0.09218749999999996 0.33833333333333343
2 0.21788194444444448 0.635972222222222 0.22604166666666675 0.20361111111111113
2 0.32643229166666676 0.5675 0.09921875000000006 0.12166666666666667
2 0.37898437500000004 0.5489583333333333 0.0558854166666667 0.08458333333333333
2 0.4192708333333333 0.5213333333333334 0.034375 0.04083333333333333
2 0.40451388888888895 0.5005555555555556 0.011458333333333333 0.013333333333333334
2 0.4120833333333333 0.49533333333333324 0.008854166666666666 0.013333333333333334
2 0.4225 0.4954583333333333 0.01062499999999993 0.008083333333333276
2 0.45966145833333333 0.4989166666666666 0.011302083333333298 0.016666666666666666
2 0.441953125 0.4957499999999999 0.0074479166666667025 0.005833333333333334
2 0.4397916666666667 0.4926666666666667 0.007291666666666667 0.009166666666666667
2 0.4515885416666666 0.4952083333333333 0.006927083333333369 0.009250000000000019
2 0.6634895833333334 0.4739166666666666 0.035208333333333404 0.04
2 0.7049739583333334 0.4709999999999999 0.054114583333333265 0.04033333333333322
2 0.5064236111111112 0.4997222222222223 0.014351851851851904 0.01814814814814819
2 0.4842447916666667 0.49833333333333335 0.01484375 0.019166666666666665
2 0.4750260416666666 0.5003333333333332 0.010781249999999964 0.018333333333333333
2 0.4705989583333333 0.4967083333333333 0.0074479166666667025 0.01391666666666661
2 0.5242447916666667 0.49904166666666666 0.012343750000000023 0.01808333333333337
2 0.43359375 0.5177083333333333 0.014062499999999941 0.035416666666666666
2 0.44471354166666666 0.5114166666666667 0.00713541666666669 0.02666666666666667
2 0.4348958333333333 0.51375 0.020833333333333332 0.0325
5 0.2868055555555556 0.49319444444444427 0.030208333333333334 0.026944444444444382
2 0.7495833333333333 0.47158333333333324 0.05604166666666674 0.045333333333333316
2 0.31968749999999996 0.49433333333333335 0.02833333333333338 0.03033333333333341
2 0.3551302083333333 0.4957500000000001 0.03963541666666668 0.020333333333333314
2 0.8026822916666666 0.4621666666666666 0.06661458333333338 0.056333333333333256
2 0.8550520833333333 0.45537500000000003 0.07927083333333323 0.06408333333333341
2 0.9552083333333333 0.55625 0.08958333333333333 0.16083333333333333
2 0.8907291666666668 0.4576666666666666 0.0265625 0.051666666666666666
2 0.32395833333333335 0.4915833333333334 0.036458333333333336 0.0325
5 0.6244791666666667 0.43047619047619046 0.0934523809523809 0.12595238095238093
