2 0.14166666666666666 0.5608333333333333 0.103125 0.1
2 0.2971660539215686 0.5322303921568629 0.04984681372549016 0.05446078431372551
5 0.33098958333333334 0.49583333333333335 0.044270833333333336 0.08333333333333333
2 0.3645089285714286 0.5182142857142857 0.029761904761904746 0.03571428571428574
2 0.45143229166666665 0.54375 0.07630208333333334 0.09708333333333333
2 0.41692708333333334 0.5366666666666666 0.0203125 0.06333333333333334
0 0.4883742559523809 0.5249404761904763 0.015587797619047687 0.05690476190476204
0 0.5070833333333334 0.5255833333333334 0.011614583333333251 0.07458333333333333
2 0.34918750000000004 0.5164833333333333 0.007291666666666667 0.02509999999999991
2 0.2578125 0.5325 0.03125 0.03833333333333333
2 0.23640625 0.5365 0.04447916666666665 0.04933333333333328
2 0.20234375 0.5412179487179486 0.058373397435897444 0.056282051282051195
0 0.6561316287878788 0.5611363636363637 0.03839962121212111 0.14363636363636356
0 0.7677083333333333 0.5633333333333334 0.051041666666666666 0.18333333333333332
0 0.055193014705882344 0.5597549019607841 0.024785539215686277 0.10794117647058812
0 0.06979166666666667 0.5579166666666666 0.025 0.09416666666666666
2 0.26566840277777776 0.5132638888888889 0.026996527777777796 0.02180555555555562
2 0.4187789351851851 0.5205555555555557 0.04971064814814816 0.07370370370370372
2 0.39401041666666664 0.53 0.0036458333333333334 0.02
2 0.39331597222222214 0.5225 0.010590277777777797 0.026111111111111047
2 0.38718171296296305 0.5162037037037037 0.012442129629629643 0.02759259259259257
6 0.30609374999999994 0.12175 0.020729166666666642 0.08299999999999998
6 0.08059895833333333 0.09645833333333333 0.02734375 0.09041666666666667
6 0.6109138257575758 0.35973484848484844 0.023626893939393885 0.07446969696969694
2 0.35078125 0.5141666666666667 0.0036458333333333334 0.018333333333333333
