2 0.14713541666666666 0.7475 0.2921875 0.3933333333333333
0 0.3059895833333333 0.5975 0.07239583333333334 0.29333333333333333
2 0.29921875 0.61125 0.16614583333333333 0.17583333333333334
2 0.3771354166666666 0.5571666666666666 0.0828125 0.11300000000000002
2 0.4197916666666667 0.5408333333333334 0.05 0.08
2 0.45390625 0.5158333333333334 0.033854166666666664 0.04
2 0.43697916666666664 0.49625 0.010416666666666666 0.014166666666666666
2 0.4440104166666667 0.49083333333333334 0.008854166666666666 0.011666666666666667
2 0.4544270833333333 0.4920833333333333 0.011979166666666667 0.010833333333333334
2 0.49140625 0.495 0.0109375 0.016666666666666666
2 0.47317708333333336 0.49041666666666667 0.008854166666666666 0.005833333333333334
2 0.47109375 0.48791666666666667 0.0078125 0.009166666666666667
2 0.4828125 0.4895833333333333 0.00625 0.0075
2 0.6924479166666667 0.47 0.03802083333333333 0.04
2 0.73203125 0.46875 0.05677083333333333 0.03916666666666667
2 0.5356770833333333 0.49541666666666667 0.009895833333333333 0.0175
2 0.51640625 0.4945833333333333 0.0140625 0.019166666666666665
2 0.5065104166666666 0.49583333333333335 0.009895833333333333 0.016666666666666666
2 0.5026041666666666 0.4925 0.009375 0.013333333333333334
2 0.5556818181818183 0.4953030303030303 0.011931818181818226 0.016666666666666666
0 0.5630208333333333 0.49333333333333335 0.00625 0.018333333333333333
2 0.46770833333333334 0.5121666666666667 0.014375000000000011 0.035
2 0.47734375 0.5066666666666667 0.0078125 0.02666666666666667
2 0.46875 0.5083333333333333 0.019791666666666666 0.03166666666666667
5 0.32890625 0.4875 0.025520833333333333 0.025
2 0.7791666666666667 0.46958333333333335 0.058333333333333334 0.04416666666666667
2 0.35625 0.4891666666666667 0.03125 0.028333333333333332
2 0.3966145833333333 0.48972222222222217 0.03258101851851851 0.018518518518518476
2 0.83203125 0.4579166666666667 0.0640625 0.05583333333333333
2 0.8846354166666667 0.4525 0.0796875 0.06333333333333334
2 0.9579687500000001 0.5494166666666668 0.08406249999999993 0.14699999999999988
2 0.9180729166666665 0.4541666666666668 0.020729166666666524 0.05066666666666663
2 0.36171875 0.4866666666666667 0.04010416666666667 0.03166666666666667
5 0.6546875 0.4266666666666667 0.09166666666666666 0.12166666666666667
