2 0.4921875 0.50625 0.013541666666666667 0.019166666666666665
2 0.521875 0.505 0.01875 0.023333333333333334
2 0.5471354166666667 0.505 0.0140625 0.021666666666666667
2 0.65703125 0.47541666666666665 0.05364583333333333 0.04083333333333333
2 0.94140625 0.445 0.1171875 0.095
2 0.2604166666666667 0.5045833333333334 0.075 0.050833333333333335
2 0.20104166666666667 0.5141666666666667 0.10625 0.055
2 0.10390625 0.5133333333333333 0.13072916666666667 0.07
5 0.06796875 0.52625 0.1359375 0.1425
2 0.4596354166666667 0.5266666666666666 0.0171875 0.04
2 0.44479166666666664 0.5316666666666666 0.034375 0.04666666666666667
2 0.42916666666666664 0.5429166666666667 0.034375 0.060833333333333336
2 0.3958333333333333 0.5591666666666667 0.07291666666666667 0.09
2 0.015104166666666667 0.8966666666666666 0.030208333333333334 0.17166666666666666
7 0.5484375 0.47791666666666666 0.009375 0.014166666666666666
2 0.31640625 0.5154166666666666 0.05260416666666667 0.04416666666666667
5 0.7890625 0.355 0.246875 0.285
2 0.3234375 0.515 0.057291666666666664 0.043333333333333335
2 0.34479166666666666 0.5079166666666667 0.053125 0.024166666666666666
2 0.3546875 0.5029166666666667 0.019791666666666666 0.010833333333333334
2 0.8453125 0.45666666666666667 0.08958333333333333 0.065
2 0.7713541666666667 0.4675 0.04479166666666667 0.04
2 0.4708333333333333 0.5070833333333333 0.0125 0.015833333333333335
2 0.5109375 0.5054166666666666 0.0125 0.020833333333333332
2 0.4942708333333333 0.5020833333333333 0.026041666666666668 0.019166666666666665
2 0.41484375 0.5058333333333334 0.0953125 0.021666666666666667
2 0.571875 0.5025 0.017708333333333333 0.021666666666666667
2 0.5971354166666667 0.5008333333333334 0.022395833333333334 0.021666666666666667
