2 0.05416666666666667 0.8545833333333334 0.10833333333333334 0.2658333333333333
0 0.1461458333333333 0.68825 0.12364583333333332 0.4153333333333334
2 0.14739583333333334 0.6866666666666666 0.29375 0.24333333333333335
2 0.29411458333333335 0.5952083333333333 0.11625000000000002 0.13508333333333325
2 0.3580729166666667 0.573125 0.0578125 0.09041666666666667
2 0.40249999999999997 0.5440833333333334 0.03562499999999999 0.04783333333333331
2 0.39036458333333335 0.5195833333333333 0.010416666666666666 0.011666666666666667
2 0.39791666666666664 0.515 0.008854166666666666 0.013333333333333334
2 0.408984375 0.5152083333333335 0.010677083333333275 0.008750000000000095
2 0.445703125 0.5191666666666667 0.011197916666666608 0.0175
2 0.4283854166666667 0.519375 0.010416666666666666 0.014583333333333334
2 0.4264322916666666 0.5127083333333331 0.007031249999999941 0.010416666666666572
2 0.437890625 0.5145833333333333 0.005989583333333274 0.008333333333333333
2 0.6549479166666666 0.49354166666666666 0.035937500000000115 0.04208333333333343
2 0.6946614583333336 0.491875 0.05911458333333345 0.041249999999999905
2 0.4907118055555556 0.5202083333333334 0.009722222222222203 0.017638888888888857
2 0.4713541666666667 0.5191666666666667 0.015104166666666667 0.019166666666666665
2 0.46119791666666665 0.5202083333333335 0.010416666666666666 0.01708333333333343
2 0.45755208333333336 0.5166666666666667 0.008333333333333333 0.014166666666666666
2 0.5110677083333334 0.5195833333333333 0.012760416666666725 0.0175
2 0.4174952651515151 0.5381060606060606 0.0155776515151515 0.03863636363636374
2 0.42994791666666676 0.531875 0.008333333333333392 0.027083333333333334
2 0.4203125 0.5329166666666667 0.020833333333333332 0.0325
5 0.259375 0.51375 0.028125 0.030833333333333334
2 0.7421875 0.4920833333333333 0.059375 0.04666666666666667
2 0.29713541666666665 0.5145833333333333 0.03697916666666667 0.0325
2 0.3428385416666666 0.515 0.03671875 0.019166666666666665
2 0.7964843750000002 0.48083333333333333 0.06796875000000012 0.058333333333333334
2 0.8502604166666666 0.47541666666666665 0.08020833333333345 0.06416666666666666
2 0.9721354166666667 0.59125 0.05572916666666667 0.15
2 0.88984375 0.4766666666666667 0.0359375 0.051666666666666666
2 0.30234375 0.5120833333333333 0.03697916666666667 0.035833333333333335
2 0.2828125 0.5183333333333333 0.00625 0.016666666666666666
5 0.61416015625 0.4480208333333333 0.09615885416666667 0.12666666666666668
