2 0.49114583333333334 0.5066666666666667 0.013541666666666667 0.018333333333333333
2 0.5205729166666667 0.5058333333333334 0.018229166666666668 0.023333333333333334
2 0.54453125 0.5054166666666666 0.011979166666666667 0.020833333333333332
2 0.65078125 0.47708333333333336 0.0578125 0.04083333333333333
2 0.92421875 0.44916666666666666 0.14739583333333334 0.08666666666666667
2 0.9752604166666666 0.43375 0.049479166666666664 0.07583333333333334
2 0.2755208333333333 0.5066666666666667 0.06875 0.045
2 0.22421875 0.51625 0.09635416666666667 0.050833333333333335
2 0.14765625 0.515 0.10260416666666666 0.06333333333333334
5 0.0859375 0.5266666666666666 0.171875 0.125
2 0.46197916666666666 0.52625 0.015625 0.0375
2 0.4471354166666667 0.5304166666666666 0.03177083333333333 0.04416666666666667
2 0.4328125 0.54125 0.03229166666666667 0.0575
2 0.4041666666666667 0.5566666666666666 0.065625 0.08166666666666667
2 0.09270833333333334 0.8120833333333334 0.18541666666666667 0.37416666666666665
7 0.5458333333333333 0.4791666666666667 0.008333333333333333 0.013333333333333334
2 0.3255208333333333 0.5166666666666667 0.046875 0.04
5 0.76171875 0.36916666666666664 0.2140625 0.25666666666666665
2 0.33046875 0.5158333333333334 0.05572916666666667 0.04
2 0.35182291666666665 0.5095833333333334 0.0515625 0.024166666666666666
2 0.359375 0.50375 0.017708333333333333 0.009166666666666667
2 0.8182291666666667 0.45666666666666667 0.078125 0.06
2 0.7510416666666667 0.4691666666666667 0.03125 0.03833333333333333
2 0.4703125 0.5070833333333333 0.0125 0.015833333333333335
2 0.509375 0.5058333333333334 0.011458333333333333 0.02
2 0.49322916666666666 0.5029166666666667 0.026041666666666668 0.019166666666666665
2 0.41432291666666665 0.5083333333333333 0.09322916666666667 0.023333333333333334
2 0.56875 0.5033333333333333 0.016666666666666666 0.021666666666666667
2 0.59453125 0.5008333333333334 0.022395833333333334 0.02
