2 0.11276041666666667 0.7841666666666667 0.22552083333333334 0.43166666666666664
0 0.24315814393939392 0.6242803030303031 0.08214962121212116 0.32871212121212134
2 0.23508522727272727 0.6306439393939394 0.2121212121212121 0.19856060606060613
2 0.33473958333333337 0.5655833333333333 0.09760416666666671 0.11950000000000008
2 0.38515625 0.5466666666666666 0.05677083333333333 0.08166666666666667
2 0.42494791666666665 0.5195833333333333 0.03447916666666669 0.04083333333333333
2 0.41009837962962964 0.49986111111111114 0.0109375 0.013425925925925905
2 0.4172916666666666 0.4940833333333333 0.008958333333333356 0.013166666666666629
2 0.4278645833333333 0.4944166666666666 0.010104166666666714 0.0075
2 0.4647395833333333 0.49816666666666665 0.0109375 0.016666666666666666
2 0.44697916666666665 0.4942499999999999 0.00791666666666669 0.005833333333333334
2 0.4446875 0.49175 0.007291666666666667 0.009166666666666667
2 0.45625 0.49291666666666667 0.00625 0.0075
2 0.6678645833333332 0.4730833333333333 0.03656249999999991 0.0398333333333333
2 0.7096875 0.47050000000000003 0.051874999999999956 0.038999999999999965
2 0.5089583333333333 0.49866666666666665 0.009791666666666643 0.017666666666666705
2 0.48962053571428565 0.4979166666666667 0.014955357142857117 0.019166666666666665
2 0.4800520833333333 0.4989166666666666 0.010312499999999976 0.01816666666666663
2 0.4758854166666666 0.49566666666666664 0.008229166666666643 0.013333333333333334
2 0.5292708333333334 0.49866666666666676 0.011875000000000035 0.01733333333333339
0 0.53984375 0.49541666666666667 0.005729166666666666 0.014166666666666666
2 0.4386458333333333 0.5169166666666667 0.014999999999999977 0.034499999999999885
2 0.44984375 0.5106666666666667 0.0078125 0.02666666666666667
2 0.44036458333333334 0.51125 0.0203125 0.0325
5 0.2947916666666667 0.49166666666666664 0.030208333333333334 0.025
2 0.7543229166666666 0.47058333333333335 0.05656249999999995 0.04383333333333326
2 0.32708333333333334 0.49333333333333335 0.026041666666666668 0.03
2 0.36661458333333324 0.49425000000000013 0.038229166666666654 0.01883333333333335
2 0.8065625 0.4603333333333332 0.06750000000000007 0.05699999999999998
2 0.8600378787878789 0.45348484848484855 0.07727272727272722 0.060000000000000046
2 0.9542708333333334 0.55025 0.09145833333333328 0.15483333333333338
2 0.8940104166666667 0.45666666666666667 0.02531250000000007 0.051666666666666666
2 0.33187500000000003 0.49058333333333337 0.03520833333333335 0.03283333333333331
5 0.62890625 0.42972222222222217 0.0928819444444444 0.12555555555555548
