2 0.09192708333333334 0.7991666666666667 0.18385416666666668 0.40166666666666667
0 0.20677083333333332 0.65375 0.10416666666666667 0.3575
2 0.19770833333333335 0.6544166666666666 0.24562500000000004 0.21550000000000002
2 0.31718749999999996 0.5841666666666666 0.10145833333333328 0.12433333333333328
2 0.37145833333333333 0.5626249999999999 0.058124999999999954 0.08608333333333329
2 0.4130729166666666 0.5358333333333333 0.034895833333333334 0.04066666666666663
2 0.39947916666666666 0.5141666666666667 0.010416666666666666 0.013333333333333334
2 0.40707859848484856 0.5079545454545455 0.008854166666666666 0.013333333333333334
2 0.41765625 0.50825 0.011354166666666643 0.009499999999999887
2 0.4547916666666667 0.5117499999999998 0.011458333333333333 0.01616666666666655
2 0.43661458333333336 0.5109999999999999 0.00947916666666669 0.012333333333333295
2 0.43484375 0.5050833333333334 0.006979166666666714 0.009500000000000076
2 0.446875 0.5079166666666667 0.00625 0.0075
2 0.6593749999999999 0.4865 0.034791666666666526 0.04
2 0.6998437499999999 0.4845833333333333 0.05656250000000007 0.04183333333333328
2 0.49921875 0.51375 0.008854166666666666 0.0175
2 0.48015625 0.5110833333333333 0.014270833333333262 0.019166666666666665
2 0.46989583333333335 0.5125833333333334 0.010416666666666666 0.01716666666666678
2 0.46603009259259254 0.5093055555555556 0.008333333333333333 0.014166666666666666
2 0.5196354166666666 0.5119166666666667 0.012604166666666632 0.0175
2 0.4287037037037037 0.53125 0.0125 0.03657407407407409
2 0.4391145833333333 0.524 0.008229166666666702 0.02666666666666667
2 0.43020833333333336 0.52625 0.020833333333333332 0.0325
5 0.2784375 0.50675 0.028541666666666642 0.030499999999999923
2 0.74625 0.48383333333333317 0.057500000000000044 0.04533333333333322
2 0.3127604166666666 0.5073333333333334 0.030520833333333285 0.03166666666666667
2 0.35661458333333323 0.5075833333333334 0.03343749999999997 0.018833333333333258
2 0.7998958333333334 0.4753333333333332 0.06708333333333343 0.05966666666666659
2 0.8519791666666667 0.4685833333333334 0.08020833333333334 0.0625
2 0.95875 0.574125 0.08250000000000005 0.1590833333333334
2 0.8893229166666666 0.47208333333333335 0.028645833333333332 0.05416666666666667
2 0.3180208333333334 0.5054166666666666 0.036666666666666715 0.03383333333333326
5 0.6212053571428572 0.4422023809523809 0.09464285714285706 0.12392857142857143
