2 0.03125 0.6408333333333334 0.0625 0.11333333333333333
2 0.22317708333333333 0.6125 0.2203125 0.18333333333333332
2 0.36727430555555557 0.554236111111111 0.09149305555555554 0.12013888888888885
4 0.41640625 0.5004166666666666 0.0890625 0.1425
2 0.50390625 0.5204166666666666 0.021354166666666667 0.029166666666666667
2 0.4697048611111111 0.5189583333333333 0.015277777777777798 0.026805555555555523
2 0.48653645833333325 0.5171250000000001 0.01463541666666662 0.01808333333333337
6 0.46677827380952375 0.4183928571428572 0.01421130952380949 0.007023809523809537
2 0.32057291666666665 0.5316666666666666 0.027604166666666666 0.058333333333333334
2 0.47853009259259266 0.5194444444444444 0.0077546296296296426 0.020370370370370285
2 0.464453125 0.5214166666666666 0.006718749999999988 0.035500000000000115
2 0.5694791666666666 0.5202500000000001 0.01270833333333338 0.015166666666666705
2 0.06432291666666666 0.5279166666666667 0.059895833333333336 0.020833333333333332
6 0.4214657738095237 0.4189285714285715 0.02433035714285712 0.008571428571428565
6 0.38671875 0.41583333333333333 0.0078125 0.025
6 0.5880208333333333 0.43583333333333335 0.010416666666666666 0.03166666666666667
