2 0.30911458333333336 0.6033333333333334 0.12552083333333333 0.13166666666666665
2 0.46197916666666666 0.58125 0.07083333333333333 0.07083333333333333
2 0.3846354166666667 0.5804166666666667 0.05260416666666667 0.07083333333333333
2 0.48776041666666664 0.5541666666666667 0.0140625 0.025
2 0.6872395833333333 0.5683333333333334 0.0984375 0.04833333333333333
2 0.86796875 0.5616666666666666 0.13385416666666666 0.07166666666666667
2 0.9838541666666667 0.575 0.03229166666666667 0.03333333333333333
2 0.4510416666666667 0.5433333333333333 0.013541666666666667 0.008333333333333333
6 0.16890624999999998 0.3199166666666666 0.037395833333333336 0.025166666666666705
2 0.18958333333333333 0.5820833333333333 0.13958333333333334 0.1325
6 0.22447916666666667 0.47541666666666665 0.00625 0.04083333333333333
6 0.06869791666666665 0.31866666666666665 0.046354166666666655 0.016666666666666666
6 0.009895833333333333 0.40708333333333335 0.019791666666666666 0.0125
6 0.5592708333333334 0.504 0.00625 0.013333333333333334
2 0.49052083333333335 0.5475833333333334 0.012916666666666642 0.02283333333333341
2 0.00703125 0.5708333333333333 0.0140625 0.03833333333333333
2 0.42291666666666666 0.5566666666666666 0.028125 0.05
2 0.40625 0.5670833333333334 0.03958333333333333 0.059166666666666666
2 0.44953125000000005 0.5445000000000001 0.013229166666666714 0.005
2 0.43729166666666663 0.5454166666666668 0.005208333333333333 0.015166666666666705
2 0.46416666666666667 0.5434166666666665 0.010416666666666666 0.0038333333333332577
2 0.8307291666666666 0.5458333333333333 0.011458333333333333 0.01
