2 0.49505208333333334 0.5429166666666667 0.0484375 0.060833333333333336
2 0.078125 0.6329166666666667 0.15625 0.18416666666666667
2 0.3497395833333333 0.5379166666666667 0.044270833333333336 0.059166666666666666
2 0.44635416666666666 0.52625 0.03229166666666667 0.03916666666666667
0 0.6403645833333333 0.54875 0.0203125 0.07916666666666666
2 0.45859375 0.51625 0.021354166666666667 0.0275
2 0.5005208333333333 0.50625 0.017708333333333333 0.019166666666666665
4 0.475 0.5004166666666666 0.022916666666666665 0.049166666666666664
2 0.46640625 0.5133333333333333 0.0171875 0.023333333333333334
2 0.4744791666666667 0.5104166666666666 0.015625 0.0275
2 0.43515624999999986 0.5122222222222222 0.01545138888888881 0.02666666666666667
2 0.4178645833333333 0.5081666666666668 0.01739583333333338 0.01
