2 0.0453125 0.6166666666666667 0.090625 0.14
2 0.22057291666666667 0.6079166666666667 0.20989583333333334 0.18083333333333335
2 0.3703125 0.5575 0.08645833333333333 0.09166666666666666
2 0.425 0.5341666666666667 0.051041666666666666 0.075
4 0.44696180555555554 0.5026388888888889 0.06232638888888893 0.10361111111111104
2 0.51279296875 0.5235416666666667 0.022591145833333333 0.0325
2 0.48348958333333336 0.5154166666666667 0.011770833333333404 0.023833333333333446
2 0.49473958333333345 0.5164583333333336 0.014375000000000072 0.017750000000000057
6 0.4816080729166667 0.43072916666666666 0.010481770833333333 0.005833333333333334
2 0.36822916666666666 0.5066666666666667 0.035416666666666666 0.011666666666666667
2 0.06692708333333333 0.5554166666666667 0.13385416666666666 0.11416666666666667
2 0.49140625 0.5154166666666666 0.0078125 0.0175
2 0.15286458333333333 0.5154166666666666 0.027604166666666666 0.009166666666666667
6 0.4435267857142857 0.43059523809523814 0.020089285714285764 0.00690476190476185
6 0.41354166666666664 0.4275 0.00625 0.021666666666666667
6 0.58046875 0.4483333333333333 0.0078125 0.02666666666666667
