4 0.19088541666666667 0.5 0.38177083333333334 1.0
2 0.4080729166666667 0.52875 0.0578125 0.07416666666666667
6 0.35390625 0.325 0.0234375 0.015
6 0.43203125 0.32458333333333333 0.028645833333333332 0.015833333333333335
2 0.44427083333333334 0.5220833333333333 0.03333333333333333 0.04583333333333333
2 0.4630208333333333 0.5208333333333334 0.016666666666666666 0.03666666666666667
2 0.46901041666666665 0.51625 0.013020833333333334 0.0325
2 0.5028645833333333 0.51875 0.019270833333333334 0.0275
2 0.6192708333333333 0.5191666666666667 0.04375 0.028333333333333332
2 0.7046875 0.5108333333333334 0.06979166666666667 0.035
2 0.8091145833333333 0.5183333333333333 0.028645833333333332 0.02666666666666667
6 0.8231770833333333 0.40291666666666665 0.009895833333333333 0.0325
6 0.7619791666666667 0.28583333333333333 0.03229166666666667 0.09666666666666666
2 0.47911458333333334 0.51875 0.009895833333333333 0.017833333333333316
2 0.48802083333333335 0.5179166666666667 0.008333333333333333 0.013333333333333334
6 0.7778645833333333 0.36791666666666667 0.0109375 0.030833333333333334
