2 0.23515625 0.61375 0.1609375 0.15583333333333332
2 0.43020833333333336 0.5841666666666666 0.06875 0.07333333333333333
2 0.3338541666666667 0.5854166666666667 0.06354166666666666 0.08083333333333333
2 0.453125 0.5529166666666666 0.013541666666666667 0.0175
2 0.66171875 0.5783333333333334 0.10364583333333334 0.051666666666666666
2 0.8518229166666667 0.5770833333333333 0.1390625 0.07583333333333334
2 0.9768229166666667 0.5941666666666666 0.04635416666666667 0.03833333333333333
2 0.41854166666666676 0.5431666666666666 0.014791666666666713 0.01033333333333341
6 0.08880208333333334 0.28541666666666665 0.043229166666666666 0.025833333333333333
2 0.11744791666666667 0.5845833333333333 0.14427083333333332 0.1425
6 0.17161458333333332 0.4658333333333333 0.0067708333333333336 0.043333333333333335
6 0.5277083333333333 0.507 0.00625 0.013333333333333334
2 0.45630208333333333 0.5478333333333334 0.011979166666666667 0.020666666666666722
2 0.3841145833333333 0.5616666666666666 0.034895833333333334 0.06
2 0.36223958333333334 0.5691666666666667 0.0421875 0.06333333333333334
2 0.41213541666666664 0.5463333333333334 0.014687499999999964 0.006333333333333352
2 0.3997916666666666 0.5551666666666667 0.009999999999999964 0.030333333333333313
2 0.4280208333333333 0.5453333333333334 0.011041666666666632 0.0056666666666667235
2 0.8049479166666667 0.5554166666666667 0.027604166666666666 0.015833333333333335
2 0.4040625 0.5499166666666666 0.009583333333333322 0.020833333333333332
2 0.98984375 0.5670833333333334 0.0203125 0.019166666666666665
