2 0.49661458333333336 0.53 0.04114583333333333 0.05
2 0.2609375 0.5595833333333333 0.09166666666666666 0.09583333333333334
2 0.4427083333333333 0.5220833333333333 0.03333333333333333 0.0425
0 0.6973958333333333 0.5708333333333333 0.035416666666666666 0.13333333333333333
2 0.29140625 0.5383333333333333 0.043229166666666666 0.056666666666666664
2 0.45390625 0.51375 0.0234375 0.030833333333333334
2 0.5015625 0.4995833333333333 0.016666666666666666 0.019166666666666665
4 0.47291666666666665 0.4975 0.028125 0.051666666666666666
2 0.46380208333333334 0.5116666666666667 0.018229166666666668 0.02666666666666667
2 0.4705729166666667 0.5075 0.019270833333333334 0.028333333333333332
2 0.4341666666666667 0.5070833333333334 0.016250000000000025 0.024833333333333294
2 0.3917534722222223 0.5059722222222223 0.02054398148148149 0.011203703703703714
