2 0.49609375 0.5404166666666667 0.043229166666666666 0.0575
2 0.017447916666666667 0.6745833333333333 0.034895833333333334 0.12916666666666668
2 0.30807291666666664 0.5504166666666667 0.0640625 0.0725
2 0.4440104166666667 0.5266666666666666 0.03177083333333333 0.03666666666666667
0 0.6640625 0.5625 0.028125 0.10666666666666667
2 0.4552083333333333 0.5191666666666667 0.023958333333333335 0.03166666666666667
2 0.5 0.5054166666666666 0.017708333333333333 0.015833333333333335
4 0.47578125 0.5004166666666666 0.025520833333333333 0.049166666666666664
2 0.46588541666666666 0.5154166666666666 0.015104166666666667 0.024166666666666666
2 0.47421875 0.51375 0.019270833333333334 0.0325
2 0.434375 0.5112916666666666 0.015625 0.02608333333333339
2 0.40234375 0.5092708333333333 0.021875 0.012916666666666667
