6 0.86953125 0.2325 0.05572916666666667 0.03666666666666667
2 0.7236979166666667 0.5654166666666667 0.13072916666666667 0.06583333333333333
2 0.553125 0.5604166666666667 0.15833333333333333 0.09416666666666666
2 0.31302083333333336 0.5616666666666666 0.14375 0.07
2 0.05651041666666667 0.5216666666666666 0.022395833333333334 0.028333333333333332
2 0.006510416666666667 0.52375 0.011979166666666667 0.029166666666666667
2 0.018489583333333334 0.5233333333333333 0.018229166666666668 0.025
2 0.06692708333333333 0.5204166666666666 0.0171875 0.025833333333333333
2 0.0046875 0.56125 0.009375 0.07916666666666666
2 0.515625 0.5270833333333333 0.028125 0.0225
5 0.7598958333333333 0.535 0.05520833333333333 0.03333333333333333
2 0.6463541666666667 0.5341666666666667 0.03229166666666667 0.028333333333333332
5 0.07161458333333333 0.505 0.022395833333333334 0.041666666666666664
4 0.029427083333333333 0.50625 0.0359375 0.050833333333333335
4 0.00234375 0.49416666666666664 0.0046875 0.025
2 0.8236979166666667 0.54625 0.07447916666666667 0.0325
2 0.47109375 0.52375 0.025520833333333333 0.014166666666666666
5 0.6911458333333333 0.52875 0.059375 0.050833333333333335
2 0.9705729166666667 0.5608333333333333 0.058854166666666666 0.06333333333333334
