6 0.6583333333333333 0.09208333333333334 0.06875 0.0475
2 0.47161458333333334 0.52125 0.15260416666666668 0.08416666666666667
2 0.23854166666666668 0.5233333333333333 0.240625 0.14333333333333334
5 0.5049479166666667 0.4795833333333333 0.059895833333333336 0.0325
2 0.38984375 0.4791666666666667 0.034895833333333334 0.03
2 0.5677083333333334 0.4945833333333333 0.06979166666666667 0.035833333333333335
2 0.190625 0.4675 0.028125 0.016666666666666666
5 0.43776041666666665 0.47625 0.0640625 0.05583333333333333
2 0.6963541666666667 0.51 0.10416666666666667 0.06333333333333334
6 0.85078125 0.022916666666666665 0.0796875 0.04583333333333333
