2 0.4942708333333333 0.5408333333333334 0.046875 0.058333333333333334
2 0.05651041666666667 0.6404166666666666 0.11302083333333333 0.1875
2 0.33567708333333335 0.5425 0.050520833333333334 0.06666666666666667
2 0.4453125 0.52625 0.03125 0.0375
0 0.6486979166666667 0.5545833333333333 0.0265625 0.0875
2 0.45703125 0.51875 0.021354166666666667 0.029166666666666667
2 0.49973958333333335 0.50625 0.0171875 0.019166666666666665
4 0.475 0.5020833333333333 0.022916666666666665 0.049166666666666664
2 0.46484375 0.51375 0.0171875 0.024166666666666666
2 0.47317708333333336 0.5120833333333333 0.0203125 0.029166666666666667
2 0.43453125000000004 0.5113333333333334 0.015312499999999929 0.02666666666666667
2 0.4130729166666666 0.5079999999999999 0.01885416666666663 0.01
