4 0.16822916666666668 0.5 0.33645833333333336 1.0
2 0.3971354166666667 0.53 0.0640625 0.08166666666666667
6 0.3255208333333333 0.3025 0.051041666666666666 0.016666666666666666
6 0.42421875 0.3016666666666667 0.03177083333333333 0.016666666666666666
2 0.44036458333333334 0.5204166666666666 0.0359375 0.050833333333333335
2 0.46119791666666665 0.51875 0.021354166666666667 0.0375
2 0.46979166666666666 0.51375 0.0125 0.034166666666666665
2 0.5028645833333333 0.5158333333333334 0.019270833333333334 0.02666666666666667
2 0.6205729166666667 0.5166666666666667 0.05572916666666667 0.03
2 0.7138020833333333 0.5095833333333334 0.07447916666666667 0.035833333333333335
2 0.7815104166666667 0.5175 0.021354166666666667 0.021666666666666667
6 0.8466145833333333 0.38708333333333333 0.0109375 0.034166666666666665
6 0.82734375 0.22791666666666666 0.03802083333333333 0.11583333333333333
2 0.47843749999999996 0.5159166666666668 0.011875000000000035 0.01883333333333335
6 0.3533854166666667 0.39791666666666664 0.021354166666666667 0.009166666666666667
2 0.3296875 0.5333333333333333 0.027083333333333334 0.085
6 0.328125 0.46125 0.004166666666666667 0.029166666666666667
2 0.4876302083333333 0.5147916666666666 0.00859375 0.01375
6 0.8442708333333333 0.33666666666666667 0.017708333333333333 0.05
