2 0.4953125 0.5320833333333334 0.03854166666666667 0.049166666666666664
2 0.15026041666666667 0.5904166666666667 0.16302083333333334 0.14083333333333334
2 0.4361979166666667 0.5295833333333333 0.03802083333333333 0.0425
0 0.7747395833333334 0.6045833333333334 0.05572916666666667 0.20083333333333334
2 0.22630208333333332 0.55625 0.07447916666666667 0.07916666666666666
2 0.4484375 0.52125 0.021875 0.034166666666666665
2 0.49921875 0.5070833333333333 0.0171875 0.0175
4 0.4700520833333333 0.50125 0.028645833333333332 0.05583333333333333
2 0.46015625 0.5179166666666667 0.013020833333333334 0.030833333333333334
2 0.4669270833333333 0.5129166666666667 0.019270833333333334 0.030833333333333334
2 0.4289930555555556 0.5077777777777778 0.016666666666666666 0.01555555555555562
2 0.040364583333333336 0.85625 0.08072916666666667 0.28583333333333333
