2 0.25286458333333334 0.6095833333333334 0.15260416666666668 0.14583333333333334
2 0.43828125 0.5833333333333334 0.06822916666666666 0.07333333333333333
2 0.3455729166666667 0.5845833333333333 0.06197916666666667 0.07916666666666666
2 0.46119791666666665 0.5533333333333333 0.013020833333333334 0.018333333333333333
2 0.6690104166666667 0.5779166666666666 0.1015625 0.0525
2 0.8575520833333333 0.57625 0.1390625 0.07583333333333334
2 0.9794270833333333 0.5933333333333334 0.04114583333333333 0.03666666666666667
2 0.4234375 0.5441666666666667 0.014583333333333334 0.01
6 0.10911458333333333 0.29583333333333334 0.04010416666666667 0.023333333333333334
2 0.13385416666666666 0.5829166666666666 0.14166666666666666 0.14083333333333334
6 0.18359375 0.46791666666666665 0.005729166666666666 0.04083333333333333
6 0.007291666666666667 0.29041666666666666 0.014583333333333334 0.020833333333333332
6 0.535625 0.5073333333333333 0.006250000000000059 0.013333333333333334
2 0.4644270833333334 0.5481666666666666 0.011979166666666667 0.021333333333333353
2 0.39375 0.5620833333333334 0.034375 0.0625
2 0.37213541666666666 0.5683333333333334 0.0421875 0.06166666666666667
2 0.4208854166666666 0.5468333333333334 0.014270833333333321 0.006000000000000038
2 0.40895833333333337 0.5536666666666666 0.009583333333333322 0.027333333333333296
2 0.43624999999999997 0.5456666666666666 0.011666666666666655 0.006333333333333352
2 0.81328125 0.5545833333333333 0.027604166666666666 0.014166666666666666
2 0.4128125 0.5494166666666667 0.008749999999999977 0.019166666666666665
2 0.99453125 0.56625 0.0109375 0.0175
