2 0.49375 0.52875 0.035416666666666666 0.04583333333333333
2 0.06484375 0.6216666666666667 0.1296875 0.18166666666666667
2 0.4283854166666667 0.53125 0.03802083333333333 0.0475
0 0.9497395833333333 0.66625 0.10052083333333334 0.3425
2 0.15130208333333334 0.5716666666666667 0.1171875 0.105
2 0.44114583333333335 0.5233333333333333 0.027083333333333334 0.03833333333333333
2 0.4979166666666667 0.5054166666666666 0.015625 0.015833333333333335
4 0.4666666666666667 0.5033333333333333 0.029166666666666667 0.058333333333333334
2 0.4544270833333333 0.51875 0.0203125 0.030833333333333334
2 0.4635416666666667 0.5141666666666667 0.019791666666666666 0.03333333333333333
2 0.42604166666666665 0.50375 0.016666666666666666 0.009166666666666667
2 0.06744791666666666 0.8420833333333333 0.13489583333333333 0.31583333333333335
