2 0.4981770833333333 0.5591666666666667 0.06197916666666667 0.08166666666666667
2 0.125 0.605 0.2125 0.145
2 0.971875 0.54 0.05625 0.06833333333333333
2 0.38307291666666665 0.5266666666666666 0.0265625 0.035
2 0.9276041666666667 0.5783333333333334 0.14270833333333333 0.22333333333333333
2 0.45 0.53 0.03333333333333333 0.03666666666666667
0 0.6182291666666667 0.54125 0.023958333333333335 0.06416666666666666
2 0.3971354166666667 0.5229166666666667 0.021354166666666667 0.0325
2 0.46380208333333334 0.5191666666666667 0.021354166666666667 0.02666666666666667
2 0.5044270833333333 0.51 0.0171875 0.02
4 0.4822916666666667 0.5054166666666666 0.020833333333333332 0.04583333333333333
2 0.47317708333333336 0.51375 0.013020833333333334 0.019166666666666665
2 0.48020833333333335 0.5120833333333333 0.017708333333333333 0.025833333333333333
2 0.4434895833333333 0.5110416666666667 0.016145833333333394 0.019583333333333335
