2 0.49114583333333334 0.52125 0.03229166666666667 0.0425
2 0.4109375 0.5295833333333333 0.046875 0.0525
2 0.009375 0.5825 0.01875 0.06666666666666667
2 0.42890625 0.5233333333333333 0.028645833333333332 0.041666666666666664
2 0.49609375 0.5004166666666666 0.015104166666666667 0.015833333333333335
4 0.46145833333333336 0.49625 0.03229166666666667 0.059166666666666666
2 0.44479166666666664 0.51625 0.026041666666666668 0.0325
2 0.45598958333333334 0.5120833333333333 0.022395833333333334 0.0375
2 0.4157118055555556 0.5004166666666667 0.015104166666666667 0.00805555555555562
2 0.07760416666666667 0.7154166666666667 0.15520833333333334 0.29583333333333334
