2 0.3932291666666667 0.5479166666666667 0.06666666666666667 0.0625
5 0.5229166666666667 0.5083333333333333 0.028125 0.051666666666666666
0 0.85703125 0.7141666666666666 0.12239583333333333 0.535
2 0.49609375 0.5325 0.03802083333333333 0.05
2 0.45364583333333336 0.56 0.07083333333333333 0.07833333333333334
5 0.8494791666666667 0.6154166666666666 0.30104166666666665 0.5008333333333334
2 0.22552083333333334 0.5254166666666666 0.023958333333333335 0.009166666666666667
2 0.19375 0.5258333333333334 0.014583333333333334 0.008333333333333333
2 0.25234375 0.5225 0.0109375 0.005
2 0.10442708333333334 0.5266666666666666 0.016145833333333335 0.013333333333333334
2 0.5692708333333333 0.5175 0.0125 0.02
2 0.5794270833333334 0.5170833333333333 0.0140625 0.0175
2 0.6046875 0.5254166666666666 0.03229166666666667 0.04416666666666667
2 0.12213541666666666 0.5283333333333333 0.011979166666666667 0.01
2 0.6065104166666667 0.5333333333333333 0.018229166666666668 0.041666666666666664
5 0.6510416666666666 0.5395833333333333 0.07708333333333334 0.0875
2 0.6138020833333333 0.5416666666666666 0.015104166666666667 0.045
