2 0.28411458333333334 0.5554166666666667 0.0921875 0.07583333333333334
2 0.609375 0.5683333333333334 0.09270833333333334 0.10333333333333333
2 0.434375 0.5179166666666667 0.03229166666666667 0.0325
5 0.5278645833333333 0.49875 0.013020833333333334 0.0225
2 0.5002604166666667 0.505 0.0203125 0.03
0 0.5372395833333333 0.5325 0.017812499999999964 0.07866666666666665
0 0.573125 0.51875 0.013541666666666667 0.04583333333333333
2 0.52453125 0.5034166666666667 0.009687499999999953 0.014500000000000075
2 0.515625 0.5043333333333334 0.013124999999999965 0.015333333333333315
5 0.5775390625 0.525 0.06705729166666667 0.08833333333333333
2 0.2548611111111111 0.5088888888888888 0.018055555555555537 0.008888888888888951
2 0.28020833333333334 0.5066666666666667 0.010416666666666666 0.006666666666666667
