2 0.09322916666666667 0.6316666666666667 0.18645833333333334 0.20666666666666667
2 0.9033854166666667 0.76375 0.19322916666666667 0.4075
2 0.44192708333333336 0.51875 0.04635416666666667 0.0475
5 0.553125 0.49375 0.014583333333333334 0.0275
2 0.50390625 0.5129166666666667 0.03802083333333333 0.05583333333333333
0 0.6306770833333334 0.5548333333333333 0.03947916666666676 0.1603333333333334
0 0.7026041666666667 0.5566666666666666 0.034375 0.16166666666666665
2 0.5449479166666668 0.49916666666666665 0.014479166666666762 0.022000000000000075
2 0.5339062499999999 0.5035000000000001 0.019895833333333356 0.02433333333333337
2 0.5240625 0.49833333333333335 0.009583333333333322 0.016333333333333352
5 0.6965711805555556 0.5380555555555556 0.13116319444444452 0.17666666666666667
2 0.2598958333333333 0.5066666666666667 0.020833333333333332 0.01
2 0.2868675595238095 0.5045238095238095 0.011235119047619039 0.005952380952380925
2 0.21190972222222224 0.5054722222222222 0.01416666666666666 0.0075
2 0.14561011904761903 0.5061309523809524 0.020535714285714293 0.0125
2 0.5825520833333333 0.4975 0.011979166666666667 0.016666666666666666
2 0.5903273809523809 0.4978571428571429 0.01264880952380949 0.01428571428571426
2 0.6049479166666667 0.5045833333333334 0.019270833333333334 0.0375
2 0.16536458333333334 0.5070833333333333 0.008854166666666666 0.009166666666666667
2 0.6059895833333333 0.5111666666666667 0.013020833333333334 0.03433333333333337
5 0.6166666666666668 0.5125833333333335 0.026250000000000048 0.06450000000000007
