5 0.6359895833333333 0.5531666666666666 0.10760416666666663 0.11633333333333336
5 0.9466666666666667 0.6563333333333332 0.10666666666666665 0.6873333333333332
2 0.26901041666666664 0.6308333333333334 0.21510416666666668 0.23833333333333334
2 0.5709374999999999 0.54225 0.025625000000000023 0.051166666666666645
2 0.5832291666666667 0.5531666666666666 0.020624999999999952 0.056666666666666664
5 0.4471354166666667 0.5135833333333333 0.05697916666666666 0.09449999999999999
2 0.5658854166666667 0.5324166666666666 0.03968750000000002 0.05149999999999996
2 0.5264508928571429 0.5218452380952381 0.025520833333333274 0.019642857142857226
2 0.1471875 0.532 0.017500000000000012 0.014333333333333372
2 0.11598958333333333 0.5315833333333333 0.020104166666666663 0.011499999999999962
2 0.09140625 0.5316666666666666 0.021354166666666667 0.013333333333333334
2 0.0140625 0.5320833333333334 0.028125 0.015833333333333335
2 0.03619791666666667 0.5345833333333333 0.013020833333333334 0.010833333333333334
