2 0.34609375 0.5404166666666667 0.015104166666666667 0.05583333333333333
5 0.49635416666666665 0.50625 0.01875 0.034166666666666665
2 0.3841145833333333 0.55625 0.0921875 0.12083333333333333
0 0.6490104166666666 0.61275 0.06385416666666661 0.2815000000000001
0 0.7604166666666667 0.6126666666666666 0.06375000000000004 0.2873333333333333
2 0.48125000000000007 0.5154166666666667 0.021180555555555595 0.029722222222222285
2 0.46588541666666666 0.52625 0.030729166666666665 0.035833333333333335
5 0.7275462962962964 0.5682870370370371 0.23483796296296297 0.2936111111111111
2 0.18817708333333336 0.5219166666666666 0.02177083333333334 0.00949999999999998
2 0.15703125 0.5241666666666667 0.013020833333333334 0.008333333333333333
2 0.21722470238095237 0.5189285714285714 0.013020833333333334 0.006666666666666667
2 0.13385416666666666 0.52125 0.017708333333333333 0.009166666666666667
2 0.06176215277777777 0.5249305555555556 0.02196180555555555 0.01375
2 0.25833333333333336 0.5208333333333334 0.0125 0.01
2 0.5297619047619048 0.5104761904761905 0.011458333333333333 0.02
2 0.5389756944444444 0.5101388888888889 0.013368055555555477 0.0175
2 0.5609375 0.5195833333333333 0.029166666666666667 0.04083333333333333
2 0.08307291666666666 0.524861111111111 0.010416666666666666 0.008333333333333333
2 0.5625520833333334 0.5235 0.018229166666666668 0.041666666666666664
5 0.5953125 0.53125 0.06458333333333334 0.0775
2 0.5653645833333333 0.5313333333333334 0.010729166666666737 0.03966666666666668
