5 0.49583333333333335 0.4979166666666667 0.019791666666666666 0.035833333333333335
2 0.3421875 0.5704166666666667 0.12916666666666668 0.16416666666666666
0 0.6821354166666667 0.6211666666666668 0.06510416666666667 0.3193333333333333
0 0.7963020833333334 0.6254166666666666 0.0709374999999999 0.3278333333333334
2 0.47932291666666665 0.5100833333333333 0.02364583333333332 0.03183333333333337
2 0.46119791666666665 0.52125 0.034895833333333334 0.04083333333333333
5 0.7531575520833333 0.575625 0.2693359375 0.32958333333333334
2 0.18723958333333332 0.5141666666666667 0.022395833333333334 0.01
2 0.15680338541666666 0.5140625 0.0142578125 0.008541666666666666
2 0.21640625 0.5120833333333333 0.0125 0.0075
2 0.13333333333333333 0.5143055555555556 0.017708333333333333 0.009166666666666667
2 0.05984375 0.51425 0.0234375 0.011833333333333371
2 0.25531994047619044 0.511845238095238 0.012872023809523814 0.010595238095238055
2 0.5316220238095238 0.5057142857142858 0.011458333333333333 0.02
2 0.5409970238095237 0.5046428571428572 0.013690476190476157 0.016428571428571483
2 0.5630208333333333 0.5129166666666667 0.030208333333333334 0.0425
2 0.08220486111111111 0.5148611111111111 0.010243055555555566 0.009166666666666667
2 0.5645833333333333 0.52 0.017708333333333333 0.041666666666666664
5 0.6002604166666666 0.5245833333333333 0.06927083333333334 0.08083333333333333
2 0.5682291666666667 0.5266666666666666 0.0125 0.041666666666666664
