2 0.28802083333333334 0.5545833333333333 0.096875 0.07916666666666666
2 0.6333333333333333 0.57375 0.103125 0.10916666666666666
2 0.4473958333333333 0.51625 0.03229166666666667 0.034166666666666665
5 0.5421875 0.49583333333333335 0.0125 0.021666666666666667
2 0.5130208333333334 0.5025 0.020833333333333332 0.03
0 0.5538020833333335 0.5303333333333333 0.01864583333333331 0.08100000000000004
0 0.5916666666666668 0.5186666666666667 0.014791666666666713 0.053666666666666744
2 0.53828125 0.5004166666666666 0.0109375 0.015833333333333335
2 0.5290625 0.5018333333333334 0.014166666666666631 0.015999999999999945
5 0.5962239583333333 0.5220833333333333 0.07057291666666667 0.0925
2 0.26953125 0.5031666666666667 0.0171875 0.008333333333333333
2 0.23906250000000004 0.5022916666666668 0.015277777777777798 0.007638888888888952
2 0.29301215277777776 0.5038888888888889 0.01171875 0.006666666666666667
2 0.22259114583333334 0.50171875 0.013541666666666667 0.007604166666666667
2 0.16848958333333333 0.5025 0.013020833333333334 0.011666666666666667
