5 0.49583333333333335 0.5004166666666666 0.020833333333333332 0.0375
2 0.32317708333333334 0.5829166666666666 0.1484375 0.18583333333333332
0 0.69140625 0.6278333333333334 0.06447916666666664 0.3326666666666667
0 0.8079687500000001 0.6323333333333333 0.0751041666666667 0.3403333333333333
2 0.47890625 0.51375 0.024479166666666666 0.0325
2 0.46015625 0.5259166666666666 0.036145833333333384 0.04216666666666659
5 0.762202380952381 0.5782738095238096 0.280952380952381 0.34107142857142864
2 0.18828125 0.5172222222222222 0.022395833333333334 0.009444444444444476
2 0.15719401041666667 0.5178125 0.014518229166666667 0.0077083333333333335
2 0.21744791666666666 0.5152083333333334 0.013541666666666667 0.007083333333333333
2 0.133984375 0.516875 0.017708333333333333 0.009166666666666667
2 0.06067708333333333 0.5179166666666667 0.0234375 0.0125
2 0.25453125000000004 0.5144166666666666 0.01260416666666669 0.011166666666666743
2 0.5327380952380952 0.5078571428571429 0.011458333333333333 0.02
2 0.5417410714285714 0.5072619047619047 0.013988095238095136 0.015952380952380926
2 0.5651041666666666 0.5154166666666666 0.030208333333333334 0.0425
2 0.5664583333333333 0.5233333333333333 0.018125000000000096 0.041666666666666664
5 0.6018229166666667 0.5275 0.0703125 0.08
2 0.5694791666666668 0.5296666666666667 0.0125 0.04233333333333329
