2 0.37421875 0.5416666666666666 0.0515625 0.058333333333333334
5 0.4984375 0.5054166666666666 0.022916666666666665 0.04083333333333333
2 0.2234375 0.64 0.265625 0.2966666666666667
0 0.7211979166666665 0.6498333333333333 0.0765625 0.36866666666666675
0 0.8481770833333333 0.6533333333333333 0.09010416666666667 0.37833333333333335
2 0.48078124999999994 0.5201666666666666 0.0265625 0.0376666666666667
2 0.45859375 0.5351666666666667 0.041770833333333354 0.04866666666666665
5 0.8022135416666667 0.5897916666666667 0.3346354166666667 0.375
2 0.16276041666666666 0.5229166666666667 0.013020833333333334 0.0075
2 0.13932291666666666 0.5229166666666667 0.018229166666666668 0.009166666666666667
2 0.06651041666666666 0.523 0.023437499999999993 0.013333333333333334
2 0.5389880952380952 0.5128571428571428 0.011458333333333333 0.02
2 0.547953869047619 0.5128571428571428 0.013913690476190392 0.01642857142857139
2 0.5721354166666667 0.52125 0.03177083333333333 0.04416666666666667
2 0.5735937500000001 0.5286666666666666 0.019687499999999976 0.041666666666666664
5 0.6096354166666667 0.53375 0.06822916666666666 0.0825
2 0.5765625 0.5345 0.0125 0.041666666666666664
