2 0.04296875 0.6329166666666667 0.0859375 0.17916666666666667
2 0.9575520833333333 0.8654166666666666 0.08489583333333334 0.26916666666666667
2 0.41432291666666665 0.52375 0.050520833333333334 0.050833333333333335
5 0.5299479166666666 0.49625 0.016145833333333335 0.029166666666666667
2 0.471875 0.5191666666666667 0.04583333333333333 0.06666666666666667
0 0.6265104166666667 0.5690833333333334 0.043645833333333425 0.18616666666666665
0 0.7082291666666668 0.5706666666666667 0.043541666666666735 0.19099999999999995
2 0.5213541666666667 0.5025 0.015625 0.023333333333333334
2 0.5094270833333333 0.5066666666666667 0.02177083333333331 0.026000000000000037
2 0.5009895833333333 0.5003333333333333 0.011979166666666667 0.018333333333333333
5 0.6981770833333333 0.5436111111111112 0.14809027777777775 0.20833333333333334
2 0.23187499999999997 0.50725 0.021249999999999977 0.010166666666666704
2 0.259375 0.5061805555555556 0.013020833333333334 0.006527777777777809
2 0.11390625000000001 0.5081666666666667 0.02197916666666666 0.011333333333333258
2 0.5602213541666666 0.5003645833333333 0.011458333333333333 0.0165625
2 0.5690104166666666 0.4997916666666667 0.013671875 0.014375
2 0.5864583333333333 0.5075 0.023958333333333335 0.03833333333333333
2 0.13385416666666666 0.5094166666666667 0.009166666666666679 0.009166666666666667
2 0.5878125000000001 0.5137499999999999 0.01583333333333338 0.03649999999999996
5 0.6036458333333333 0.51625 0.03333333333333333 0.0675
