2 0.028125 0.6554166666666666 0.05625 0.16916666666666666
2 0.9755208333333333 0.8845833333333334 0.04895833333333333 0.23083333333333333
2 0.40677083333333336 0.52375 0.051041666666666666 0.050833333333333335
5 0.5247395833333334 0.49541666666666667 0.016145833333333335 0.029166666666666667
2 0.46328125 0.52 0.0484375 0.06833333333333333
0 0.6244791666666667 0.5720833333333334 0.04583333333333333 0.19416666666666665
0 0.7090625 0.5723333333333334 0.04541666666666669 0.1976666666666667
2 0.5155729166666666 0.5005000000000001 0.015312499999999988 0.023333333333333334
2 0.5028645833333333 0.5070833333333333 0.022395833333333334 0.0275
2 0.4953645833333333 0.49883333333333324 0.011979166666666667 0.018333333333333333
5 0.6958333333333333 0.5434027777777778 0.1553819444444444 0.21458333333333332
2 0.2247395833333333 0.5083333333333333 0.021562499999999988 0.00966666666666659
2 0.19557291666666668 0.50875 0.013020833333333334 0.010833333333333334
2 0.25234375 0.5072222222222222 0.013020833333333334 0.006111111111111143
2 0.10651041666666666 0.5095833333333334 0.021354166666666667 0.013333333333333334
2 0.5549107142857144 0.4992857142857143 0.011458333333333333 0.01690476190476185
2 0.5635416666666667 0.4979166666666667 0.0140625 0.015
2 0.5825520833333333 0.50625 0.0265625 0.03916666666666667
2 0.5827604166666666 0.5120000000000001 0.01593749999999995 0.037000000000000074
5 0.5997395833333333 0.51475 0.035520833333333356 0.06849999999999995
