2 0.21276041666666667 0.5479166666666667 0.04010416666666667 0.025833333333333333
5 0.4903645833333333 0.52875 0.0453125 0.060833333333333336
2 0.4296875 0.5375 0.040625 0.04833333333333333
5 0.41848958333333336 0.52 0.018229166666666668 0.025
6 0.36867257882882876 0.45292792792792774 0.004068130630630703 0.011306306306306056
2 0.2791666666666667 0.5454166666666667 0.059375 0.025833333333333333
2 0.017708333333333333 0.5879166666666666 0.035416666666666666 0.0425
2 0.4513020833333333 0.5279166666666667 0.022395833333333334 0.030833333333333334
2 0.5388020833333333 0.5095833333333334 0.027604166666666666 0.0225
6 0.4981770833333333 0.42125 0.0046875 0.024166666666666666
6 0.459375 0.43416666666666665 0.005208333333333333 0.016666666666666666
2 0.5599826388888889 0.5075 0.024131944444444522 0.019444444444444382
6 0.39026041666666667 0.43899999999999995 0.0038541666666666546 0.01900000000000006
2 0.19921875 0.55625 0.058854166666666666 0.034166666666666665
6 0.37473958333333335 0.45666666666666667 0.0036458333333333334 0.015
6 0.41692708333333334 0.43916666666666665 0.0036458333333333334 0.016666666666666666
5 0.4596354166666667 0.5125 0.0109375 0.02
5 0.06588541666666667 0.5720833333333334 0.08072916666666667 0.04583333333333333
2 0.30494791666666665 0.5370833333333334 0.030729166666666665 0.025833333333333333
2 0.04010416666666667 0.5804166666666667 0.046875 0.03916666666666667
2 0.11119791666666666 0.5575 0.0390625 0.02
2 0.51171875 0.52375 0.011979166666666667 0.034166666666666665
2 0.30364583333333334 0.5358333333333334 0.027083333333333334 0.025
2 0.06744791666666666 0.5583333333333333 0.028645833333333332 0.018333333333333333
2 0.15859375 0.54875 0.019270833333333334 0.0275
6 0.54296875 0.4820833333333333 0.0046875 0.010833333333333334
