2 0.008072916666666667 0.63 0.016145833333333335 0.043333333333333335
2 0.03723958333333333 0.5883333333333334 0.07447916666666667 0.07
2 0.096875 0.5720833333333334 0.058333333333333334 0.0275
2 0.26119791666666664 0.5504166666666667 0.0609375 0.035833333333333335
2 0.09114583333333333 0.6220833333333333 0.15520833333333334 0.11916666666666667
5 0.4984375 0.51875 0.025 0.0375
2 0.48046875 0.5158333333333334 0.015104166666666667 0.025
2 0.44505208333333335 0.5204166666666666 0.0171875 0.025833333333333333
2 0.465625 0.5133333333333333 0.008333333333333333 0.011666666666666667
2 0.4583333333333333 0.51625 0.010416666666666666 0.010833333333333334
