2 0.2989583333333333 0.53625 0.05 0.0275
5 0.4903645833333333 0.5220833333333333 0.034895833333333334 0.049166666666666664
2 0.44244791666666666 0.5283333333333333 0.03177083333333333 0.03666666666666667
5 0.4236979166666667 0.5166666666666667 0.011979166666666667 0.023333333333333334
6 0.3807291666666667 0.45458333333333334 0.004166666666666667 0.009166666666666667
2 0.30755208333333334 0.5383333333333333 0.0484375 0.023333333333333334
2 0.08515625 0.56875 0.0765625 0.03916666666666667
2 0.4583333333333333 0.5225 0.016666666666666666 0.025
2 0.5330729166666667 0.5066666666666667 0.025520833333333333 0.018333333333333333
6 0.49609375 0.43 0.0046875 0.02
6 0.46171875 0.4375 0.0046875 0.018333333333333333
2 0.5519097222222221 0.5056944444444443 0.02013888888888893 0.01972222222222219
6 0.4010416666666667 0.44458333333333333 0.003125 0.0175
2 0.23489583333333333 0.54875 0.04583333333333333 0.020833333333333332
6 0.38567708333333334 0.4575 0.0036458333333333334 0.015
6 0.42473958333333334 0.4454166666666667 0.0026041666666666665 0.015833333333333335
5 0.46041666666666664 0.5075 0.009375 0.015
5 0.15703125 0.5604166666666667 0.027604166666666666 0.029166666666666667
2 0.3268229166666667 0.5291666666666667 0.022395833333333334 0.02
2 0.1109375 0.5641666666666667 0.027083333333333334 0.03166666666666667
2 0.5091145833333334 0.5183333333333333 0.0078125 0.028333333333333332
3 0.020833333333333332 0.5858333333333333 0.0375 0.035
2 0.18802083333333333 0.5383333333333333 0.030208333333333334 0.03
5 0.47552083333333334 0.5029166666666667 0.007291666666666667 0.015833333333333335
6 0.5372395833333333 0.4820833333333333 0.0046875 0.010833333333333334
