6 0.49166666666666664 0.3408333333333333 0.0125 0.05
6 0.41302083333333334 0.3641666666666667 0.011458333333333333 0.045
6 0.33541666666666664 0.37625 0.010416666666666666 0.04083333333333333
6 0.2864583333333333 0.37833333333333335 0.009375 0.043333333333333335
5 0.48880208333333336 0.535 0.044270833333333336 0.06666666666666667
2 0.42421875 0.5404166666666667 0.0453125 0.049166666666666664
2 0.03463541666666667 0.5866666666666667 0.06927083333333334 0.065
5 0.18385416666666668 0.625 0.278125 0.23166666666666666
2 0.59453125 0.5216666666666666 0.044270833333333336 0.03166666666666667
2 0.3963541666666667 0.5370833333333334 0.019791666666666666 0.035833333333333335
2 0.55234375 0.5204166666666666 0.03697916666666667 0.035833333333333335
5 0.4192708333333333 0.5133333333333333 0.026041666666666668 0.015
6 0.6203125 0.31583333333333335 0.025 0.05333333333333334
2 0.3359375 0.5470833333333334 0.041666666666666664 0.0425
2 0.6286458333333333 0.5158333333333334 0.036458333333333336 0.041666666666666664
2 0.44817708333333334 0.5225 0.016145833333333335 0.018333333333333333
2 0.4583333333333333 0.5195833333333333 0.010416666666666666 0.0175
2 0.38359375 0.535 0.021354166666666667 0.03
2 0.4674479166666667 0.5179166666666667 0.0078125 0.015833333333333335
