5 0.4278645833333333 0.5529166666666666 0.0640625 0.0825
2 0.45625 0.5283333333333333 0.013541666666666667 0.018333333333333333
2 0.34739583333333335 0.5458333333333333 0.023958333333333335 0.023333333333333334
1 0.12135416666666667 0.5925 0.19166666666666668 0.06833333333333333
2 0.3302083333333333 0.5475 0.019791666666666666 0.023333333333333334
2 0.3609375 0.545 0.011458333333333333 0.021666666666666667
2 0.4822916666666667 0.525 0.009375 0.011666666666666667
2 0.37838541666666664 0.5370833333333334 0.0296875 0.0175
3 0.46484375 0.53125 0.005729166666666666 0.015833333333333335
2 0.49973958333333335 0.52125 0.0067708333333333336 0.010833333333333334
2 0.4895833333333333 0.5220833333333333 0.0067708333333333336 0.008333333333333333
2 0.26666666666666666 0.5541666666666667 0.03229166666666667 0.02666666666666667
2 0.32447916666666665 0.5404166666666667 0.01875 0.0175
2 0.4734375 0.5245833333333333 0.0078125 0.01
