2 0.04010416666666667 0.57375 0.08020833333333334 0.0575
2 0.17213541666666668 0.57 0.07135416666666666 0.055
2 0.21640625 0.5608333333333333 0.0421875 0.041666666666666664
2 0.1515625 0.5604166666666667 0.034375 0.0375
2 0.1921875 0.5370833333333334 0.035416666666666666 0.0125
2 0.24296875 0.5516666666666666 0.033854166666666664 0.03166666666666667
2 0.30911458333333336 0.5375 0.043229166666666666 0.025
2 0.3611979166666667 0.5391666666666667 0.0296875 0.03333333333333333
5 0.47734375 0.5241666666666667 0.03177083333333333 0.043333333333333335
3 0.39348958333333334 0.5316666666666666 0.018229166666666668 0.025
2 0.459375 0.5195833333333333 0.011458333333333333 0.024166666666666666
0 0.3919270833333333 0.5275 0.009895833333333333 0.023333333333333334
2 0.44921875 0.5183333333333333 0.0109375 0.016666666666666666
