5 0.31197916666666664 0.6091666666666666 0.25416666666666665 0.24833333333333332
2 0.48984375 0.51125 0.028645833333333332 0.019166666666666665
2 0.43411458333333336 0.5179166666666667 0.018229166666666668 0.019166666666666665
2 0.21015625 0.55125 0.0703125 0.0475
2 0.14322916666666666 0.555 0.028125 0.04833333333333333
2 0.09140625 0.56 0.0515625 0.04666666666666667
2 0.03671875 0.5725 0.0734375 0.08166666666666667
2 0.4200520833333333 0.5158333333333334 0.0109375 0.016666666666666666
2 0.5075520833333333 0.5108333333333334 0.009895833333333333 0.011666666666666667
2 0.4440104166666667 0.5179166666666667 0.0067708333333333336 0.0175
2 0.54140625 0.5066666666666667 0.009895833333333333 0.013333333333333334
2 0.4544270833333333 0.5120833333333333 0.021354166666666667 0.015833333333333335
3 0.528125 0.5104166666666666 0.004166666666666667 0.015833333333333335
2 0.5583333333333333 0.505 0.00625 0.01
2 0.54921875 0.5041666666666667 0.0067708333333333336 0.008333333333333333
