2 0.031684027777777776 0.5673611111111111 0.06336805555555555 0.04527777777777781
2 0.139453125 0.5558333333333333 0.09765625 0.045
2 0.21770833333333334 0.5325 0.04375 0.023333333333333334
2 0.31796875 0.5770833333333333 0.11197916666666667 0.10916666666666666
2 0.4 0.5375 0.03229166666666667 0.056666666666666664
5 0.37101934523809527 0.523392857142857 0.030877976190476216 0.03726190476190472
5 0.45301339285714287 0.5664880952380952 0.1106398809523809 0.1477380952380952
2 0.5007068452380953 0.5258928571428572 0.0237351190476191 0.06678571428571425
2 0.5342013888888888 0.5093981481481482 0.03171296296296298 0.029166666666666667
2 0.5694940476190474 0.5108333333333334 0.039285714285714236 0.026428571428571388
6 0.4846064814814815 0.38263888888888886 0.006712962962962976 0.02675925925925924
6 0.4258928571428572 0.3969642857142857 0.005208333333333333 0.02535714285714287
6 0.3667534722222222 0.40430555555555553 0.005381944444444405 0.024166666666666666
6 0.32838541666666665 0.40482142857142855 0.0046875 0.023690476190476203
6 0.31614583333333335 0.43125 0.005902777777777798 0.020277777777777763
6 0.5763997395833333 0.36734375 0.010481770833333333 0.03260416666666666
6 0.5711309523809524 0.3626190476190476 0.006101190476190391 0.028095238095238104
2 0.5515299479166667 0.5020833333333333 0.008268229166666667 0.005
7 0.14812499999999998 0.48774999999999996 0.006666666666666643 0.012833333333333408
6 0.30554315476190474 0.42464285714285716 0.005729166666666666 0.013333333333333334
6 0.26803385416666664 0.49645833333333333 0.006380208333333333 0.01
