2 0.10251736111111111 0.5625694444444445 0.07777777777777778 0.04041666666666666
2 0.20763888888888887 0.5535416666666667 0.08020833333333334 0.03791666666666667
2 0.2609375 0.53125 0.03229166666666667 0.019166666666666665
2 0.38177083333333334 0.5566666666666666 0.07291666666666667 0.07833333333333334
2 0.4272916666666667 0.5345833333333333 0.03791666666666664 0.050833333333333335
5 0.4032738095238095 0.5172023809523809 0.019791666666666666 0.02107142857142852
5 0.4817708333333333 0.5466666666666666 0.07291666666666667 0.10166666666666667
2 0.5134114583333333 0.5258854166666667 0.020833333333333332 0.06010416666666667
2 0.5430431547619049 0.509702380952381 0.02894345238095243 0.025833333333333333
2 0.5760416666666667 0.5108333333333334 0.036458333333333336 0.023333333333333334
6 0.4980282738095238 0.40041666666666664 0.005282738095238078 0.023452380952380926
6 0.44750744047619045 0.4132142857142857 0.0046875 0.021666666666666667
6 0.3951822916666667 0.4195833333333333 0.004427083333333333 0.019166666666666665
6 0.36129557291666664 0.4205729166666667 0.004752604166666666 0.020104166666666666
2 0.4510416666666667 0.51 0.011458333333333333 0.018333333333333333
6 0.346875 0.4404166666666667 0.005208333333333333 0.0175
6 0.5763020833333333 0.3891071428571429 0.008854166666666666 0.027738095238095232
2 0.04422743055555556 0.5545833333333332 0.04348958333333333 0.026944444444444382
6 0.5726128472222222 0.3795138888888889 0.004774305555555595 0.015138888888888905
2 0.5584449404761904 0.5025 0.00825892857142847 0.005
