2 0.009002976190476191 0.5680952380952381 0.018005952380952383 0.03333333333333333
2 0.10104166666666667 0.5560416666666667 0.11197916666666667 0.050416666666666665
2 0.2015190972222222 0.5314930555555556 0.042621527777777765 0.028680555555555428
2 0.31588541666666664 0.5754166666666667 0.1171875 0.11083333333333334
5 0.31614583333333335 0.5129166666666667 0.046875 0.0175
5 0.4489583333333333 0.5780833333333333 0.12854166666666664 0.17483333333333329
2 0.5222222222222223 0.5234722222222223 0.0472222222222222 0.056388888888888856
2 0.5443229166666667 0.5116666666666666 0.03114583333333331 0.028999999999999963
2 0.5822916666666667 0.5145833333333333 0.04375 0.029166666666666667
6 0.4908854166666667 0.36925925925925923 0.0067708333333333336 0.030740740740740714
6 0.42604166666666665 0.38494791666666667 0.00625 0.028645833333333332
6 0.36119791666666673 0.39158333333333334 0.00635416666666669 0.027166666666666686
6 0.31927083333333334 0.39208333333333334 0.00625 0.025833333333333333
6 0.309375 0.42291666666666666 0.00625 0.0275
6 0.5955729166666667 0.3516666666666667 0.011979166666666667 0.03666666666666667
6 0.5895833333333333 0.34791666666666665 0.00625 0.0325
2 0.5616443452380953 0.5030357142857144 0.01078869047619051 0.005119047619047592
7 0.10425347222222221 0.4775 0.015104166666666667 0.018333333333333333
6 0.29739583333333336 0.4149404761904762 0.00625 0.014880952380952408
2 0.39375 0.51625 0.011458333333333333 0.0125
2 0.3765625 0.5318333333333334 0.041875000000000044 0.041666666666666664
2 0.4046006944444444 0.5131944444444445 0.008854166666666666 0.010277777777777714
6 0.25338541666666664 0.49083333333333334 0.0078125 0.01
2 0.49713541666666666 0.5075 0.0078125 0.013333333333333334
