6 0.49192708333333335 0.34125 0.011979166666666667 0.049166666666666664
6 0.4161458333333333 0.36333333333333334 0.010416666666666666 0.043333333333333335
6 0.34088541666666666 0.37583333333333335 0.009895833333333333 0.04
6 0.29375 0.37833333333333335 0.010416666666666666 0.041666666666666664
5 0.48790246212121213 0.5321590909090909 0.04625946969696972 0.0726515151515151
2 0.4239583333333333 0.5366666666666666 0.046875 0.051666666666666666
2 0.044270833333333336 0.5725 0.08854166666666667 0.045
5 0.15520833333333334 0.63375 0.3104166666666667 0.2575
2 0.5911458333333334 0.5141666666666667 0.041666666666666664 0.03166666666666667
2 0.29010416666666666 0.55 0.04479166666666667 0.043333333333333335
2 0.39869791666666665 0.5329166666666667 0.015104166666666667 0.030833333333333334
2 0.5528645833333333 0.51375 0.03802083333333333 0.034166666666666665
5 0.4205729166666667 0.5083333333333333 0.025520833333333333 0.015
6 0.6140625 0.31583333333333335 0.014583333333333334 0.043333333333333335
2 0.4401041666666667 0.5183333333333333 0.011458333333333333 0.02
2 0.3494791666666667 0.5404166666666667 0.036458333333333336 0.04083333333333333
2 0.6317708333333333 0.5070833333333333 0.016666666666666666 0.03916666666666667
2 0.4510416666666667 0.5175 0.0125 0.02
2 0.4583333333333333 0.5145833333333333 0.010416666666666666 0.0175
2 0.39088541666666665 0.5304166666666666 0.021354166666666667 0.0275
