2 0.24973958333333332 0.5416666666666666 0.04635416666666667 0.028333333333333332
5 0.490625 0.5241666666666667 0.041666666666666664 0.056666666666666664
2 0.4361979166666667 0.5316666666666666 0.0359375 0.045
5 0.42109375 0.5183333333333333 0.016145833333333335 0.023333333333333334
6 0.3738184799382715 0.45379629629629636 0.004060570987654563 0.01067901234567889
2 0.29192708333333334 0.5408333333333334 0.05364583333333333 0.025
2 0.03854166666666667 0.5779166666666666 0.07708333333333334 0.04416666666666667
2 0.4549479166666667 0.5229166666666667 0.018229166666666668 0.0325
2 0.5359375 0.5070833333333333 0.028125 0.019166666666666665
6 0.49765625 0.42333333333333334 0.0046875 0.02
6 0.46015625 0.43416666666666665 0.0036458333333333334 0.018333333333333333
2 0.5567708333333333 0.5054166666666666 0.022916666666666665 0.020833333333333332
6 0.39546875 0.4401666666666667 0.0036458333333333334 0.018333333333333333
2 0.21536458333333333 0.5516666666666666 0.0578125 0.02666666666666667
6 0.3797743055555556 0.4547222222222223 0.0036458333333333334 0.015
6 0.42135416666666664 0.44083333333333335 0.003125 0.015
5 0.46015625 0.5095833333333334 0.011979166666666667 0.019166666666666665
5 0.10182291666666667 0.5629166666666666 0.06927083333333334 0.0425
2 0.3145833333333333 0.53125 0.03229166666666667 0.020833333333333332
2 0.07994791666666666 0.5704166666666667 0.043229166666666666 0.0325
2 0.125 0.5520833333333334 0.03958333333333333 0.015833333333333335
2 0.5109375 0.52 0.010416666666666666 0.03166666666666667
2 0.17109375 0.5433333333333333 0.0234375 0.02666666666666667
5 0.47760416666666666 0.5033333333333333 0.009375 0.018333333333333333
6 0.5408854166666667 0.4795833333333333 0.0046875 0.010833333333333334
