2 0.03498263888888888 0.5659722222222222 0.06996527777777777 0.04472222222222229
2 0.1453125 0.5545833333333333 0.09635416666666667 0.045
2 0.22100694444444446 0.5305555555555556 0.04340277777777777 0.021666666666666667
2 0.32395833333333335 0.5733333333333334 0.1078125 0.10583333333333333
2 0.40208333333333346 0.5358333333333334 0.03506944444444452 0.057037037037036956
5 0.3736979166666667 0.52125 0.0296875 0.035833333333333335
5 0.45539434523809524 0.5619642857142857 0.10587797619047616 0.14154761904761906
2 0.50109375 0.5245833333333333 0.0234375 0.06716666666666668
2 0.5343377976190476 0.5086904761904762 0.03132440476190475 0.028809523809523892
2 0.5688988095238094 0.5091666666666667 0.03869047619047616 0.025952380952380925
6 0.48531901041666664 0.38348958333333333 0.006575520833333333 0.026354166666666668
6 0.42702546296296295 0.39759259259259255 0.005208333333333333 0.025
6 0.36875 0.4044642857142857 0.005208333333333333 0.023928571428571434
6 0.3307291666666667 0.40512499999999996 0.0046875 0.023249999999999982
6 0.3182291666666667 0.43125 0.005208333333333333 0.019166666666666665
6 0.5755729166666668 0.3681666666666667 0.010104166666666714 0.03199999999999998
6 0.5706845238095238 0.3628571428571429 0.005803571428571411 0.02761904761904764
2 0.5513997395833333 0.5004166666666666 0.0080078125 0.005
7 0.15447916666666667 0.48758333333333337 0.006041666666666649 0.0125
6 0.30768229166666666 0.4247916666666667 0.00546875 0.012916666666666667
6 0.2709375 0.49566666666666664 0.00625 0.01
