2 0.4752604166666667 0.5145833333333333 0.030729166666666665 0.019166666666666665
5 0.50390625 0.5183333333333333 0.0265625 0.03666666666666667
2 0.475 0.5183333333333333 0.017708333333333333 0.023333333333333334
5 0.4505208333333333 0.515 0.010416666666666666 0.016666666666666666
6 0.42161458333333335 0.47041666666666665 0.0026041666666666665 0.0075
2 0.37473958333333335 0.5270833333333333 0.03177083333333333 0.015833333333333335
2 0.26223958333333336 0.5383333333333333 0.0390625 0.018333333333333333
2 0.48411458333333335 0.5175 0.0067708333333333336 0.016666666666666666
2 0.5322916666666667 0.5079166666666667 0.015625 0.014166666666666666
6 0.50703125 0.4533333333333333 0.0026041666666666665 0.015
6 0.4825520833333333 0.45875 0.0026041666666666665 0.014166666666666666
2 0.5462239583333335 0.507361111111111 0.01189236111111119 0.014166666666666666
2 0.3796875 0.52 0.015625 0.01
2 0.5161458333333333 0.5154166666666666 0.005208333333333333 0.0175
2 0.49192708333333335 0.5104166666666666 0.0046875 0.015833333333333335
0 0.5244791666666667 0.5083333333333333 0.003125 0.015
5 0.4859375 0.5025 0.005208333333333333 0.01
2 0.4625 0.51375 0.011458333333333333 0.014166666666666666
