5 0.006510416666666667 0.5645833333333333 0.013020833333333334 0.014166666666666666
2 0.033984375 0.5727083333333334 0.06796875 0.042083333333333334
2 0.14036458333333332 0.56625 0.0697916666666667 0.0375
2 0.23505208333333333 0.5535 0.07364583333333333 0.032666666666666705
2 0.27740885416666666 0.5358333333333334 0.03229166666666667 0.019166666666666665
2 0.4036458333333333 0.55 0.059375 0.065
2 0.43902529761904757 0.5326190476190475 0.03325892857142853 0.045714285714285645
5 0.412890625 0.5133333333333333 0.015885416666666666 0.01
5 0.48854166666666665 0.5379166666666667 0.06041666666666667 0.08416666666666667
2 0.5148726851851851 0.5218055555555555 0.02013888888888893 0.05527777777777772
2 0.5438802083333333 0.51 0.026822916666666665 0.025833333333333333
2 0.57421875 0.5079166666666667 0.033854166666666664 0.024166666666666666
6 0.5003580729166667 0.40822916666666664 0.004752604166666666 0.021041666666666667
6 0.45384114583333335 0.42114583333333333 0.004296875 0.019375
6 0.40520833333333334 0.42774999999999996 0.004375000000000047 0.019166666666666665
6 0.373921130952381 0.42940476190476196 0.0036458333333333334 0.019047619047619074
2 0.45694444444444443 0.5091666666666667 0.0125 0.015833333333333335
6 0.3591666666666667 0.4482500000000001 0.004166666666666667 0.017166666666666684
6 0.5713541666666667 0.39738095238095233 0.0075892857142856466 0.02547619047619046
2 0.0765625 0.5616666666666666 0.030208333333333334 0.02
