5 0.49375 0.5283333333333333 0.041666666666666664 0.055
2 0.321875 0.54375 0.036458333333333336 0.0325
1 0.005208333333333333 0.6145833333333334 0.010416666666666666 0.05416666666666667
2 0.30182291666666666 0.5429166666666667 0.024479166666666666 0.030833333333333334
2 0.44192708333333336 0.52625 0.018229166666666668 0.019166666666666665
2 0.34296875 0.5408333333333334 0.018229166666666668 0.028333333333333332
2 0.37916666666666665 0.5283333333333333 0.035416666666666666 0.023333333333333334
2 0.521875 0.5125 0.007291666666666667 0.011666666666666667
2 0.5127604166666667 0.5122916666666667 0.00625 0.007916666666666667
2 0.20182291666666666 0.5570833333333334 0.0828125 0.0425
2 0.24166666666666667 0.54375 0.03333333333333333 0.034166666666666665
2 0.28463541666666664 0.54 0.013020833333333334 0.016666666666666666
2 0.34869791666666666 0.535 0.0109375 0.02
2 0.45390625 0.51875 0.011979166666666667 0.009166666666666667
