2 0.030295138888888892 0.5676388888888888 0.060590277777777785 0.04638888888888895
2 0.13671875 0.55625 0.0984375 0.04416666666666667
2 0.2160590277777778 0.5318055555555556 0.0439236111111111 0.02361111111111114
2 0.31536458333333334 0.5775 0.1140625 0.11
2 0.399375 0.5371666666666666 0.03104166666666668 0.05733333333333339
5 0.3696800595238095 0.5244642857142857 0.03147321428571429 0.03797619047619046
5 0.4518229166666667 0.56875 0.11302083333333333 0.15083333333333335
2 0.5005580357142858 0.5260119047619048 0.024330357142857178 0.06702380952380964
2 0.534375 0.5090277777777777 0.03159722222222226 0.029166666666666667
2 0.5697916666666667 0.5116666666666667 0.03958333333333333 0.02666666666666667
6 0.4845486111111111 0.38125000000000003 0.006597222222222143 0.026944444444444476
6 0.4254464285714286 0.3966071428571428 0.005208333333333333 0.025595238095238056
6 0.36579861111111106 0.40402777777777776 0.005555555555555536 0.024166666666666666
6 0.32734375 0.404702380952381 0.0046875 0.02392857142857139
6 0.3151041666666667 0.43125 0.00625 0.020833333333333332
6 0.5771158854166667 0.3661979166666667 0.010611979166666667 0.0328125
6 0.5713541666666667 0.3625 0.00625 0.028333333333333332
2 0.5517485119047618 0.5019642857142858 0.008407738095238078 0.004880952380952408
7 0.14520833333333333 0.48758333333333337 0.007083333333333345 0.013166666666666629
6 0.30465029761904755 0.4239285714285714 0.005729166666666666 0.013333333333333334
6 0.2666015625 0.49604166666666666 0.006640625 0.01
