2 0.033854166666666664 0.5841666666666666 0.06770833333333333 0.056666666666666664
2 0.10390625 0.5733333333333334 0.058854166666666666 0.025
2 0.25885416666666666 0.55125 0.06145833333333333 0.035833333333333335
2 0.071875 0.6266666666666667 0.14375 0.115
5 0.49947916666666664 0.5204166666666666 0.025 0.0375
3 0.13854166666666667 0.57625 0.023958333333333335 0.034166666666666665
2 0.48125 0.5175 0.014583333333333334 0.025
2 0.44505208333333335 0.5229166666666667 0.018229166666666668 0.0275
2 0.4661458333333333 0.5133333333333333 0.008333333333333333 0.011666666666666667
2 0.45807291666666666 0.5170833333333333 0.0109375 0.010833333333333334
