5 0.49296875 0.5283333333333333 0.0421875 0.056666666666666664
2 0.32890625 0.5420833333333334 0.034895833333333334 0.030833333333333334
1 0.020833333333333332 0.6075 0.041666666666666664 0.07
2 0.30859375 0.54125 0.022395833333333334 0.029166666666666667
2 0.44583333333333336 0.5254166666666666 0.017708333333333333 0.019166666666666665
2 0.3489583333333333 0.5391666666666667 0.017708333333333333 0.028333333333333332
2 0.38359375 0.5275 0.034895833333333334 0.021666666666666667
2 0.5239583333333333 0.5116666666666667 0.007291666666666667 0.011666666666666667
2 0.5135416666666667 0.5116666666666667 0.0078125 0.009166666666666667
2 0.21588541666666666 0.5545833333333333 0.07760416666666667 0.03916666666666667
2 0.24713541666666666 0.5425 0.022395833333333334 0.03333333333333333
2 0.29140625 0.5383333333333333 0.0140625 0.016666666666666666
2 0.3546875 0.5354166666666667 0.011458333333333333 0.020833333333333332
2 0.45703125 0.5179166666666667 0.011979166666666667 0.010833333333333334
