2 0.0875 0.5854166666666667 0.103125 0.0725
2 0.15338541666666666 0.5725 0.06197916666666667 0.05
2 0.07916666666666666 0.5595833333333333 0.051041666666666666 0.0225
2 0.14895833333333333 0.5470833333333334 0.057291666666666664 0.0275
2 0.20286458333333332 0.5579166666666666 0.04635416666666667 0.0375
2 0.2877604166666667 0.5391666666666667 0.043229166666666666 0.028333333333333332
2 0.3223958333333333 0.5483333333333333 0.041666666666666664 0.043333333333333335
5 0.48072916666666665 0.5208333333333334 0.030208333333333334 0.041666666666666664
3 0.34270833333333334 0.53875 0.008333333333333333 0.025833333333333333
2 0.46171875 0.5179166666666667 0.013020833333333334 0.024166666666666666
0 0.33645833333333336 0.5275 0.008333333333333333 0.015
2 0.44479166666666664 0.51875 0.0125 0.019166666666666665
