5 0.6520833333333333 0.56125 0.24375 0.19583333333333333
2 0.4927241161616162 0.5208417508417508 0.014583333333333334 0.021666666666666667
5 0.5127083333333334 0.5161666666666668 0.011458333333333333 0.019166666666666665
2 0.10520833333333333 0.7645833333333333 0.21041666666666667 0.43416666666666665
2 0.2841145833333334 0.6103333333333334 0.1719791666666667 0.15966666666666668
2 0.3596875 0.5766249999999999 0.07979166666666669 0.10725000000000004
2 0.4570833333333334 0.5233749999999999 0.02677083333333338 0.03591666666666659
5 0.5885416666666666 0.49916666666666665 0.07708333333333334 0.12333333333333334
2 0.9513020833333333 0.6808333333333333 0.09739583333333333 0.16333333333333333
2 0.7969791666666668 0.6065833333333334 0.14208333333333342 0.1301666666666667
2 0.38645833333333335 0.5583333333333333 0.059375 0.08
2 0.7018229166666667 0.5579583333333334 0.08510416666666672 0.048083333333333374
2 0.15587384259259263 0.5329166666666667 0.08130787037037038 0.06972222222222219
5 0.04609375 0.5170833333333333 0.0921875 0.08416666666666667
0 0.42874999999999996 0.5203333333333334 0.006666666666666643 0.027000000000000076
2 0.4856770833333333 0.5110416666666666 0.005729166666666666 0.007916666666666667
2 0.5198660714285714 0.5146428571428571 0.004166666666666667 0.007142857142857034
2 0.505642361111111 0.5144444444444444 0.003125 0.01
