5 0.67890625 0.5775 0.28802083333333334 0.21833333333333332
2 0.4947395833333334 0.5278333333333334 0.0140625 0.020333333333333408
5 0.514375 0.5235 0.011458333333333333 0.02
2 0.13333333333333333 0.77 0.26666666666666666 0.41333333333333333
2 0.26906250000000004 0.6308333333333334 0.1697916666666667 0.18166666666666667
2 0.45437500000000003 0.5324166666666665 0.02979166666666663 0.04116666666666665
5 0.5994791666666667 0.5075 0.084375 0.13333333333333333
2 0.9270833333333334 0.685 0.14583333333333334 0.21833333333333332
2 0.3424479166666667 0.59125 0.0921875 0.12083333333333333
2 0.8065104166666667 0.6191666666666666 0.15364583333333334 0.12833333333333333
2 0.05572916666666667 0.5379166666666667 0.11145833333333334 0.0625
0 0.42552083333333335 0.5308333333333334 0.007291666666666667 0.03
2 0.4778645833333333 0.5179166666666667 0.005729166666666666 0.009166666666666667
2 0.4866753472222222 0.518611111111111 0.005642361111111072 0.008333333333333333
2 0.5217261904761904 0.5229761904761906 0.004166666666666667 0.008333333333333333
2 0.5072916666666667 0.5216666666666666 0.003125 0.008333333333333333
