2 0.9375 0.6525 0.125 0.205
2 0.8268229166666666 0.59875 0.20364583333333333 0.16583333333333333
5 0.32265625 0.5904166666666667 0.15052083333333333 0.17083333333333334
2 0.7135416666666666 0.5791666666666667 0.09583333333333334 0.095
5 0.5971354166666667 0.545 0.1578125 0.14666666666666667
2 0.6559895833333333 0.55125 0.058854166666666666 0.04083333333333333
2 0.6151041666666667 0.5395833333333333 0.035416666666666666 0.029166666666666667
2 0.48557291666666663 0.5249583333333333 0.019583333333333286 0.028583333333333294
5 0.5036458333333333 0.5189583333333333 0.0125 0.02125
2 0.3921875 0.56375 0.03125 0.0825
2 0.4005208333333333 0.54875 0.052083333333333336 0.08916666666666667
2 0.42273437499999994 0.540875 0.02765624999999995 0.06825000000000007
2 0.43873106060606054 0.537878787878788 0.019696969696969664 0.04712121212121218
2 0.447953869047619 0.5348809523809525 0.011532738095238079 0.03476190476190481
2 0.4511197916666667 0.5304166666666666 0.01036458333333338 0.031166666666666742
2 0.4613136574074075 0.5202314814814814 0.016261574074074105 0.022314814814814763
5 0.56328125 0.505 0.058854166666666666 0.095
