2 0.5942708333333333 0.5401041666666667 0.03177083333333333 0.043958333333333335
2 0.9291015625 0.664375 0.141796875 0.22083333333333333
2 0.7557291666666667 0.5620833333333334 0.06041666666666667 0.07916666666666666
2 0.72453125 0.5397500000000001 0.0484375 0.04950000000000008
2 0.43374999999999997 0.5713333333333332 0.09770833333333334 0.10233333333333339
5 0.52265625 0.54775 0.05010416666666663 0.0648333333333333
5 0.6489583333333333 0.5065972222222221 0.06041666666666667 0.09680555555555562
5 0.6727864583333333 0.5522916666666666 0.12421875 0.14291666666666666
2 0.5783854166666667 0.5358333333333334 0.0067708333333333336 0.025
2 0.5709635416666666 0.536875 0.015364583333333333 0.030833333333333334
2 0.553515625 0.5359375 0.030729166666666665 0.043541666666666666
2 0.5506249999999999 0.5405000000000001 0.024166666666666597 0.04466666666666669
0 0.3020833333333333 0.5508333333333333 0.023958333333333335 0.115
2 0.6996527777777778 0.5408333333333334 0.019791666666666666 0.029444444444444474
2 0.6954427083333333 0.540625 0.01328125 0.027916666666666666
5 0.59375 0.5164583333333334 0.011979166666666667 0.005416666666666667
2 0.5464583333333333 0.54525 0.01062499999999993 0.04383333333333335
