2 0.5892361111111111 0.5408333333333334 0.03229166666666667 0.044444444444444474
2 0.9206380208333333 0.6564583333333334 0.15872395833333333 0.20916666666666667
2 0.7477864583333333 0.5614583333333333 0.05911458333333333 0.07708333333333334
2 0.7184895833333333 0.5404166666666667 0.04635416666666667 0.050833333333333335
2 0.4317708333333333 0.5708333333333333 0.09583333333333334 0.1
5 0.5184895833333332 0.5482499999999999 0.04927083333333323 0.06449999999999999
5 0.6432725694444446 0.5066666666666667 0.06032986111111107 0.09666666666666666
5 0.6659505208333333 0.5523958333333333 0.123828125 0.14229166666666668
2 0.5668619791666667 0.5372916666666666 0.014973958333333334 0.030416666666666668
2 0.5497395833333333 0.5362500000000001 0.030729166666666665 0.04305555555555562
2 0.5465625000000001 0.541 0.024374999999999977 0.04433333333333337
0 0.30416666666666664 0.5514583333333334 0.022916666666666665 0.11125
2 0.6942708333333333 0.54125 0.01875 0.029166666666666667
2 0.6901041666666666 0.5408333333333334 0.013541666666666667 0.028333333333333332
5 0.5900049603174603 0.5169246031746032 0.012400793650793673 0.006230158730158735
2 0.5423958333333334 0.5450833333333334 0.01083333333333331 0.04350000000000004
