5 0.06713541666666667 0.63975 0.12635416666666668 0.25416666666666665
2 0.4708333333333333 0.5475 0.041666666666666664 0.055
2 0.9484375 0.82 0.103125 0.35083333333333333
2 0.8432291666666667 0.63625 0.29375 0.2808333333333333
2 0.6772135416666667 0.5866666666666667 0.09869791666666666 0.1125
2 0.6080729166666666 0.5495833333333333 0.043229166666666666 0.0575
2 0.5936979166666666 0.5379166666666667 0.035104166666666714 0.04549999999999992
2 0.36354166666666665 0.56375 0.07239583333333334 0.07916666666666666
5 0.4290364583333333 0.5470833333333334 0.04244791666666667 0.05416666666666667
5 0.5253720238095239 0.505297619047619 0.059375 0.09607142857142852
5 0.5330729166666667 0.5504166666666667 0.12239583333333333 0.13916666666666666
2 0.4505208333333333 0.5304166666666666 0.013541666666666667 0.0175
0 0.2830729166666667 0.5475 0.0171875 0.08
2 0.48723958333333334 0.5316666666666666 0.005729166666666666 0.015
2 0.5771875000000001 0.5380833333333334 0.011249999999999953 0.028833333333333256
2 0.575390625 0.5383333333333333 0.014322916666666666 0.02666666666666667
2 0.5718377976190477 0.5327380952380952 0.010342261904761922 0.01714285714285713
5 0.49453125 0.5291666666666667 0.0036458333333333334 0.018333333333333333
2 0.44895833333333335 0.5366666666666666 0.008333333333333333 0.02
