5 0.41302083333333334 0.5425 0.06770833333333333 0.08333333333333333
5 0.7752604166666667 0.6033333333333334 0.44947916666666665 0.3
0 0.38255208333333335 0.52125 0.0140625 0.029166666666666667
2 0.4895833333333333 0.5145833333333333 0.0125 0.0175
2 0.5072916666666667 0.51 0.011458333333333333 0.018333333333333333
2 0.51921875 0.51225 0.008854166666666666 0.011500000000000057
5 0.6366815476190477 0.4982142857142857 0.10982142857142858 0.16023809523809524
5 0.46822916666666664 0.5070833333333333 0.008333333333333333 0.015833333333333335
2 0.4803819444444445 0.5088888888888888 0.007291666666666667 0.01
2 0.5494791666666666 0.5233333333333333 0.008333333333333333 0.013333333333333334
