5 0.4471354166666667 0.5008333333333334 0.024479166666666666 0.045
2 0.5548177083333333 0.5197916666666667 0.020052083333333335 0.025416666666666667
2 0.4921875 0.5075 0.009375 0.013333333333333334
2 0.47421875 0.51125 0.011458333333333333 0.014166666666666666
5 0.6263020833333334 0.5075 0.050520833333333334 0.021666666666666667
2 0.5109375 0.5066666666666667 0.007291666666666667 0.008333333333333333
2 0.4796875 0.5070833333333333 0.007291666666666667 0.0125
2 0.5184895833333333 0.50875 0.0078125 0.010833333333333334
0 0.759375 0.5625 0.03125 0.09333333333333334
2 0.709375 0.5283333333333333 0.06979166666666667 0.04666666666666667
1 0.7627604166666667 0.6045833333333334 0.0421875 0.07916666666666666
2 0.7205729166666667 0.53125 0.06510416666666667 0.03916666666666667
2 0.6651041666666667 0.5245833333333333 0.04791666666666667 0.035833333333333335
2 0.6770833333333334 0.5258333333333334 0.03333333333333333 0.03333333333333333
2 0.7625 0.5375 0.04479166666666667 0.04666666666666667
2 0.62734375 0.5195833333333333 0.0203125 0.025833333333333333
2 0.7796875 0.5504166666666667 0.010416666666666666 0.03916666666666667
