5 0.85859375 0.6333333333333333 0.2828125 0.7333333333333333
5 0.4515625 0.49916666666666665 0.019791666666666666 0.04
2 0.5446614583333333 0.515625 0.016927083333333332 0.020416666666666666
2 0.49192708333333335 0.5054166666666666 0.009895833333333333 0.014166666666666666
2 0.47552083333333334 0.5075 0.009895833333333333 0.0125
5 0.5846354166666666 0.5108333333333334 0.015104166666666667 0.015
5 0.6072916666666667 0.51 0.034375 0.02666666666666667
2 0.5041666666666667 0.5033333333333333 0.008333333333333333 0.008333333333333333
2 0.48020833333333335 0.50375 0.00625 0.010833333333333334
2 0.51640625 0.505 0.0078125 0.01
5 0.22942708333333334 0.54125 0.20260416666666667 0.13583333333333333
0 0.68515625 0.5558333333333333 0.021354166666666667 0.085
2 0.6598958333333333 0.5220833333333333 0.051041666666666666 0.0325
1 0.6890625 0.5808333333333333 0.026041666666666668 0.058333333333333334
2 0.6604166666666667 0.5258333333333334 0.03854166666666667 0.03333333333333333
2 0.63125 0.5195833333333333 0.023958333333333335 0.0275
