2 0.8822265625 0.7490625 0.235546875 0.495625
2 0.02743055555555556 0.6926388888888889 0.05486111111111112 0.14305555555555552
2 0.1642578125 0.6109375 0.18919270833333332 0.14270833333333333
5 0.2703125 0.5594444444444445 0.12395833333333334 0.11888888888888895
2 0.37057291666666664 0.56375 0.08229166666666667 0.10166666666666667
2 0.7453125 0.62 0.23229166666666667 0.23333333333333334
2 0.6204166666666668 0.56825 0.09208333333333343 0.12449999999999999
2 0.5820038377192982 0.551030701754386 0.047752192982456164 0.09442982456140347
2 0.5575520833333335 0.5477777777777777 0.02517361111111119 0.056666666666666664
2 0.5434895833333333 0.533125 0.0234375 0.035416666666666666
2 0.5383680555555554 0.5296527777777779 0.02170138888888893 0.03402777777777771
5 0.41822916666666665 0.5341666666666667 0.03125 0.041666666666666664
5 0.48368055555555556 0.4972222222222223 0.05972222222222226 0.09833333333333333
5 0.48878837719298246 0.5439254385964913 0.12242324561403505 0.14127192982456147
2 0.4509618055555556 0.5306666666666666 0.0056180555555555385 0.018333333333333333
2 0.44622395833333334 0.5310416666666666 0.010416666666666666 0.0225
2 0.43550347222222224 0.5291666666666666 0.018229166666666668 0.031111111111111048
2 0.43402777777777773 0.5316666666666666 0.012847222222222203 0.028888888888888856
2 0.528125 0.5258333333333334 0.005208333333333333 0.021666666666666667
0 0.34498697916666665 0.5177083333333333 0.009244791666666667 0.019583333333333335
