5 0.7901041666666667 0.6975 0.4197916666666667 0.505
2 0.43307291666666664 0.5279166666666667 0.05572916666666667 0.029166666666666667
5 0.4708333333333333 0.505 0.013541666666666667 0.03166666666666667
2 0.5377604166666666 0.51625 0.0109375 0.014166666666666666
2 0.50078125 0.5133333333333333 0.009895833333333333 0.015
2 0.4875 0.5116666666666667 0.008333333333333333 0.011666666666666667
5 0.5234375 0.5129166666666667 0.014583333333333334 0.019166666666666665
5 0.5736979166666667 0.5133333333333333 0.0171875 0.018333333333333333
5 0.7101934523809523 0.5048809523809524 0.1714285714285714 0.21880952380952384
2 0.51328125 0.51 0.0067708333333333336 0.008333333333333333
