5 0.19453125 0.6533333333333333 0.3463541666666667 0.31166666666666665
5 0.7505208333333333 0.6004166666666667 0.4125 0.2658333333333333
2 0.4895833333333333 0.52 0.008333333333333333 0.008333333333333333
2 0.5065104166666666 0.5220833333333333 0.0109375 0.0175
2 0.5213541666666667 0.5258333333333334 0.009375 0.013333333333333334
5 0.622953869047619 0.5126785714285714 0.0984375 0.14654761904761907
5 0.46432291666666664 0.51875 0.0109375 0.015833333333333335
2 0.4778645833333333 0.52 0.007187500000000036 0.008333333333333333
2 0.48489583333333336 0.5345833333333333 0.040625 0.0225
2 0.7334331597222222 0.5745208333333333 0.10068576388888886 0.048541666666666664
