5 0.021875 0.8395833333333333 0.04375 0.32083333333333336
5 0.7807291666666667 0.6354166666666666 0.43854166666666666 0.35083333333333333
0 0.225 0.5633333333333334 0.0375 0.1
2 0.49713541666666666 0.5183333333333333 0.009895833333333333 0.015
2 0.5155208333333333 0.5165833333333332 0.01062499999999993 0.019166666666666665
2 0.5315625 0.5209999999999999 0.01083333333333331 0.013666666666666553
5 0.6549479166666666 0.510625 0.115625 0.16791666666666666
5 0.470625 0.511 0.011874999999999976 0.014333333333333372
2 0.48546874999999995 0.5153333333333334 0.007395833333333298 0.010999999999999944
2 0.46119791666666665 0.5304166666666666 0.044270833333333336 0.024166666666666666
2 0.92265625 0.6183333333333333 0.15572916666666667 0.08833333333333333
