2 0.9109375 0.6608333333333334 0.178125 0.27666666666666667
5 0.16119791666666666 0.6629166666666667 0.3223958333333333 0.3325
2 0.7869791666666667 0.60875 0.16666666666666666 0.13416666666666666
5 0.5815104166666667 0.55125 0.1609375 0.1475
2 0.6830150462962962 0.579675925925926 0.08825231481481476 0.08324074074074077
2 0.6168489583333334 0.5496249999999999 0.055677083333333384 0.03791666666666667
2 0.4690364583333333 0.5275416666666666 0.018802083333333285 0.026749999999999923
5 0.48833333333333334 0.5227499999999999 0.012916666666666642 0.020499999999999925
2 0.31960937500000003 0.6004583333333333 0.07546875000000004 0.13825000000000007
2 0.3497395833333333 0.5641666666666667 0.08072916666666667 0.11666666666666667
2 0.3854166666666667 0.5525 0.04479166666666667 0.08833333333333333
2 0.4116927083333334 0.5467500000000001 0.028697916666666618 0.05700000000000008
2 0.4243229166666667 0.5410833333333334 0.017916666666666713 0.04066666666666663
2 0.42817708333333326 0.5365000000000001 0.014583333333333334 0.03483333333333329
2 0.44458333333333333 0.5241250000000001 0.017604166666666643 0.024916666666666743
5 0.546875 0.5066666666666667 0.059375 0.1
2 0.592013888888889 0.5413888888888888 0.021180555555555477 0.026111111111111047
2 0.48009672619047616 0.5230952380952382 0.0036458333333333334 0.01
