5 0.8528645833333334 0.645 0.2942708333333333 0.71
5 0.45234375 0.4975 0.019270833333333334 0.03833333333333333
2 0.5442708333333334 0.515 0.016666666666666666 0.02
2 0.49192708333333335 0.5045833333333334 0.009895833333333333 0.014166666666666666
2 0.47630208333333335 0.50625 0.009895833333333333 0.0125
5 0.5830729166666667 0.5120833333333333 0.018229166666666668 0.019166666666666665
5 0.6049479166666667 0.51 0.0359375 0.02666666666666667
2 0.5040364583333333 0.503125 0.007552083333333333 0.007916666666666667
2 0.48098958333333336 0.5029166666666667 0.00625 0.010833333333333334
2 0.51640625 0.5041666666666667 0.0078125 0.01
5 0.24791666666666667 0.54125 0.184375 0.12583333333333332
0 0.68203125 0.5491666666666667 0.0203125 0.07333333333333333
2 0.6557291666666667 0.5220833333333333 0.05 0.0325
1 0.6828125 0.5795833333333333 0.027083333333333334 0.05583333333333333
2 0.6588541666666666 0.5245833333333333 0.03854166666666667 0.030833333333333334
2 0.6283854166666667 0.5195833333333333 0.024479166666666666 0.0275
