5 0.43671875 0.5204166666666666 0.0359375 0.05416666666666667
2 0.5635416666666667 0.54875 0.025 0.030833333333333334
2 0.4875 0.5283333333333333 0.009375 0.013333333333333334
2 0.4669270833333333 0.5345833333333333 0.011979166666666667 0.015833333333333335
5 0.6533854166666667 0.53875 0.06614583333333333 0.025833333333333333
2 0.47317708333333336 0.52875 0.0078125 0.014166666666666666
2 0.515625 0.5316666666666666 0.008854166666666666 0.0125
0 0.91015625 0.6470833333333333 0.0640625 0.19416666666666665
2 0.80078125 0.5691666666666667 0.10052083333333334 0.06166666666666667
1 0.9190104166666667 0.7045833333333333 0.09635416666666667 0.14083333333333334
2 0.8375 0.58125 0.12395833333333334 0.0625
2 0.7216145833333333 0.5616666666666666 0.059895833333333336 0.04666666666666667
2 0.7388020833333333 0.5675 0.050520833333333334 0.04666666666666667
2 0.96015625 0.6033333333333334 0.0796875 0.08666666666666667
2 0.6651041666666667 0.5533333333333333 0.04583333333333333 0.03166666666666667
2 0.9815104166666667 0.6225 0.03697916666666667 0.065
2 0.7575520833333333 0.5704166666666667 0.04739583333333333 0.049166666666666664
2 0.7065104166666667 0.5608333333333333 0.04739583333333333 0.04833333333333333
