5 0.959375 0.7608333333333334 0.08125 0.47833333333333333
5 0.4484375 0.505 0.022916666666666665 0.04
2 0.5522135416666667 0.5214583333333334 0.019010416666666665 0.024583333333333332
2 0.4934895833333333 0.5108333333333334 0.009895833333333333 0.014166666666666666
2 0.47578125 0.5133333333333333 0.0109375 0.013333333333333334
5 0.6190104166666667 0.5158333333333334 0.044270833333333336 0.028333333333333332
2 0.5098958333333333 0.50875 0.009375 0.009166666666666667
2 0.48072916666666665 0.5095833333333334 0.007291666666666667 0.0125
2 0.51875 0.51125 0.008333333333333333 0.010833333333333334
5 0.09661458333333334 0.59625 0.19322916666666667 0.25916666666666666
0 0.7354166666666667 0.5679166666666666 0.027083333333333334 0.10583333333333333
2 0.6986979166666667 0.5275 0.06927083333333334 0.03833333333333333
1 0.7385416666666667 0.6 0.036458333333333336 0.07166666666666667
2 0.7013020833333333 0.53375 0.05572916666666667 0.0375
2 0.65234375 0.52625 0.0390625 0.030833333333333334
2 0.6638020833333333 0.5283333333333333 0.03177083333333333 0.03
2 0.7299479166666667 0.5404166666666667 0.0296875 0.0425
