5 0.18020833333333333 0.66125 0.36041666666666666 0.33916666666666667
5 0.75703125 0.6029166666666667 0.41822916666666665 0.2658333333333333
2 0.49015625000000007 0.52025 0.008020833333333382 0.0075
2 0.5073958333333333 0.52125 0.01083333333333331 0.0175
2 0.5223958333333333 0.5250833333333333 0.009583333333333381 0.013166666666666629
5 0.6251116071428572 0.5122023809523809 0.09947916666666666 0.14797619047619037
5 0.4649479166666667 0.5174166666666666 0.0109375 0.016499999999999963
2 0.47890625 0.5191666666666667 0.0067708333333333336 0.006666666666666667
2 0.48359375 0.5333333333333333 0.04010416666666667 0.023333333333333334
2 0.7426432291666667 0.5769791666666667 0.10611979166666667 0.051458333333333335
