5 0.12161458333333333 0.6020833333333333 0.24322916666666666 0.21416666666666667
2 0.4042410714285714 0.5504166666666667 0.05431547619047621 0.0701190476190476
2 0.9638020833333333 0.8529166666666667 0.07239583333333334 0.2941666666666667
2 0.7552517361111112 0.6351388888888889 0.24505208333333334 0.2619444444444445
2 0.6393229166666666 0.5754166666666667 0.10677083333333333 0.1525
2 0.5821354166666667 0.5614166666666667 0.04822916666666662 0.07916666666666666
2 0.5524088541666666 0.538125 0.031901041666666664 0.042916666666666665
2 0.5422916666666666 0.532 0.028541666666666642 0.03833333333333333
2 0.3502604166666667 0.5516666666666666 0.05572916666666667 0.06333333333333334
5 0.48046875 0.5003125 0.059895833333333336 0.09854166666666667
5 0.4851996527777777 0.547048611111111 0.12335069444444452 0.14118055555555553
2 0.44383680555555555 0.5323611111111111 0.008159722222222261 0.020833333333333332
2 0.43786458333333333 0.5335 0.012187500000000047 0.02566666666666663
2 0.42604166666666665 0.5333333333333333 0.014583333333333334 0.03333333333333333
2 0.42560763888888886 0.5330555555555555 0.011631944444444405 0.031111111111111048
2 0.5278124999999999 0.5330833333333332 0.01083333333333325 0.029166666666666667
0 0.29401041666666666 0.5375 0.013020833333333334 0.06333333333333334
2 0.446875 0.5315625 0.008072916666666667 0.021041666666666667
