5 0.61484375 0.5566666666666666 0.1890625 0.17
2 0.8138802083333333 0.6157916666666667 0.18244791666666652 0.13941666666666672
2 0.4878125000000001 0.5282083333333333 0.015625 0.022249999999999943
5 0.508125 0.5235 0.011458333333333333 0.021666666666666667
2 0.026302083333333334 0.8541666666666666 0.05260416666666667 0.2916666666666667
2 0.153125 0.6470833333333333 0.30520833333333336 0.31916666666666665
2 0.34494791666666663 0.5837500000000002 0.1073958333333333 0.11566666666666672
2 0.4026822916666667 0.5621666666666668 0.04671874999999996 0.07133333333333335
2 0.422109375 0.5540416666666668 0.026197916666666703 0.059583333333333335
2 0.4591145833333333 0.5276249999999999 0.021666666666666678 0.029916666666666647
5 0.57109375 0.5083333333333333 0.0671875 0.11
2 0.7117513020833334 0.58046875 0.0916015625 0.08260416666666667
2 0.6493923611111112 0.5508333333333333 0.05746527777777786 0.03722222222222219
2 0.42630208333333336 0.54625 0.028645833333333332 0.04416666666666667
2 0.6203993055555556 0.5456944444444444 0.025520833333333333 0.028055555555555525
2 0.26328125 0.535 0.028645833333333332 0.045
2 0.5004092261904762 0.5235714285714286 0.0036458333333333334 0.01
