2 0.9215277777777777 0.8084722222222223 0.15694444444444453 0.36083333333333334
2 0.12265625 0.6216666666666667 0.22552083333333334 0.16
5 0.25364583333333335 0.5620833333333334 0.14149305555555555 0.12722222222222218
2 0.37786458333333334 0.5594444444444444 0.0762152777777778 0.09444444444444447
2 0.79609375 0.6416666666666667 0.29635416666666664 0.2816666666666667
2 0.634375 0.5725694444444444 0.1053819444444444 0.1365277777777778
2 0.5888020833333333 0.5520833333333334 0.05364583333333333 0.10083333333333333
2 0.5610243055555555 0.5476388888888889 0.028993055555555595 0.05861111111111114
2 0.5456380208333333 0.53265625 0.02578125 0.03635416666666667
2 0.5395833333333333 0.52875 0.022916666666666665 0.034166666666666665
5 0.4185763888888889 0.5330555555555555 0.028819444444444405 0.03944444444444438
5 0.48359375 0.49625 0.059895833333333336 0.09916666666666667
5 0.4885964912280702 0.5434649122807017 0.12280701754385964 0.1415789473684211
2 0.45078125 0.5295833333333333 0.0067708333333333336 0.0175
2 0.4453125 0.5295833333333333 0.010416666666666666 0.0225
2 0.433984375 0.52875 0.019010416666666665 0.030833333333333334
2 0.43255208333333334 0.5308333333333334 0.013020833333333334 0.03
2 0.5283854166666667 0.5290530303030302 0.0069602272727272785 0.02946969696969698
0 0.33828125 0.5328125 0.011979166666666667 0.050208333333333334
