5 0.6104166666666667 0.5516666666666666 0.18333333333333332 0.165
2 0.9518229166666666 0.6804166666666667 0.09635416666666667 0.16916666666666666
2 0.7633333333333334 0.5971666666666666 0.1404166666666666 0.11766666666666652
2 0.4859375 0.5243333333333333 0.015625 0.022999999999999923
5 0.5065624999999999 0.5195000000000001 0.011458333333333333 0.020666666666666722
2 0.10494791666666667 0.745 0.20989583333333334 0.51
2 0.23802083333333332 0.6088690476190476 0.203125 0.2363095238095238
2 0.36479166666666657 0.5707500000000001 0.08520833333333329 0.10016666666666661
2 0.41041666666666665 0.5544166666666668 0.038124999999999964 0.0648333333333334
2 0.4240625 0.5476666666666667 0.024791666666666618 0.056333333333333256
2 0.45817708333333335 0.52375 0.0207291666666667 0.03016666666666661
5 0.56875 0.5020833333333333 0.065625 0.1075
2 0.6848958333333334 0.5570833333333334 0.075 0.0475
2 0.6340104166666668 0.5442500000000001 0.05031250000000007 0.03283333333333341
2 0.4356770833333333 0.5433333333333333 0.013020833333333334 0.043333333333333335
2 0.6111979166666667 0.54 0.013020833333333334 0.02666666666666667
2 0.4989211309523809 0.5196428571428572 0.0036458333333333334 0.01
