2 0.07786458333333333 0.5491666666666667 0.15572916666666667 0.105
5 0.06276041666666667 0.49083333333333334 0.12552083333333333 0.08
5 0.29140625 0.5291666666666667 0.07239583333333334 0.041666666666666664
2 0.5052083333333334 0.5245833333333333 0.019791666666666666 0.030833333333333334
2 0.5528645833333333 0.5304166666666666 0.03697916666666667 0.0475
5 0.52578125 0.5145833333333333 0.019270833333333334 0.0375
2 0.48828125 0.5195833333333333 0.011979166666666667 0.010833333333333334
2 0.25703125 0.5404166666666667 0.0296875 0.0425
2 0.39895833333333336 0.515 0.04479166666666667 0.04
2 0.21942708333333333 0.5365833333333333 0.05760416666666668 0.05183333333333337
2 0.17244791666666667 0.5304166666666666 0.05572916666666667 0.03549999999999993
2 0.15833333333333333 0.5420833333333334 0.011458333333333333 0.010833333333333334
6 0.5265625 0.47 0.003125 0.011666666666666667
6 0.5084635416666666 0.47041666666666665 0.0026041666666666665 0.011666666666666667
6 0.4895833333333333 0.4633333333333333 0.003125 0.013333333333333334
6 0.4688802083333333 0.4608333333333333 0.003125 0.013333333333333334
