2 0.5549479166666667 0.5441666666666667 0.0484375 0.06166666666666667
5 0.5177083333333333 0.5191666666666667 0.026041666666666668 0.04666666666666667
2 0.3145833333333333 0.6330833333333333 0.1860416666666667 0.18383333333333327
5 0.13723958333333333 0.5925 0.27447916666666666 0.2733333333333333
2 0.34791666666666665 0.5296666666666667 0.058124999999999954 0.027333333333333296
2 0.39401041666666664 0.54125 0.03697916666666667 0.050833333333333335
2 0.42223958333333333 0.5288333333333334 0.028854166666666715 0.01899999999999996
2 0.49612630208333336 0.5308854166666667 0.0251953125 0.0378125
2 0.021614583333333333 0.5366666666666666 0.043229166666666666 0.041666666666666664
2 0.02890625 0.52125 0.0578125 0.04083333333333333
5 0.3028645833333333 0.5058333333333334 0.05572916666666667 0.025
2 0.30247395833333335 0.5296875 0.04505208333333333 0.027291666666666665
2 0.32786458333333335 0.5229166666666667 0.0140625 0.015833333333333335
