2 0.05520833333333333 0.5583333333333333 0.11041666666666666 0.12166666666666667
5 0.04635416666666667 0.4741666666666667 0.09270833333333334 0.06
5 0.2828125 0.5333333333333333 0.07604166666666666 0.041666666666666664
2 0.5059895833333333 0.52625 0.019270833333333334 0.030833333333333334
2 0.553125 0.5316666666666666 0.036458333333333336 0.04833333333333333
5 0.5263020833333333 0.5158333333333334 0.0203125 0.035
2 0.48932291666666666 0.5216666666666666 0.0140625 0.011666666666666667
2 0.24348958333333334 0.5441666666666667 0.030729166666666665 0.041666666666666664
2 0.3963020833333334 0.5169166666666667 0.04510416666666668 0.04183333333333337
2 0.20322916666666668 0.5401666666666667 0.06395833333333334 0.056000000000000036
2 0.14239583333333333 0.5346666666666667 0.076875 0.0376666666666667
2 0.11796874999999998 0.53925 0.03468749999999998 0.026833333333333372
6 0.528125 0.4708333333333333 0.003125 0.011666666666666667
6 0.5096354166666667 0.47172619047619047 0.0026041666666666665 0.011785714285714259
6 0.4901041666666667 0.46375 0.003125 0.014166666666666666
6 0.4690755208333333 0.4608333333333333 0.003125 0.013333333333333334
