2 0.5473958333333333 0.5408333333333334 0.04479166666666667 0.058333333333333334
5 0.5161892361111111 0.519236111111111 0.024913194444444463 0.04486111111111114
2 0.13776041666666666 0.7970833333333334 0.2755208333333333 0.4058333333333333
5 0.0421875 0.5304166666666666 0.084375 0.12916666666666668
2 0.2954166666666667 0.5660833333333334 0.09687500000000003 0.10016666666666671
2 0.3708854166666667 0.5445 0.05447916666666674 0.06566666666666662
2 0.4186316287878788 0.5281818181818182 0.030255681818181834 0.021666666666666667
2 0.4947916666666667 0.5304166666666666 0.023958333333333335 0.035833333333333335
2 0.11328125 0.5625 0.06614583333333333 0.07
2 0.18817708333333336 0.5549166666666665 0.052187500000000026 0.05716666666666659
2 0.19479166666666667 0.5475 0.08541666666666667 0.07
5 0.28702256944444443 0.5046527777777777 0.06414930555555554 0.025138888888888856
2 0.23932291666666666 0.5504166666666667 0.028125 0.055
5 0.23229166666666667 0.5369791666666667 0.09140625 0.06104166666666667
2 0.3396701388888889 0.5283333333333333 0.028993055555555536 0.03166666666666667
