2 0.54921875 0.5358333333333334 0.03802083333333333 0.05
5 0.5220833333333333 0.5191666666666667 0.022916666666666665 0.041666666666666664
2 0.26234375 0.5760000000000001 0.12177083333333331 0.125
2 0.41848958333333336 0.5275 0.033854166666666664 0.021666666666666667
5 0.3489583333333333 0.5316666666666666 0.03958333333333333 0.025
2 0.50078125 0.5291666666666667 0.021354166666666667 0.03166666666666667
2 0.025520833333333333 0.5859722222222223 0.050347222222222224 0.09694444444444447
2 0.05481770833333333 0.5646875 0.10963541666666667 0.10229166666666667
5 0.2519791666666667 0.5005000000000002 0.07666666666666669 0.03033333333333341
2 0.12286458333333333 0.5674166666666668 0.056354166666666664 0.08383333333333336
2 0.21319444444444444 0.5306944444444445 0.06701388888888887 0.039722222222222284
2 0.30657552083333334 0.5308333333333334 0.043359375 0.042916666666666665
