2 0.5596354166666667 0.5470833333333334 0.0546875 0.06916666666666667
5 0.51953125 0.5195833333333333 0.027604166666666666 0.0475
2 0.36614583333333334 0.6 0.12604166666666666 0.13
5 0.20703125 0.5716666666666667 0.21822916666666667 0.20833333333333334
2 0.36328125 0.52875 0.049479166666666664 0.0225
2 0.40234375 0.5379166666666667 0.0328125 0.0425
2 0.4244791666666667 0.5295833333333333 0.022916666666666665 0.019166666666666665
2 0.49735863095238103 0.5323809523809525 0.026413690476190452 0.03880952380952389
2 0.015104166666666667 0.5845833333333333 0.030208333333333334 0.10916666666666666
2 0.05026041666666667 0.5691666666666667 0.10052083333333334 0.12333333333333334
2 0.06822916666666666 0.5545833333333333 0.13020833333333334 0.1075
5 0.3145833333333333 0.5075 0.04375 0.025
2 0.32526041666666666 0.5325 0.015451388888888869 0.028333333333333332
2 0.33665364583333335 0.5252083333333334 0.016536458333333334 0.020416666666666666
