2 0.16223958333333333 0.5454166666666667 0.0984375 0.0775
2 0.23880208333333333 0.5375 0.07239583333333334 0.065
5 0.18307291666666667 0.4945833333333333 0.10260416666666666 0.03916666666666667
5 0.3182291666666667 0.5316666666666666 0.05625 0.03333333333333333
2 0.49921875 0.52875 0.0203125 0.030833333333333334
2 0.5481770833333334 0.5345833333333333 0.03697916666666667 0.049166666666666664
5 0.5208333333333334 0.5191666666666667 0.020833333333333332 0.03666666666666667
2 0.4822916666666667 0.5275 0.009375 0.006666666666666667
2 0.30390625 0.5420833333333334 0.019270833333333334 0.029166666666666667
2 0.40708333333333335 0.5196666666666668 0.03812500000000003 0.03533333333333341
2 0.1341517857142857 0.5607738095238094 0.051636904761904745 0.0725
2 0.28244791666666663 0.5334166666666667 0.024270833333333346 0.031499999999999966
2 0.06328125 0.5608333333333333 0.1265625 0.115
2 0.027604166666666666 0.5779166666666666 0.05520833333333333 0.10583333333333333
