2 0.5794270833333334 0.5533333333333333 0.0640625 0.08
2 0.20479166666666662 0.6769999999999999 0.32562499999999994 0.36899999999999994
5 0.5243749999999999 0.5175833333333333 0.02958333333333325 0.05183333333333328
2 0.41682291666666665 0.5688333333333333 0.0761458333333333 0.08266666666666661
5 0.3143229166666666 0.53625 0.10822916666666661 0.10783333333333331
2 0.4513020833333333 0.531 0.016979166666666677 0.014666666666666685
2 0.026041666666666668 0.5670833333333334 0.052083333333333336 0.11916666666666667
2 0.3869270833333333 0.5441666666666667 0.03802083333333333 0.05533333333333332
2 0.4139322916666667 0.5227083333333333 0.022135416666666668 0.009583333333333333
2 0.43046875 0.5245833333333333 0.009895833333333333 0.0075
2 0.5014322916666667 0.53375 0.03203125 0.04625
2 0.073046875 0.5725 0.06067708333333333 0.10166666666666667
2 0.10520833333333333 0.5595833333333333 0.09583333333333334 0.09916666666666667
2 0.119921875 0.5341666666666667 0.11276041666666667 0.06208333333333333
