2 0.7286458333333333 0.615 0.22395833333333334 0.24
2 0.13880208333333333 0.54375 0.15364583333333334 0.08416666666666667
2 0.23130208333333335 0.53125 0.06031249999999998 0.0575
2 0.25052083333333336 0.5141666666666667 0.06145833333333333 0.05
5 0.5509259259259258 0.49856481481481485 0.055787037037036906 0.09379629629629638
5 0.39791666666666664 0.49291666666666667 0.065625 0.11416666666666667
2 0.065625 0.7841666666666667 0.13125 0.43166666666666664
5 0.4580357142857142 0.4964880952380953 0.046875 0.08678571428571426
6 0.6272786458333334 0.24 0.012630208333333334 0.051666666666666666
6 0.5251736111111112 0.28388888888888886 0.013194444444444405 0.065
6 0.2906575520833333 0.41973958333333333 0.0087890625 0.033229166666666664
6 0.88212890625 0.09666666666666666 0.0373046875 0.11083333333333334
6 0.7677083333333333 0.21486111111111109 0.026388888888888927 0.07194444444444445
2 0.21677083333333336 0.54375 0.03854166666666667 0.060833333333333336
2 0.43854166666666666 0.5322916666666667 0.05364583333333333 0.06291666666666666
2 0.48411458333333335 0.5054166666666666 0.005729166666666666 0.0175
5 0.3323567708333333 0.525625 0.090234375 0.11458333333333333
2 0.50671875 0.5326666666666667 0.06468750000000002 0.105
