2 0.63359375 0.5475 0.1109375 0.12833333333333333
2 0.3842708333333334 0.5444166666666667 0.10208333333333333 0.13949999999999999
5 0.5309375 0.48633333333333334 0.0366666666666666 0.06433333333333337
2 0.4484895833333333 0.5204166666666667 0.041979166666666616 0.056833333333333375
5 0.3584895833333333 0.5102500000000001 0.07260416666666672 0.09850000000000003
2 0.4768229166666667 0.5005555555555555 0.020659722222222263 0.01611111111111105
2 0.013541666666666667 0.65 0.027083333333333334 0.15166666666666667
2 0.052083333333333336 0.5325 0.10416666666666667 0.12333333333333334
2 0.01171875 0.5525 0.0234375 0.07333333333333333
2 0.428125 0.48833333333333334 0.008333333333333333 0.01
2 0.5054687499999999 0.5138888888888888 0.04704861111111107 0.06722222222222228
2 0.121875 0.5329166666666667 0.04583333333333333 0.08083333333333333
2 0.14427083333333332 0.5216666666666666 0.0875 0.08833333333333333
2 0.15859375 0.5153333333333332 0.10364583333333334 0.08199999999999998
2 0.22421875 0.5158333333333334 0.04635416666666667 0.06833333333333333
2 0.2526041666666667 0.5195833333333333 0.03229166666666667 0.05416666666666667
2 0.2703125 0.5139583333333333 0.05572916666666667 0.04375
2 0.28020833333333334 0.5058333333333334 0.059375 0.04666666666666667
5 0.31811755952380955 0.47910714285714295 0.033110119047619097 0.025595238095238056
