2 0.5924479166666666 0.5408333333333334 0.06822916666666666 0.08166666666666667
2 0.058958333333333335 0.5259583333333334 0.11791666666666667 0.04824999999999998
2 0.10997395833333333 0.5094166666666666 0.11682291666666668 0.058833333333333356
2 0.18251953125 0.5092708333333333 0.0326171875 0.045625
5 0.2114211309523809 0.5192857142857142 0.02671130952380949 0.02190476190476185
2 0.2765252976190476 0.5139285714285715 0.027455357142857118 0.021190476190476298
2 0.36770833333333336 0.5181944444444444 0.051041666666666666 0.0325
2 0.39527994791666665 0.5133854166666667 0.0095703125 0.016354166666666666
2 0.4116145833333334 0.509 0.04906250000000002 0.023999999999999962
5 0.5436383928571428 0.5005357142857143 0.043675595238095256 0.07321428571428575
5 0.4537574404761905 0.4976190476190477 0.027455357142857118 0.050476190476190556
2 0.47760416666666666 0.5136458333333334 0.022395833333333334 0.026458333333333334
5 0.48190104166666664 0.4959375 0.024609375 0.03208333333333333
6 0.5399739583333333 0.42322916666666666 0.003125 0.014791666666666667
6 0.5102083333333333 0.43100000000000005 0.004374999999999988 0.020333333333333314
6 0.4631324404761905 0.39898809523809525 0.00453869047619051 0.018690476190476205
6 0.41343749999999996 0.4018333333333334 0.005000000000000012 0.019666666666666638
6 0.4190972222222221 0.47013888888888894 0.0038194444444444643 0.013055555555555619
6 0.5686755952380954 0.42625 0.005505952380952432 0.013452380952380926
6 0.5655877976190475 0.4328571428571429 0.005729166666666666 0.016666666666666666
5 0.44473958333333335 0.5090833333333334 0.02677083333333338 0.037833333333333406
2 0.50546875 0.5262500000000001 0.0484375 0.07350000000000004
