2 0.7450520833333333 0.6073333333333334 0.2328125 0.23933333333333337
2 0.03307291666666667 0.5604166666666667 0.06614583333333333 0.10083333333333333
5 0.5394412878787878 0.4923106060606062 0.050473484848484775 0.08401515151515156
5 0.2579427083333333 0.4975 0.21276041666666667 0.2725000000000001
5 0.4136458333333334 0.4976666666666667 0.09562500000000002 0.169
6 0.07323495370370368 0.3444907407407407 0.02077546296296296 0.06583333333333333
2 0.47161458333333334 0.509375 0.013715277777777797 0.032361111111111146
2 0.36432291666666666 0.5229166666666667 0.0203125 0.050833333333333335
2 0.4653125000000001 0.5174166666666666 0.008333333333333333 0.04316666666666663
2 0.13932291666666666 0.5383333333333333 0.04010416666666667 0.08166666666666667
2 0.06588541666666667 0.5320833333333334 0.13177083333333334 0.0875
2 0.3653645833333333 0.48583333333333334 0.0026041666666666665 0.023333333333333334
2 0.16640625 0.51375 0.030729166666666665 0.0325
2 0.17473958333333334 0.49166666666666664 0.021354166666666667 0.008333333333333333
2 0.5039062499999999 0.5346666666666667 0.07677083333333326 0.12566666666666662
