2 0.5466145833333333 0.5404166666666667 0.044270833333333336 0.05583333333333333
5 0.5163628472222223 0.5195138888888888 0.024565972222222263 0.04430555555555562
2 0.07864583333333333 0.8475 0.15729166666666666 0.305
2 0.278125 0.5704166666666667 0.10729166666666666 0.1075
2 0.3653645833333333 0.5458333333333333 0.058854166666666666 0.06833333333333333
2 0.418158143939394 0.5275757575757576 0.030445075757575837 0.021666666666666667
2 0.4949652777777777 0.5298611111111111 0.02361111111111113 0.035833333333333335
2 0.039322916666666666 0.57375 0.07864583333333333 0.1275
2 0.09407552083333333 0.5704166666666667 0.069921875 0.09541666666666666
2 0.17439236111111114 0.5590277777777777 0.05850694444444444 0.0647222222222222
2 0.184375 0.5502083333333333 0.08958333333333333 0.07541666666666667
5 0.2840711805555555 0.5032638888888888 0.06449652777777774 0.02569444444444438
2 0.2296875 0.5525 0.028125 0.056666666666666664
5 0.21953125 0.5251041666666667 0.07578125 0.03854166666666667
2 0.3146701388888889 0.5252777777777777 0.022395833333333334 0.02277777777777781
2 0.3355762768817205 0.5281720430107526 0.030393145161290273 0.03166666666666667
