4 0.4856770833333333 0.5079166666666667 0.027604166666666666 0.05583333333333333
2 0.23776041666666667 0.62 0.19427083333333334 0.17
0 0.38671875 0.5508333333333333 0.0671875 0.08333333333333333
2 0.03984375 0.5791666666666667 0.0796875 0.1
5 0.46875 0.5191666666666667 0.008333333333333333 0.018333333333333333
5 0.46067708333333335 0.5179166666666667 0.008854166666666666 0.0175
2 0.4549479166666667 0.5225 0.013020833333333334 0.01
0 0.26276041666666666 0.5233333333333333 0.013020833333333334 0.018333333333333333
0 0.25494791666666666 0.5225 0.011979166666666667 0.021666666666666667
2 0.35520833333333335 0.54375 0.020833333333333332 0.04416666666666667
