4 0.48932291666666666 0.5025 0.028645833333333332 0.05
2 0.8661458333333333 0.7783333333333333 0.2677083333333333 0.44333333333333336
2 0.71953125 0.6116666666666667 0.2015625 0.22166666666666668
2 0.10182291666666667 0.5329166666666667 0.09322916666666667 0.0475
2 0.030208333333333334 0.57375 0.06041666666666667 0.06916666666666667
2 0.10807291666666667 0.61625 0.21614583333333334 0.1875
0 0.35963541666666665 0.5245833333333333 0.009895833333333333 0.029166666666666667
5 0.4119791666666667 0.5625 0.15625 0.13166666666666665
0 0.83046875 0.54375 0.022395833333333334 0.12583333333333332
2 0.19427083333333334 0.5429166666666667 0.09375 0.07583333333333334
0 0.9020833333333333 0.5245833333333333 0.029166666666666667 0.09083333333333334
0 0.78203125 0.5008333333333334 0.0109375 0.02
0 0.7955729166666666 0.5133333333333333 0.022395833333333334 0.041666666666666664
2 0.25026041666666665 0.5420833333333334 0.04114583333333333 0.0475
0 0.18255208333333334 0.5245833333333333 0.019270833333333334 0.0325
0 0.9213541666666667 0.5175 0.021875 0.09166666666666666
2 0.45677083333333335 0.5133333333333333 0.005208333333333333 0.008333333333333333
5 0.46119791666666665 0.50875 0.008854166666666666 0.015833333333333335
2 0.4725520833333333 0.5105 0.006562499999999953 0.013333333333333334
