5 0.44166666666666665 0.5358333333333334 0.03958333333333333 0.05
4 0.49713541666666666 0.5079166666666667 0.0703125 0.11416666666666667
6 0.61171875 0.46166666666666667 0.013020833333333334 0.021666666666666667
6 0.6294270833333333 0.4608333333333333 0.0109375 0.02
6 0.44635416666666666 0.42041666666666666 0.008333333333333333 0.0125
6 0.45703125 0.4195833333333333 0.0078125 0.0125
6 0.31171875 0.49 0.0067708333333333336 0.01
6 0.29635416666666664 0.49083333333333334 0.007291666666666667 0.01
5 0.35833333333333334 0.5404166666666667 0.05 0.025833333333333333
0 0.6145833333333334 0.5295833333333333 0.007291666666666667 0.04083333333333333
6 0.128125 0.48625 0.016666666666666666 0.0225
