4 0.4786458333333333 0.5029166666666667 0.028125 0.0575
2 0.13359375 0.67125 0.2671875 0.27416666666666667
0 0.3606770833333333 0.5516666666666666 0.08177083333333333 0.09666666666666666
2 0.004166666666666667 0.5825 0.008333333333333333 0.055
5 0.4608072916666667 0.5145833333333333 0.00859375 0.018333333333333333
5 0.4544270833333333 0.5120833333333333 0.008854166666666666 0.015833333333333335
2 0.4484375 0.5175 0.013541666666666667 0.01
0 0.23541666666666666 0.5325 0.021875 0.055
0 0.22369791666666666 0.5266666666666666 0.013020833333333334 0.04666666666666667
2 0.39765625 0.5258333333333334 0.0140625 0.03
