2 0.85078125 0.6854166666666667 0.2984375 0.31916666666666665
2 0.09036458333333333 0.8058333333333333 0.18072916666666666 0.3883333333333333
2 0.66328125 0.575 0.11927083333333334 0.15333333333333332
0 0.16223958333333333 0.5775 0.028645833333333332 0.1
2 0.16614583333333333 0.5725 0.109375 0.09166666666666666
2 0.6065104166666667 0.55625 0.03802083333333333 0.1025
4 0.51875 0.51375 0.03229166666666667 0.0625
2 0.9263020833333333 0.50875 0.14739583333333334 0.060833333333333336
2 0.8479166666666667 0.515 0.08229166666666667 0.02666666666666667
2 0.5846354166666666 0.5558333333333333 0.0265625 0.06666666666666667
2 0.578125 0.5466666666666666 0.036458333333333336 0.055
2 0.5703125 0.5395833333333333 0.034375 0.050833333333333335
2 0.48463541666666665 0.52625 0.016145833333333335 0.019166666666666665
2 0.35130208333333335 0.56375 0.0703125 0.07916666666666666
2 0.3455729166666667 0.5245833333333333 0.0296875 0.015833333333333335
2 0.33359375 0.5383333333333333 0.0109375 0.02
5 0.3015625 0.5445833333333333 0.057291666666666664 0.05416666666666667
5 0.38359375 0.5479166666666667 0.0484375 0.06416666666666666
2 0.41041666666666665 0.5445833333333333 0.028125 0.0475
2 0.7833333333333333 0.5204166666666666 0.07708333333333334 0.03916666666666667
2 0.45859375 0.5279166666666667 0.0171875 0.020833333333333332
0 0.45546875 0.53125 0.0078125 0.024166666666666666
2 0.74453125 0.525 0.043229166666666666 0.02666666666666667
2 0.49192708333333335 0.5208333333333334 0.009895833333333333 0.015
2 0.46838541666666667 0.5231666666666667 0.008854166666666666 0.013333333333333334
