2 0.8479166666666667 0.6654166666666667 0.30416666666666664 0.36916666666666664
4 0.5065104166666666 0.51 0.028645833333333332 0.05
2 0.67421875 0.61125 0.12135416666666667 0.1525
2 0.6169270833333333 0.5766666666666667 0.0796875 0.10333333333333333
2 0.5901041666666667 0.5541666666666667 0.06041666666666667 0.085
2 0.46067708333333335 0.5304166666666666 0.024479166666666666 0.0275
2 0.13229166666666667 0.6245833333333334 0.21354166666666666 0.1825
5 0.140625 0.54375 0.103125 0.0525
5 0.26848958333333334 0.575 0.1046875 0.11833333333333333
2 0.3341145833333333 0.5595833333333333 0.059895833333333336 0.07583333333333334
2 0.4348958333333333 0.53 0.022916666666666665 0.02666666666666667
0 0.40651041666666665 0.5341666666666667 0.0078125 0.035
2 0.471875 0.5229166666666667 0.015625 0.024166666666666666
5 0.54375 0.53375 0.065625 0.05583333333333333
0 0.6578125 0.5191666666666667 0.009375 0.035
2 0.3033854166666667 0.5258333333333334 0.03802083333333333 0.02666666666666667
0 0.73125 0.52375 0.010416666666666666 0.050833333333333335
0 0.725 0.5283333333333333 0.00625 0.045
2 0.4471354166666667 0.52525 0.009895833333333333 0.01816666666666663
2 0.48880208333333336 0.5166666666666667 0.0078125 0.011666666666666667
