4 0.45807291666666666 0.5170833333333333 0.03177083333333333 0.060833333333333336
0 0.19791666666666666 0.6266666666666667 0.20833333333333334 0.20833333333333334
5 0.4384895833333334 0.5285833333333334 0.008020833333333382 0.019833333333333297
5 0.43515625 0.5275 0.0078125 0.018333333333333333
2 0.428125 0.5333333333333333 0.014583333333333334 0.011666666666666667
0 0.08385416666666666 0.59125 0.034375 0.1325
0 0.090625 0.58375 0.022916666666666665 0.12416666666666666
2 0.30494791666666665 0.5625 0.0453125 0.058333333333333334
2 0.3541666666666667 0.5479166666666667 0.03333333333333333 0.03916666666666667
2 0.33229166666666665 0.555 0.03125 0.04666666666666667
5 0.36255208333333333 0.5300833333333332 0.022395833333333334 0.014499999999999982
