4 0.48776041666666664 0.5204166666666666 0.027604166666666666 0.0525
2 0.37161458333333336 0.5770833333333333 0.07760416666666667 0.08083333333333333
0 0.4203125 0.5495833333333333 0.04583333333333333 0.05416666666666667
2 0.05963541666666667 0.5870833333333333 0.11927083333333334 0.1275
2 0.14505208333333333 0.57625 0.0859375 0.07083333333333333
5 0.47161458333333334 0.53 0.0067708333333333336 0.015
5 0.4627604166666667 0.5291666666666667 0.008854166666666666 0.016666666666666666
2 0.45729166666666665 0.53375 0.0125 0.009166666666666667
0 0.31796875 0.55625 0.015104166666666667 0.0625
0 0.30859375 0.55375 0.009895833333333333 0.0575
2 0.39010416666666664 0.5354166666666667 0.01875 0.0075
