4 0.45625 0.5179166666666667 0.03229166666666667 0.060833333333333336
0 0.14739583333333334 0.6470833333333333 0.25729166666666664 0.24583333333333332
5 0.43598958333333326 0.5289166666666667 0.008645833333333346 0.021166666666666646
5 0.4315104166666667 0.5283333333333333 0.0046875 0.018333333333333333
2 0.42552083333333335 0.5333333333333333 0.013541666666666667 0.011666666666666667
0 0.05364583333333333 0.5758333333333333 0.04375 0.10166666666666667
0 0.06171875000000001 0.5643333333333334 0.023229166666666665 0.08566666666666672
2 0.2890625 0.5641666666666667 0.0625 0.06166666666666667
2 0.34921875 0.55 0.0328125 0.041666666666666664
2 0.32421875 0.555 0.033854166666666664 0.04666666666666667
5 0.35963541666666665 0.5320833333333334 0.022395833333333334 0.015833333333333335
