5 0.4328125 0.5375 0.03125 0.041666666666666664
5 0.34765625 0.5425 0.0453125 0.025
4 0.475 0.515 0.06770833333333333 0.10166666666666667
6 0.5765625 0.47208333333333335 0.0125 0.019166666666666665
6 0.5916666666666667 0.47208333333333335 0.0125 0.015833333333333335
6 0.4317708333333333 0.43291666666666667 0.007291666666666667 0.010833333333333334
6 0.44192708333333336 0.43166666666666664 0.0067708333333333336 0.01
6 0.3138020833333333 0.4975 0.0067708333333333336 0.01
6 0.30104166666666665 0.49833333333333335 0.007291666666666667 0.01
5 0.95703125 0.5166666666666667 0.0859375 0.09166666666666666
6 0.16015625 0.49583333333333335 0.013020833333333334 0.02
6 0.175 0.495 0.008333333333333333 0.02
