5 0.44140625 0.5325 0.0390625 0.05
4 0.4979166666666667 0.5041666666666667 0.071875 0.115
6 0.61484375 0.45708333333333334 0.013020833333333334 0.020833333333333332
6 0.6330729166666667 0.45625 0.011979166666666667 0.019166666666666665
6 0.446875 0.41625 0.008333333333333333 0.0125
6 0.45807291666666666 0.41541666666666666 0.0078125 0.0125
6 0.3106770833333333 0.485 0.0067708333333333336 0.01
6 0.2955729166666667 0.4870833333333333 0.0078125 0.010833333333333334
5 0.359375 0.5354166666666667 0.05 0.025833333333333333
0 0.6171875 0.52625 0.009375 0.04083333333333333
6 0.12291666666666666 0.4795833333333333 0.013541666666666667 0.0225
