2 0.7559895833333333 0.6295833333333334 0.23177083333333334 0.2675
0 0.04114583333333333 0.59625 0.04583333333333333 0.13583333333333333
2 0.062239583333333334 0.5895833333333333 0.12447916666666667 0.11583333333333333
2 0.63671875 0.5791666666666667 0.07239583333333334 0.14166666666666666
4 0.5065104166666666 0.5183333333333333 0.0296875 0.056666666666666664
2 0.971875 0.5625 0.05625 0.1
2 0.9203125 0.5445833333333333 0.121875 0.06916666666666667
2 0.59296875 0.5745833333333333 0.0421875 0.0825
2 0.5796875 0.5608333333333333 0.04895833333333333 0.06666666666666667
2 0.5674479166666667 0.5491666666666667 0.0421875 0.06
2 0.4674479166666667 0.5320833333333334 0.018229166666666668 0.0225
2 0.2911458333333333 0.5804166666666667 0.09791666666666667 0.0975
2 0.30755208333333334 0.5266666666666666 0.027604166666666666 0.011666666666666667
5 0.24140625 0.5570833333333334 0.06927083333333334 0.0725
5 0.34296875 0.56 0.0609375 0.08
2 0.37864583333333335 0.5541666666666667 0.0375 0.055
2 0.8697916666666666 0.5216666666666666 0.034375 0.028333333333333332
2 0.44114583333333335 0.5333333333333333 0.019791666666666666 0.021666666666666667
0 0.425 0.53625 0.008333333333333333 0.0325
2 0.47578125 0.5266666666666666 0.011979166666666667 0.02
5 0.59921875 0.5225 0.027604166666666666 0.021666666666666667
0 0.6122395833333333 0.5233333333333333 0.0078125 0.021666666666666667
2 0.45286458333333335 0.5291666666666667 0.0078125 0.015
2 0.4905729166666667 0.5224166666666665 0.004479166666666678 0.00949999999999998
