4 0.5075520833333333 0.49291666666666667 0.027604166666666666 0.025833333333333333
2 0.8859375 0.78875 0.228125 0.4225
2 0.7447916666666666 0.63 0.22395833333333334 0.20166666666666666
2 0.6432291666666666 0.57375 0.10208333333333333 0.1325
2 0.45 0.5333333333333333 0.029166666666666667 0.03833333333333333
2 0.19817708333333334 0.5370833333333334 0.06302083333333333 0.0475
2 0.16223958333333333 0.55125 0.043229166666666666 0.0275
5 0.015104166666666667 0.5308333333333334 0.030208333333333334 0.02666666666666667
5 0.10859375 0.6308333333333334 0.2171875 0.22666666666666666
2 0.25677083333333334 0.5854166666666667 0.10625 0.12416666666666666
2 0.4296875 0.53 0.028125 0.03333333333333333
0 0.3890625 0.53 0.009375 0.041666666666666664
2 0.9643229166666667 0.545 0.07135416666666666 0.07333333333333333
2 0.46484375 0.5129166666666667 0.015104166666666667 0.0125
5 0.49609375 0.5433333333333333 0.11510416666666666 0.08166666666666667
0 0.7369791666666666 0.51125 0.014583333333333334 0.04083333333333333
2 0.2565104166666667 0.52375 0.05677083333333333 0.024166666666666666
0 0.81953125 0.5266666666666666 0.022395833333333334 0.085
0 0.94140625 0.52375 0.018229166666666668 0.04583333333333333
2 0.9572916666666667 0.525 0.084375 0.05333333333333334
0 0.9854166666666667 0.5116666666666667 0.020833333333333332 0.035
0 0.75 0.5141666666666667 0.014583333333333334 0.03333333333333333
2 0.30052083333333335 0.5416666666666666 0.03229166666666667 0.041666666666666664
