2 0.9119791666666667 0.73125 0.17604166666666668 0.4475
4 0.5075520833333333 0.5075 0.028645833333333332 0.043333333333333335
2 0.77265625 0.6575 0.24010416666666667 0.22333333333333333
2 0.6489583333333333 0.5945833333333334 0.10833333333333334 0.1275
2 0.6075520833333333 0.5645833333333333 0.07239583333333334 0.09916666666666667
2 0.4578125 0.5341666666666667 0.026041666666666668 0.03
2 0.07916666666666666 0.6633333333333333 0.15833333333333333 0.24166666666666667
2 0.24921875 0.5341666666666667 0.04010416666666667 0.043333333333333335
5 0.09791666666666667 0.5479166666666667 0.11458333333333333 0.05583333333333333
5 0.21458333333333332 0.5925 0.15208333333333332 0.14666666666666667
2 0.31171875 0.5691666666666667 0.0703125 0.08833333333333333
2 0.43307291666666664 0.53375 0.024479166666666666 0.025833333333333333
0 0.39947916666666666 0.5354166666666667 0.007291666666666667 0.035833333333333335
2 0.9065104166666667 0.53875 0.14010416666666667 0.04583333333333333
2 0.4705729166666667 0.5258333333333334 0.0171875 0.028333333333333332
5 0.53515625 0.5395833333333333 0.1015625 0.0625
0 0.6859375 0.5204166666666666 0.011458333333333333 0.034166666666666665
2 0.2869791666666667 0.5304166666666666 0.04375 0.029166666666666667
0 0.7614583333333333 0.5229166666666667 0.013541666666666667 0.0475
0 0.7494791666666667 0.5275 0.010416666666666666 0.03666666666666667
2 0.9059895833333333 0.51625 0.04010416666666667 0.014166666666666666
0 0.90234375 0.5133333333333333 0.0109375 0.013333333333333334
2 0.9716145833333333 0.5229166666666667 0.04635416666666667 0.025833333333333333
2 0.44703125 0.5239999999999999 0.009895833333333333 0.011666666666666667
2 0.4890625 0.5198148148148148 0.008333333333333333 0.011666666666666667
