2 0.971875 0.8595833333333334 0.05625 0.2808333333333333
2 0.7401041666666667 0.62 0.21145833333333333 0.25
0 0.05572916666666667 0.5858333333333333 0.0375 0.13333333333333333
2 0.06822916666666666 0.585 0.13645833333333332 0.11666666666666667
2 0.6315104166666666 0.575 0.06614583333333333 0.135
4 0.5080729166666667 0.5145833333333333 0.0296875 0.05583333333333333
2 0.9635416666666666 0.5554166666666667 0.07291666666666667 0.1175
2 0.9020833333333333 0.5433333333333333 0.13333333333333333 0.06833333333333333
2 0.5916666666666667 0.5708333333333333 0.040625 0.08166666666666667
2 0.57734375 0.5575 0.044270833333333336 0.065
2 0.5674479166666667 0.5458333333333333 0.0421875 0.058333333333333334
2 0.46901041666666665 0.5291666666666667 0.018229166666666668 0.021666666666666667
2 0.29791666666666666 0.5754166666666667 0.09375 0.09583333333333334
2 0.3125 0.52375 0.027083333333333334 0.0125
5 0.24739583333333334 0.5525 0.06666666666666667 0.07166666666666667
5 0.34765625 0.555 0.0578125 0.07833333333333334
2 0.38177083333333334 0.5495833333333333 0.0375 0.05416666666666667
2 0.8533854166666667 0.5225 0.0453125 0.03
2 0.4427083333333333 0.53 0.019791666666666666 0.021666666666666667
0 0.42734375 0.5325 0.0067708333333333336 0.03
2 0.47708333333333336 0.5233333333333333 0.0125 0.02
5 0.5984375 0.5208333333333334 0.022916666666666665 0.023333333333333334
0 0.6109375 0.5216666666666666 0.007291666666666667 0.021666666666666667
2 0.4544270833333333 0.5256666666666666 0.0078125 0.015
2 0.49166666666666664 0.5191666666666667 0.004166666666666667 0.01
