2 0.09791666666666667 0.795 0.19583333333333333 0.41
2 0.68984375 0.6016666666666667 0.13697916666666668 0.145
2 0.3453125 0.6141666666666666 0.12708333333333333 0.12833333333333333
2 0.6166666666666667 0.565 0.06979166666666667 0.10166666666666667
2 0.05703125 0.59375 0.1140625 0.06583333333333333
0 0.24348958333333334 0.5720833333333334 0.021354166666666667 0.07916666666666666
2 0.24947916666666667 0.5695833333333333 0.075 0.06916666666666667
2 0.9752604166666666 0.5554166666666667 0.049479166666666664 0.06916666666666667
2 0.9520833333333333 0.5516666666666666 0.09583333333333334 0.08
2 0.928125 0.5470833333333334 0.090625 0.0625
2 0.5838541666666667 0.5558333333333333 0.017708333333333333 0.075
4 0.5190104166666667 0.5270833333333333 0.03802083333333333 0.07083333333333333
2 0.8403645833333333 0.5366666666666666 0.13697916666666668 0.07833333333333334
2 0.77890625 0.5420833333333334 0.05572916666666667 0.0525
2 0.5736979166666667 0.5575 0.018229166666666668 0.051666666666666666
2 0.5697916666666667 0.5516666666666666 0.023958333333333335 0.045
2 0.5682291666666667 0.5458333333333333 0.029166666666666667 0.043333333333333335
2 0.49375 0.535 0.013541666666666667 0.018333333333333333
2 0.39375 0.5583333333333333 0.04479166666666667 0.051666666666666666
2 0.3697916666666667 0.53375 0.01875 0.0125
2 0.36875 0.5433333333333333 0.014583333333333334 0.013333333333333334
5 0.3380208333333333 0.5466666666666666 0.05 0.03833333333333333
5 0.4109375 0.5529166666666666 0.03854166666666667 0.0525
2 0.43203125 0.55 0.021354166666666667 0.04
2 0.76171875 0.52375 0.03177083333333333 0.019166666666666665
2 0.46927083333333336 0.5383333333333333 0.017708333333333333 0.02
0 0.48000000000000004 0.53475 0.005624999999999976 0.025166666666666705
2 0.47734375 0.5302777777777777 0.006076388888888869 0.011111111111111143
