2 0.9255208333333333 0.7958333333333333 0.14895833333333333 0.31833333333333336
2 0.1453125 0.5479166666666667 0.10625 0.08083333333333333
5 0.30182291666666666 0.5358333333333334 0.0703125 0.07666666666666666
2 0.3424479166666667 0.5254166666666666 0.04010416666666667 0.060833333333333336
5 0.3815104166666667 0.51 0.04010416666666667 0.05333333333333334
5 0.4041666666666667 0.5079166666666667 0.017708333333333333 0.0375
2 0.51328125 0.49666666666666665 0.016145833333333335 0.023333333333333334
7 0.9434895833333333 0.29375 0.09010416666666667 0.1425
2 0.42526041666666664 0.50125 0.0171875 0.025833333333333333
2 0.4392708333333334 0.4979166666666667 0.013541666666666667 0.019166666666666665
5 0.504375 0.4892499999999999 0.013541666666666667 0.025833333333333333
2 0.46989583333333335 0.4944166666666666 0.014583333333333334 0.015833333333333335
