2 0.6559895833333333 0.5658333333333333 0.11614583333333334 0.14
5 0.5786458333333333 0.5120833333333333 0.06875 0.11916666666666667
5 0.017925347222222224 0.5878472222222222 0.03585069444444445 0.10541666666666667
5 0.07057291666666667 0.554375 0.14114583333333333 0.12958333333333333
2 0.5403645833333334 0.515625 0.010416666666666666 0.044583333333333336
2 0.5177372685185184 0.5009722222222223 0.010011574074074048 0.01435185185185181
2 0.4859375 0.49916666666666665 0.020833333333333332 0.015
2 0.5085193452380953 0.4963095238095238 0.016294642857142883 0.019047619047619074
2 0.4661458333333333 0.505 0.00625 0.015
2 0.4534598214285714 0.5076190476190476 0.01703869047619045 0.025238095238095278
2 0.4385788690476191 0.5151190476190476 0.021205357142857175 0.02690476190476185
5 0.47953124999999996 0.46399999999999997 0.03968750000000002 0.017999999999999926
0 0.5405729166666667 0.5260833333333333 0.011979166666666667 0.05100000000000004
2 0.4135044642857143 0.5270238095238096 0.02700892857142859 0.03738095238095241
2 0.3947172619047619 0.5330952380952382 0.036755952380952375 0.03809523809523806
2 0.3394270833333334 0.5446666666666666 0.05802083333333338 0.065
2 0.2666015625 0.5654166666666667 0.09075520833333334 0.09708333333333333
2 0.433994391025641 0.49926282051282056 0.012139423076923055 0.004166666666666667
