2 0.23489583333333333 0.6054166666666667 0.14375 0.11583333333333333
2 0.32734375 0.57875 0.0765625 0.08916666666666667
2 0.43020833333333336 0.54125 0.03229166666666667 0.04416666666666667
2 0.65390625 0.5704166666666667 0.06927083333333334 0.06916666666666667
5 0.87265625 0.66375 0.2546875 0.4925
7 0.6510416666666666 0.4795833333333333 0.020833333333333332 0.034166666666666665
2 0.44869791666666664 0.53875 0.011979166666666667 0.0375
5 0.4609375 0.5291666666666667 0.020833333333333332 0.03333333333333333
2 0.5109375 0.5183333333333333 0.0125 0.015
2 0.4901041666666667 0.5216666666666666 0.008333333333333333 0.015833333333333335
5 0.47239583333333335 0.5279166666666667 0.008854166666666666 0.02666666666666667
2 0.48072916666666665 0.5233333333333333 0.011979166666666667 0.020833333333333332
2 0.5484375 0.52125 0.014583333333333334 0.019166666666666665
5 0.5395833333333333 0.5158333333333334 0.011458333333333333 0.021666666666666667
2 0.35859375 0.5445833333333333 0.03697916666666667 0.03916666666666667
2 0.72734375 0.61125 0.0828125 0.13083333333333333
2 0.7471354166666667 0.5316666666666666 0.025520833333333333 0.03333333333333333
