5 0.7424479166666667 0.5391666666666667 0.2609375 0.305
2 0.60234375 0.5435416666666667 0.04453125 0.138125
2 0.5767187500000001 0.5334166666666668 0.0109375 0.044500000000000074
2 0.531547619047619 0.5008928571428571 0.011755952380952431 0.016785714285714258
2 0.47921875 0.50125 0.005729166666666666 0.014166666666666666
2 0.4961979166666667 0.49841666666666656 0.022395833333333334 0.015
2 0.5205729166666667 0.49583333333333335 0.016666666666666666 0.016666666666666666
2 0.47072172619047614 0.5035714285714286 0.009895833333333333 0.017857142857142964
2 0.46494140625 0.5069791666666666 0.005403645833333333 0.0225
2 0.45478515625 0.5072916666666667 0.019466145833333334 0.030833333333333334
2 0.44830729166666666 0.516875 0.006510416666666667 0.027916666666666666
2 0.4327752976190476 0.5177976190476191 0.02641369047619051 0.03535714285714297
0 0.5903645833333333 0.5464285714285715 0.023883928571428705 0.10785714285714297
2 0.37916666666666665 0.5383333333333333 0.04479166666666667 0.058333333333333334
2 0.338671875 0.5510416666666667 0.06822916666666666 0.063125
2 0.12584635416666667 0.6002083333333333 0.201171875 0.165
2 0.4316964285714286 0.49767857142857147 0.019791666666666666 0.004166666666666667
