2 0.058333333333333334 0.63125 0.11666666666666667 0.19583333333333333
2 0.32265625 0.5366666666666666 0.04635416666666667 0.056666666666666664
2 0.6651041666666667 0.5941666666666666 0.14895833333333333 0.14
7 0.6395833333333333 0.43833333333333335 0.03333333333333333 0.05333333333333334
2 0.34817708333333336 0.5320833333333334 0.022395833333333334 0.0475
5 0.37152777777777773 0.5201388888888889 0.02951388888888887 0.04027777777777781
2 0.43802083333333336 0.5066666666666667 0.013541666666666667 0.015
2 0.4122395833333333 0.51 0.009895833333333333 0.018333333333333333
5 0.38723958333333336 0.5183333333333333 0.013020833333333334 0.03333333333333333
2 0.4005208333333333 0.51375 0.014583333333333334 0.0225
2 0.4791666666666667 0.51 0.014583333333333334 0.02
5 0.4700520833333333 0.5020833333333333 0.011979166666666667 0.024166666666666666
2 0.21588541666666666 0.5445833333333333 0.0640625 0.059166666666666666
2 0.9528645833333333 0.8358333333333333 0.09427083333333333 0.265
2 0.8291666666666667 0.5591666666666667 0.09583333333333334 0.12833333333333333
2 0.91796875 0.568125 0.1640625 0.15875
