2 0.04348958333333333 0.645 0.08697916666666666 0.155
2 0.14322916666666666 0.5979166666666667 0.15729166666666666 0.14083333333333334
2 0.346875 0.5345833333333333 0.040625 0.050833333333333335
2 0.6315104166666666 0.5741666666666667 0.1046875 0.10333333333333333
7 0.6192708333333333 0.4533333333333333 0.027083333333333334 0.043333333333333335
2 0.3697916666666667 0.5308333333333334 0.016666666666666666 0.043333333333333335
5 0.38723958333333336 0.52 0.025520833333333333 0.03833333333333333
2 0.44583333333333336 0.5066666666666667 0.0125 0.015
2 0.42239583333333336 0.51 0.009375 0.016666666666666666
5 0.4010416666666667 0.51875 0.011458333333333333 0.030833333333333334
2 0.4119791666666667 0.51375 0.014583333333333334 0.020833333333333332
2 0.4856770833333333 0.5104166666666666 0.015104166666666667 0.020833333333333332
5 0.47760416666666666 0.5033333333333333 0.011458333333333333 0.021666666666666667
2 0.25416666666666665 0.54125 0.05416666666666667 0.0525
2 0.8619791666666666 0.6916666666666667 0.275 0.30333333333333334
2 0.7557291666666667 0.5466666666666666 0.05520833333333333 0.09666666666666666
2 0.8385416666666666 0.5420833333333334 0.16145833333333334 0.0875
5 0.959375 0.5275 0.08125 0.07666666666666666
2 0.9472005208333333 0.5239583333333333 0.07799479166666666 0.03166666666666667
