2 0.2794270833333333 0.5720833333333334 0.10364583333333334 0.08916666666666667
2 0.34401041666666665 0.5516666666666666 0.0609375 0.075
2 0.4234375 0.5225 0.030208333333333334 0.04
0 0.6658854166666667 0.595 0.0515625 0.215
2 0.6158854166666666 0.5425 0.05364583333333333 0.058333333333333334
5 0.87421875 0.5704166666666667 0.2515625 0.7091666666666666
5 0.753125 0.5716666666666667 0.171875 0.26166666666666666
7 0.6171875 0.4658333333333333 0.01875 0.03
2 0.4390625 0.51875 0.013541666666666667 0.035833333333333335
5 0.4505208333333333 0.51125 0.019791666666666666 0.0325
2 0.49765625 0.49875 0.013020833333333334 0.0125
2 0.4778645833333333 0.5033333333333333 0.0078125 0.015
5 0.46119791666666665 0.51 0.008854166666666666 0.025
2 0.46953125 0.5054166666666666 0.011979166666666667 0.020833333333333332
2 0.534375 0.5033333333333333 0.011458333333333333 0.018333333333333333
5 0.5265625 0.49666666666666665 0.011458333333333333 0.021666666666666667
2 0.3580729166666667 0.5225 0.0328125 0.028333333333333332
2 0.6427083333333333 0.5729166666666666 0.020833333333333332 0.08583333333333333
