2 0.8138020833333334 0.6255952380952382 0.2905505952380954 0.28857142857142853
5 0.6077752976190476 0.5136309523809524 0.09888392857142847 0.1548809523809524
2 0.5531249999999999 0.5268055555555555 0.01545138888888881 0.07527777777777772
2 0.5212239583333335 0.4985833333333334 0.010572916666666703 0.015
2 0.4881628787878788 0.49715909090909094 0.02215909090909089 0.015984848484848536
2 0.5108217592592593 0.49375 0.014583333333333334 0.01564814814814819
2 0.4666666666666667 0.5016666666666667 0.007291666666666667 0.016666666666666666
2 0.46119791666666665 0.5041666666666667 0.0046875 0.02
2 0.45266927083333336 0.5051041666666667 0.018359375 0.026875
2 0.44973958333333336 0.5145833333333333 0.0026041666666666665 0.0175
2 0.43552827380952386 0.5146428571428571 0.022991071428571472 0.029761904761904722
5 0.4498697916666667 0.4603125 0.04583333333333333 0.018958333333333334
0 0.5510091145833333 0.5322395833333333 0.0158203125 0.05489583333333333
2 0.40182291666666664 0.5278125 0.032552083333333336 0.042916666666666665
2 0.37818287037037035 0.5353703703703703 0.04467592592592595 0.04537037037037028
2 0.29416666666666663 0.5542500000000001 0.08312500000000002 0.08550000000000002
2 0.14973958333333334 0.595138888888889 0.16440972222222225 0.15027777777777782
2 0.431494140625 0.49609375 0.01533203125 0.004166666666666667
