2 0.05130208333333333 0.64375 0.10260416666666666 0.15916666666666668
2 0.15520833333333334 0.595 0.15104166666666666 0.13666666666666666
2 0.35052083333333334 0.53375 0.03958333333333333 0.050833333333333335
2 0.6307291666666667 0.5725 0.10208333333333333 0.10166666666666667
7 0.6196614583333333 0.45416666666666666 0.02734375 0.0425
2 0.3723958333333333 0.53 0.017708333333333333 0.041666666666666664
5 0.39010416666666664 0.5195833333333333 0.025 0.0375
2 0.44895833333333335 0.5058333333333334 0.0125 0.015
2 0.4265625 0.51 0.008333333333333333 0.016666666666666666
5 0.4036458333333333 0.5179166666666667 0.010416666666666666 0.0325
2 0.41468750000000004 0.51375 0.013749999999999988 0.020833333333333332
2 0.4875 0.5104166666666666 0.014583333333333334 0.019166666666666665
5 0.4791666666666667 0.5025 0.011458333333333333 0.021666666666666667
2 0.25885416666666666 0.54 0.053125 0.051666666666666666
2 0.8591145833333333 0.68125 0.28072916666666664 0.2841666666666667
2 0.7552083333333334 0.54625 0.05625 0.09416666666666666
2 0.83515625 0.53625 0.15677083333333333 0.08583333333333333
5 0.9520833333333333 0.5258333333333334 0.09583333333333334 0.10333333333333333
2 0.9369140625 0.5235416666666667 0.07669270833333333 0.03166666666666667
