2 0.6884114583333332 0.5757638888888889 0.14644097222222213 0.17069444444444437
5 0.58662109375 0.5119270833333334 0.07805989583333334 0.1271875
5 0.04609375 0.5641666666666667 0.0921875 0.14333333333333334
2 0.5440476190476191 0.5147619047619049 0.011309523809523844 0.047380952380952406
2 0.5188988095238095 0.4997023809523809 0.010416666666666666 0.015119047619047593
2 0.48671875 0.4979166666666667 0.021354166666666667 0.014166666666666666
2 0.50927734375 0.49333333333333335 0.015690104166666666 0.019166666666666665
2 0.4660714285714286 0.5027976190476191 0.0071428571428571765 0.015833333333333335
2 0.46131365740740743 0.5048148148148148 0.004456018518518453 0.01925925925925924
2 0.4531622023809524 0.5049999999999999 0.01763392857142859 0.024285714285714258
2 0.44947916666666665 0.51625 0.0026041666666666665 0.015
2 0.4377976190476191 0.5139880952380953 0.020833333333333332 0.02821428571428574
5 0.4705729166666667 0.46166666666666667 0.04010416666666667 0.016666666666666666
0 0.5439453125 0.5265625 0.012109375 0.05375
2 0.40975115740740736 0.5263888888888889 0.028761574074074047 0.039074074074074094
2 0.389453125 0.53296875 0.038802083333333334 0.04052083333333333
2 0.3263020833333333 0.5466666666666666 0.06510416666666667 0.07166666666666667
2 0.23663194444444446 0.5718981481481482 0.10740740740740741 0.10990740740740733
2 0.4330328525641026 0.49669871794871806 0.013421474358974332 0.004166666666666667
