2 0.26953125 0.6008333333333333 0.11510416666666666 0.09833333333333333
2 0.34401041666666665 0.5783333333333334 0.0640625 0.08
2 0.43046875 0.5454166666666667 0.030729166666666665 0.04083333333333333
0 0.7622395833333333 0.66 0.08489583333333334 0.315
2 0.6338541666666667 0.5666666666666667 0.059375 0.06333333333333334
5 0.9208333333333333 0.7258333333333333 0.15833333333333333 0.48833333333333334
5 0.8278645833333333 0.6079166666666667 0.2859375 0.32416666666666666
7 0.6328125 0.48541666666666666 0.019791666666666666 0.030833333333333334
2 0.44765625 0.5420833333333334 0.011979166666666667 0.035833333333333335
5 0.45859375 0.53375 0.019270833333333334 0.0325
2 0.5065104166666666 0.5216666666666666 0.013020833333333334 0.013333333333333334
2 0.4861979166666667 0.525 0.0078125 0.015
5 0.46953125 0.53125 0.008854166666666666 0.02666666666666667
2 0.47734375 0.5266666666666666 0.011979166666666667 0.020833333333333332
2 0.54375 0.5241666666666667 0.013541666666666667 0.018333333333333333
5 0.5359375 0.5175 0.011458333333333333 0.021666666666666667
2 0.36302083333333335 0.5495833333333333 0.03333333333333333 0.035833333333333335
2 0.6747395833333333 0.5966666666666667 0.043229166666666666 0.105
