5 0.8336309523809524 0.5772619047619049 0.3327380952380951 0.4814285714285714
2 0.6567336309523809 0.5519047619047619 0.06659226190476181 0.18357142857142852
2 0.5972916666666668 0.5365 0.021250000000000095 0.05299999999999992
2 0.53984375 0.5016071428571428 0.011979166666666667 0.017738095238095185
2 0.48515625 0.5025 0.005729166666666666 0.013333333333333334
2 0.5015625 0.4998106060606061 0.020833333333333332 0.015378787878787725
2 0.5279017857142858 0.4971428571428572 0.016666666666666666 0.016666666666666666
2 0.47708333333333336 0.5054166666666666 0.010416666666666666 0.0175
2 0.4700520833333333 0.508287037037037 0.0067708333333333336 0.023425925925925906
2 0.45870535714285715 0.5089880952380952 0.021875 0.0325
2 0.4515625 0.5183333333333333 0.010416666666666666 0.03
2 0.4353050595238095 0.5207738095238096 0.028497023809523844 0.037261904761904815
0 0.6161458333333333 0.5595833333333333 0.0296875 0.135
2 0.37083333333333335 0.544404761904762 0.05193452380952384 0.06547619047619056
2 0.321875 0.5591666666666667 0.08229166666666667 0.07333333333333333
2 0.07483723958333334 0.6332291666666666 0.14967447916666668 0.22083333333333333
2 0.4351562500000001 0.49878787878787895 0.020407196969697002 0.005
