2 0.04479166666666667 0.5770833333333333 0.08958333333333333 0.10583333333333333
2 0.58203125 0.5500694444444444 0.05138888888888893 0.06902777777777781
5 0.5548177083333333 0.5260416666666666 0.045572916666666664 0.0775
5 0.18567708333333333 0.53875 0.15989583333333332 0.10083333333333333
5 0.2671875 0.5445833333333333 0.0578125 0.07333333333333333
2 0.5174479166666667 0.52 0.008854166666666666 0.011666666666666667
2 0.48727213541666664 0.5178125 0.018815104166666666 0.012916666666666667
2 0.5088169642857143 0.5151190476190476 0.015699404761904744 0.015238095238095184
2 0.47109375 0.5216666666666666 0.0046875 0.013333333333333334
2 0.4609002976190476 0.5241071428571428 0.014360119047619099 0.0225
2 0.4506944444444444 0.5296759259259259 0.017824074074074048 0.023425925925925906
5 0.5215711805555555 0.48354166666666665 0.03359374999999994 0.02013888888888886
0 0.5301339285714286 0.5364285714285715 0.006547619047619098 0.04142857142857139
2 0.4339518229166667 0.5386979166666667 0.019986979166666665 0.029479166666666667
2 0.42233072916666664 0.5421875 0.025651041666666666 0.029375
2 0.3958333333333333 0.5469444444444446 0.02986111111111107 0.04222222222222219
2 0.3641203703703704 0.5541666666666667 0.04375 0.0531481481481481
2 0.44583333333333336 0.515297619047619 0.008035714285714294 0.004166666666666667
