2 0.6443824404761905 0.5608333333333333 0.10543154761904769 0.13
5 0.5755208333333334 0.5116666666666667 0.06614583333333333 0.11333333333333333
5 0.03567708333333333 0.57 0.07135416666666666 0.14666666666666667
5 0.08522135416666667 0.5517708333333333 0.153515625 0.12145833333333333
2 0.5397916666666666 0.5116666666666667 0.010208333333333286 0.03799999999999992
2 0.5172526041666666 0.5014583333333333 0.009765625 0.014166666666666666
2 0.4857291666666667 0.4998333333333333 0.020833333333333332 0.015
2 0.5082217261904761 0.49654761904761907 0.016889880952380962 0.018571428571428614
2 0.46649305555555554 0.5052777777777778 0.005555555555555595 0.014444444444444381
2 0.45360863095238096 0.5078571428571429 0.01674107142857141 0.02571428571428574
2 0.4393229166666667 0.5151041666666667 0.02109375 0.026458333333333334
5 0.4830729166666667 0.465 0.04010416666666667 0.02
0 0.5389880952380952 0.5255357142857142 0.011904761904761862 0.05011904761904759
2 0.4152777777777778 0.5266666666666666 0.026388888888888927 0.036481481481481524
2 0.3975446428571428 0.5321428571428573 0.035863095238095194 0.03714285714285713
2 0.3459375 0.5434166666666668 0.054374999999999986 0.06216666666666668
2 0.2796223958333333 0.5620833333333334 0.08372395833333333 0.09083333333333334
2 0.4348958333333333 0.5002083333333334 0.011979166666666667 0.004166666666666667
