2 0.28046875 0.5691666666666667 0.10260416666666666 0.08833333333333333
2 0.3455729166666667 0.5491666666666667 0.059895833333333336 0.075
2 0.4239583333333333 0.52 0.030208333333333334 0.04
0 0.66171875 0.5929166666666666 0.0515625 0.21083333333333334
2 0.61640625 0.5395833333333333 0.05364583333333333 0.059166666666666666
5 0.8721354166666667 0.5708333333333333 0.2557291666666667 0.7133333333333334
5 0.748046875 0.5685416666666666 0.16692708333333334 0.25958333333333333
7 0.6171875 0.4633333333333333 0.01875 0.03166666666666667
2 0.440625 0.5170833333333333 0.010416666666666666 0.034166666666666665
5 0.4505208333333333 0.5091666666666667 0.01875 0.03166666666666667
2 0.49661458333333336 0.4979166666666667 0.013020833333333334 0.0125
2 0.4783854166666667 0.5008333333333334 0.0078125 0.015
5 0.46145833333333336 0.5075 0.009375 0.025
2 0.46979166666666666 0.5029166666666667 0.011979166666666667 0.020833333333333332
2 0.5346354166666667 0.5016666666666667 0.011979166666666667 0.015
5 0.5265625 0.49166666666666664 0.011458333333333333 0.021666666666666667
2 0.3580729166666667 0.5195833333333333 0.0328125 0.029166666666666667
2 0.6414583333333332 0.5711666666666666 0.02145833333333324 0.08433333333333337
