5 0.37213541666666666 0.5229166666666666 0.07218750000000002 0.11149999999999996
2 0.18854166666666666 0.5520833333333334 0.06666666666666667 0.060833333333333336
2 0.26484375 0.5404166666666667 0.05572916666666667 0.0625
2 0.3126953125 0.5394791666666666 0.051171875 0.03145833333333333
2 0.5959635416666667 0.5011458333333333 0.028125 0.008541666666666666
2 0.6723958333333333 0.515 0.05625 0.035
2 0.4557291666666667 0.515 0.007291666666666667 0.01
2 0.4625 0.5113888888888889 0.007291666666666667 0.008333333333333333
2 0.6395833333333333 0.50625 0.046875 0.0275
2 0.134375 0.5583333333333333 0.04583333333333333 0.056666666666666664
2 0.4147569444444444 0.5136111111111111 0.012847222222222203 0.008333333333333333
2 0.7075520833333333 0.50375 0.009895833333333333 0.0075
