5 0.3615104166666666 0.5144166666666666 0.058854166666666666 0.09383333333333325
2 0.19583333333333333 0.53375 0.057291666666666664 0.050833333333333335
2 0.26223958333333336 0.52625 0.04739583333333333 0.050833333333333335
2 0.290625 0.5272222222222223 0.015625 0.02777777777777781
2 0.562109375 0.501875 0.0296875 0.008333333333333333
2 0.622265625 0.51625 0.04348958333333333 0.0275
2 0.4243923611111111 0.5100000000000001 0.007465277777777738 0.010555555555555618
2 0.43064236111111115 0.5073611111111112 0.007118055555555595 0.006388888888888952
2 0.5959201388888888 0.5068055555555556 0.03975694444444441 0.023055555555555524
0 0.3 0.5333333333333333 0.008333333333333333 0.04
2 0.1625 0.5283333333333333 0.0125 0.02666666666666667
