5 0.371875 0.53125 0.10625 0.15416666666666667
2 0.15208333333333332 0.5633333333333334 0.096875 0.07666666666666666
2 0.24713541666666666 0.545 0.07864583333333333 0.06666666666666667
2 0.3020833333333333 0.5445833333333333 0.03958333333333333 0.034166666666666665
2 0.6526041666666667 0.503125 0.04583333333333333 0.010416666666666666
2 0.7587239583333333 0.5214583333333334 0.07838541666666667 0.042083333333333334
2 0.4934895833333333 0.51625 0.0078125 0.010833333333333334
2 0.5005208333333333 0.51375 0.007291666666666667 0.008333333333333333
2 0.7065104166666666 0.5101388888888888 0.05295138888888881 0.03194444444444438
2 0.08567708333333333 0.5704166666666667 0.0671875 0.06916666666666667
2 0.4471354166666667 0.51625 0.0203125 0.0125
2 0.7955729166666666 0.5008333333333334 0.044270833333333336 0.023333333333333334
2 0.4879340277777778 0.5098611111111111 0.003993055555555595 0.004166666666666667
2 0.2162326388888889 0.533888888888889 0.013368055555555536 0.013333333333333334
2 0.028645833333333332 0.5608333333333333 0.04791666666666667 0.028333333333333332
2 0.42864583333333334 0.5189583333333333 0.0125 0.017083333333333332
2 0.045572916666666664 0.5529166666666666 0.024479166666666666 0.0175
2 0.00859375 0.5795833333333333 0.0171875 0.019166666666666665
2 0.2 0.5395833333333333 0.01875 0.0125
