5 0.3533854166666667 0.52125 0.05322916666666663 0.08516666666666661
2 0.19453125 0.5370833333333334 0.049479166666666664 0.0475
2 0.25677083333333334 0.5229166666666667 0.042708333333333334 0.0325
2 0.28984375 0.5316666666666666 0.025520833333333333 0.025
2 0.5415364583333333 0.5128125 0.027083333333333334 0.008125
2 0.596875 0.5279166666666667 0.040625 0.0275
2 0.40694444444444444 0.5193055555555556 0.007291666666666667 0.009166666666666667
2 0.4126736111111111 0.5166666666666667 0.00625 0.006666666666666667
2 0.5739583333333333 0.5183333333333333 0.0375 0.02
0 0.2975694444444444 0.5333333333333334 0.008333333333333333 0.03722222222222229
