5 0.32578125 0.49541666666666667 0.058854166666666666 0.07583333333333334
2 0.19895833333333332 0.53875 0.13645833333333332 0.12916666666666668
2 0.4940104166666667 0.5283333333333333 0.05364583333333333 0.075
2 0.5955729166666667 0.53625 0.06510416666666667 0.0725
2 0.5455729166666666 0.5083333333333333 0.027604166666666666 0.03
2 0.5294270833333333 0.5 0.018229166666666668 0.02666666666666667
5 0.46848958333333335 0.4895833333333333 0.013020833333333334 0.035833333333333335
2 0.440625 0.495 0.008333333333333333 0.013333333333333334
2 0.49583333333333335 0.4845833333333333 0.04583333333333333 0.059166666666666666
4 0.4986979166666667 0.4741666666666667 0.0421875 0.07333333333333333
2 0.528125 0.48625 0.013541666666666667 0.009166666666666667
0 0.04192708333333333 0.5091666666666667 0.021354166666666667 0.056666666666666664
2 0.45260416666666664 0.49583333333333335 0.019791666666666666 0.018333333333333333
2 0.36223958333333334 0.49875 0.008854166666666666 0.010833333333333334
