2 0.4817708333333333 0.6016666666666667 0.13020833333333334 0.17666666666666667
2 0.5653645833333333 0.5304166666666666 0.04114583333333333 0.04416666666666667
5 0.24375 0.5170833333333333 0.10208333333333333 0.1075
4 0.48776041666666664 0.48333333333333334 0.08489583333333334 0.11166666666666666
2 0.43128276766004514 0.5116666666666667 0.014952400662252311 0.018333333333333333
2 0.5424479166666667 0.52375 0.025520833333333333 0.0325
2 0.5338541666666666 0.5204166666666666 0.023958333333333335 0.03916666666666667
2 0.5796875 0.5158333333333334 0.03125 0.021666666666666667
6 0.3763020833333333 0.45708333333333334 0.019270833333333334 0.0075
2 0.6114583333333333 0.5120833333333333 0.03229166666666667 0.020833333333333332
