2 0.48151041666666666 0.6 0.12864583333333332 0.17833333333333334
2 0.6205729166666667 0.525 0.058854166666666666 0.04
2 0.5453975340136055 0.5238180272108843 0.030038265306122486 0.03403061224489799
2 0.5375 0.5179166666666667 0.01875 0.034166666666666665
4 0.49322916666666666 0.43583333333333335 0.06041666666666667 0.023333333333333334
2 0.4318576388888889 0.5120833333333333 0.013715277777777738 0.0175
5 0.24446022727272723 0.5175 0.1024621212121211 0.11166666666666666
5 0.48880208333333336 0.47791666666666666 0.0796875 0.0675
2 0.53359375 0.49916666666666665 0.011979166666666667 0.008333333333333333
0 0.050520833333333334 0.5383333333333333 0.007291666666666667 0.051666666666666666
2 0.39921875 0.5141666666666667 0.03177083333333333 0.021666666666666667
