5 0.30755208333333334 0.5025 0.0671875 0.08333333333333333
2 0.08880208333333334 0.5695833333333333 0.17760416666666667 0.1875
2 0.4921875 0.5395833333333333 0.06458333333333334 0.09083333333333334
2 0.5877604166666667 0.5345833333333333 0.059895833333333336 0.0675
2 0.5453125 0.5116666666666667 0.029166666666666667 0.03166666666666667
2 0.5309895833333333 0.5033333333333333 0.016145833333333335 0.025
5 0.46432291666666664 0.4945833333333333 0.009895833333333333 0.0375
5 0.4552083333333333 0.4979166666666667 0.009375 0.019166666666666665
2 0.4395833333333333 0.5 0.0125 0.015
2 0.4940104166666667 0.4870833333333333 0.0515625 0.06916666666666667
4 0.49713541666666666 0.45625 0.0453125 0.0425
2 0.5286458333333334 0.4895833333333333 0.014583333333333334 0.009166666666666667
2 0.3723958333333333 0.5 0.027083333333333334 0.013333333333333334
