2 0.48151041666666666 0.5933333333333334 0.12760416666666666 0.175
2 0.5743055555555555 0.5264351851851852 0.03981481481481476 0.04768518518518514
2 0.544460655120482 0.5210291164658637 0.026421310240964148 0.03458835341365443
2 0.5380208333333333 0.5129166666666667 0.01875 0.0325
4 0.4934895833333333 0.4320833333333333 0.059895833333333336 0.0225
2 0.43046875 0.5091666666666667 0.008854166666666666 0.016666666666666666
5 0.24752197265625 0.5143098958333333 0.1006103515625 0.10911458333333333
5 0.48802083333333335 0.47583333333333333 0.078125 0.06333333333333334
2 0.53359375 0.495 0.011979166666666667 0.008333333333333333
0 0.07994791666666666 0.5320833333333334 0.0078125 0.04416666666666667
2 0.29348958333333336 0.51625 0.0171875 0.0175
