5 0.29322916666666665 0.5033333333333333 0.075 0.09
2 0.02421875 0.58125 0.0484375 0.21916666666666668
2 0.4903645833333333 0.5470833333333334 0.07552083333333333 0.1075
2 0.584375 0.5304166666666666 0.05520833333333333 0.0625
2 0.5455729166666666 0.51125 0.028645833333333332 0.0325
2 0.5328125 0.5033333333333333 0.016666666666666666 0.025
5 0.46197916666666666 0.49416666666666664 0.007291666666666667 0.03833333333333333
5 0.45390625 0.49875 0.009895833333333333 0.019166666666666665
2 0.43854166666666666 0.5008333333333334 0.0125 0.015
2 0.4934895833333333 0.4870833333333333 0.0578125 0.07916666666666666
4 0.49661458333333336 0.4504166666666667 0.049479166666666664 0.04083333333333333
2 0.53046875 0.4891666666666667 0.0140625 0.008333333333333333
2 0.40078125 0.5020833333333333 0.03177083333333333 0.019166666666666665
0 0.16953125 0.5129166666666667 0.008854166666666666 0.04083333333333333
