2 0.4875 0.5725 0.09583333333333334 0.14
2 0.5763020833333333 0.5308333333333334 0.04739583333333333 0.058333333333333334
2 0.5473958333333333 0.51625 0.027083333333333334 0.034166666666666665
2 0.534375 0.50875 0.01875 0.030833333333333334
4 0.49505208333333334 0.44666666666666666 0.05677083333333333 0.041666666666666664
2 0.45286458333333335 0.4990625 0.00703125 0.013125
2 0.4421875 0.5066666666666667 0.027083333333333334 0.02
5 0.2700462962962961 0.5085833333333339 0.08814814814814792 0.10075925925925958
2 0.37083333333333335 0.5083333333333333 0.03854166666666667 0.02
5 0.49140625 0.47333333333333333 0.06822916666666666 0.058333333333333334
2 0.5315104166666667 0.49166666666666664 0.015104166666666667 0.008333333333333333
0 0.14427083333333332 0.525 0.009375 0.043333333333333335
