5 0.29192708333333334 0.50375 0.07552083333333333 0.09083333333333334
2 0.0203125 0.58125 0.040625 0.21916666666666668
2 0.490625 0.5475 0.07604166666666666 0.10833333333333334
2 0.5841145833333333 0.5304166666666666 0.05572916666666667 0.0625
2 0.5455729166666666 0.51125 0.028645833333333332 0.0325
2 0.5328125 0.5029166666666667 0.016666666666666666 0.025833333333333333
5 0.46171875 0.49416666666666664 0.0067708333333333336 0.03833333333333333
5 0.45390625 0.4979166666666667 0.009895833333333333 0.019166666666666665
2 0.43828125 0.5008333333333334 0.013020833333333334 0.015
2 0.4934895833333333 0.4866666666666667 0.0578125 0.08
4 0.49661458333333336 0.44916666666666666 0.049479166666666664 0.04
2 0.53046875 0.4891666666666667 0.0140625 0.008333333333333333
2 0.40260416666666665 0.5016666666666667 0.03125 0.02
0 0.16822916666666668 0.5133333333333333 0.008333333333333333 0.04
