5 0.3546875 0.5158333333333334 0.04479166666666667 0.06166666666666667
2 0.31953125 0.5420833333333334 0.06822916666666666 0.0775
2 0.2140625 0.5716666666666667 0.11145833333333334 0.11
2 0.49557291666666664 0.5395833333333333 0.04010416666666667 0.05416666666666667
2 0.6125 0.5691666666666667 0.07604166666666666 0.08333333333333333
2 0.5432291666666667 0.5279166666666667 0.026041666666666668 0.029166666666666667
2 0.52578125 0.52 0.018229166666666668 0.025
5 0.47265625 0.51 0.0140625 0.03166666666666667
5 0.4609375 0.5129166666666667 0.010416666666666666 0.0175
2 0.44583333333333336 0.515 0.011458333333333333 0.013333333333333334
5 0.5684895833333333 0.5116666666666667 0.0296875 0.016666666666666666
2 0.49661458333333336 0.50625 0.034895833333333334 0.04583333333333333
4 0.4986979166666667 0.49833333333333335 0.033854166666666664 0.06166666666666667
2 0.52578125 0.5070833333333333 0.011979166666666667 0.0075
2 0.029947916666666668 0.6241666666666666 0.059895833333333336 0.2
0 0.16041666666666668 0.5279166666666667 0.008333333333333333 0.04083333333333333
2 0.39739583333333334 0.5154166666666666 0.022916666666666665 0.010833333333333334
