2 0.31419270833333335 0.5504166666666667 0.06692708333333333 0.06666666666666667
6 0.58046875 0.31958333333333333 0.0296875 0.019166666666666665
2 0.9844270833333333 0.5357500000000001 0.03114583333333331 0.05550000000000002
2 0.49244791666666665 0.5108333333333334 0.019270833333333334 0.025
4 0.4901041666666667 0.49833333333333335 0.021875 0.045
2 0.5078125 0.5041666666666667 0.0125 0.013333333333333334
6 0.005729166666666666 0.25583333333333336 0.011458333333333333 0.028333333333333332
6 0.07473958333333333 0.29291666666666666 0.03697916666666667 0.030833333333333334
2 0.36744791666666665 0.5675 0.08697916666666666 0.09166666666666666
6 0.7386363636363636 0.42246212121212123 0.01373106060606067 0.01977272727272729
6 0.7168526785714285 0.42541666666666667 0.005282738095238197 0.0175
6 0.48020833333333335 0.3254166666666667 0.030208333333333334 0.019166666666666665
6 0.15234375 0.4575 0.0140625 0.018333333333333333
6 0.17451636904761908 0.4599404761904762 0.0067708333333333336 0.0175
