2 0.48411458333333335 0.5858333333333333 0.11614583333333334 0.16
2 0.5700520833333333 0.5304166666666666 0.04114583333333333 0.0525
2 0.5441531752008032 0.5203263052208836 0.025806350401606556 0.034869477911646525
2 0.5364583333333334 0.5154166666666666 0.01875 0.0325
4 0.4942708333333333 0.43125 0.058333333333333334 0.019166666666666665
2 0.44921875 0.5058333333333334 0.0078125 0.02
5 0.25306372549019607 0.5130392156862746 0.0971200980392157 0.10784313725490202
2 0.430078125 0.5097916666666666 0.03359375 0.022083333333333333
5 0.4895833333333333 0.47791666666666666 0.075 0.0675
2 0.5333333333333333 0.49583333333333335 0.0125 0.01
0 0.11588541666666667 0.5291666666666667 0.008854166666666666 0.041666666666666664
