5 0.31614583333333335 0.5008333333333334 0.06354166666666666 0.08
2 0.1328125 0.5570833333333334 0.18229166666666666 0.15916666666666668
2 0.49296875 0.5358333333333334 0.059895833333333336 0.08333333333333333
2 0.5908854166666667 0.5370833333333334 0.06302083333333333 0.06916666666666667
2 0.5453125 0.5120833333333333 0.028125 0.030833333333333334
2 0.5302083333333333 0.50375 0.017708333333333333 0.025833333333333333
5 0.465625 0.49375 0.010416666666666666 0.035833333333333335
5 0.45625 0.4975 0.009375 0.018333333333333333
2 0.440625 0.4995833333333333 0.0125 0.015833333333333335
2 0.49453125 0.48791666666666667 0.0484375 0.06416666666666666
4 0.49765625 0.4658333333333333 0.044270833333333336 0.056666666666666664
2 0.5283854166666667 0.49 0.0140625 0.008333333333333333
2 0.365625 0.50125 0.028125 0.0175
