2 0.3140625 0.5758333333333333 0.10416666666666667 0.08666666666666667
6 0.6765625 0.28458333333333335 0.040625 0.024166666666666666
2 0.5466145833333333 0.5329166666666667 0.0203125 0.025833333333333333
4 0.5440104166666667 0.51875 0.022395833333333334 0.04583333333333333
6 0.8971354166666666 0.4320833333333333 0.021354166666666667 0.029166666666666667
6 0.8630208333333333 0.43666666666666665 0.010416666666666666 0.02666666666666667
6 0.53984375 0.2875 0.04010416666666667 0.02666666666666667
6 0.11223958333333334 0.445 0.019270833333333334 0.025
2 0.50546875 0.52375 0.03177083333333333 0.019166666666666665
6 0.1431547619047619 0.44785714285714295 0.011458333333333333 0.02714285714285713
