5 0.3151041666666667 0.5016666666666667 0.06354166666666666 0.08
2 0.1265625 0.5591666666666667 0.18645833333333334 0.16333333333333333
2 0.49270833333333336 0.5370833333333334 0.059375 0.08416666666666667
2 0.590625 0.5375 0.0625 0.06833333333333333
2 0.5453125 0.5120833333333333 0.028125 0.030833333333333334
2 0.5299479166666666 0.5041666666666667 0.0171875 0.025
5 0.46588541666666666 0.4945833333333333 0.0109375 0.035833333333333335
5 0.45598958333333334 0.49833333333333335 0.009895833333333333 0.018333333333333333
2 0.44036458333333334 0.5004166666666666 0.011979166666666667 0.014166666666666666
2 0.49453125 0.48791666666666667 0.0484375 0.06416666666666666
4 0.4973958333333333 0.4658333333333333 0.04375 0.055
2 0.5283854166666667 0.49 0.0140625 0.008333333333333333
2 0.36614583333333334 0.50125 0.030208333333333334 0.0175
