4 0.49244791666666665 0.5158333333333334 0.06197916666666667 0.11
2 0.5794270833333334 0.5479166666666667 0.058854166666666666 0.06916666666666667
2 0.7505208333333333 0.6408333333333334 0.24791666666666667 0.21833333333333332
2 0.93125 0.785 0.1375 0.43
5 0.19583333333333333 0.5633333333333334 0.39166666666666666 0.5516666666666666
2 0.9234375 0.5290833333333332 0.13531249999999997 0.07949999999999999
2 0.8449652777777777 0.5137962962962962 0.09722222222222214 0.06370370370370362
2 0.9723958333333333 0.5020833333333333 0.05520833333333333 0.07583333333333334
2 0.40651041666666665 0.5570833333333334 0.0578125 0.0675
2 0.70859375 0.5654166666666667 0.19739583333333333 0.10083333333333333
2 0.43802083333333336 0.5458333333333333 0.026041666666666668 0.045
2 0.5549479166666667 0.5354166666666667 0.03802083333333333 0.060833333333333336
2 0.5333705357142856 0.5351785714285715 0.010491071428571292 0.0363095238095237
2 0.45286458333333335 0.5241666666666667 0.0140625 0.016666666666666666
2 0.7230282738095238 0.505 0.06019345238095243 0.02476190476190472
2 0.9893229166666667 0.5070833333333333 0.021354166666666667 0.0675
