4 0.8919270833333334 0.5075 0.21614583333333334 0.3383333333333333
2 0.6872395833333332 0.5602777777777778 0.2029513888888888 0.12944444444444447
6 0.04739583333333333 0.4579166666666667 0.01875 0.0225
5 0.29988839285714286 0.5549404761904762 0.12968750000000004 0.11535714285714287
6 0.31295572916666664 0.2990625 0.012890625 0.06479166666666666
6 0.08385416666666666 0.45458333333333334 0.0125 0.0225
6 0.4313616071428571 0.2976190476190476 0.013020833333333334 0.06452380952380948
6 0.5341145833333333 0.44083333333333335 0.0078125 0.023333333333333334
6 0.5578125 0.4379166666666667 0.014583333333333334 0.020833333333333332
6 0.783984375 0.06958333333333333 0.03359375 0.1325
6 0.6845238095238095 0.1655357142857143 0.024404761904761922 0.10440476190476194
2 0.4192708333333333 0.5208333333333334 0.009375 0.013333333333333334
2 0.7864583333333334 0.5304166666666666 0.005208333333333333 0.019166666666666665
