4 0.7231770833333333 0.5166666666666667 0.20677083333333332 0.3466666666666667
2 0.8817708333333333 0.5491666666666667 0.11875 0.08333333333333333
2 0.13177083333333334 0.5791666666666667 0.13854166666666667 0.07333333333333333
0 0.9575520833333333 0.5420833333333334 0.018229166666666668 0.06416666666666666
2 0.9424479166666667 0.5366666666666666 0.0296875 0.03666666666666667
2 0.9947916666666666 0.5391666666666667 0.010416666666666666 0.04
2 0.018229166666666668 0.5766666666666667 0.036458333333333336 0.058333333333333334
5 0.44453125 0.54875 0.08802083333333334 0.08083333333333333
6 0.35885416666666664 0.12208333333333334 0.023958333333333335 0.12583333333333332
6 0.15546875 0.12541666666666668 0.0296875 0.1225
6 0.20182291666666666 0.34625 0.015104166666666667 0.049166666666666664
6 0.24895833333333334 0.3616666666666667 0.0125 0.043333333333333335
6 0.45338541666666665 0.3725 0.0078125 0.03666666666666667
6 0.5364583333333334 0.36791666666666667 0.008333333333333333 0.0375
6 0.7033854166666667 0.3016666666666667 0.015104166666666667 0.055
6 0.7502604166666667 0.26 0.018229166666666668 0.06166666666666667
