4 0.7416666666666667 0.5158333333333334 0.22083333333333333 0.36666666666666664
2 0.9065104166666667 0.55 0.1203125 0.08833333333333333
2 0.06536458333333334 0.5791666666666667 0.13072916666666667 0.07666666666666666
0 0.9809895833333333 0.5420833333333334 0.021354166666666667 0.06916666666666667
2 0.9653645833333333 0.5383333333333333 0.016145833333333335 0.03666666666666667
2 0.01484375 0.5758333333333333 0.0296875 0.06
5 0.44505208333333335 0.54875 0.09427083333333333 0.08416666666666667
6 0.3458333333333333 0.07625 0.027083333333333334 0.13916666666666666
6 0.12083333333333333 0.08 0.034375 0.13833333333333334
6 0.18880208333333334 0.33541666666666664 0.016145833333333335 0.0525
6 0.23958333333333334 0.35208333333333336 0.013541666666666667 0.04583333333333333
6 0.453125 0.365 0.008333333333333333 0.03833333333333333
6 0.540625 0.36083333333333334 0.008333333333333333 0.04
6 0.71640625 0.2875 0.015104166666666667 0.056666666666666664
6 0.7697916666666667 0.24083333333333334 0.020833333333333332 0.07
