4 0.8609375 0.5120833333333333 0.278125 0.35583333333333333
2 0.6822916666666666 0.55625 0.090625 0.10916666666666666
5 0.38671875 0.5504166666666667 0.1140625 0.10083333333333333
6 0.04583333333333333 0.27958333333333335 0.022916666666666665 0.06916666666666667
6 0.12421875 0.30833333333333335 0.018229166666666668 0.056666666666666664
6 0.3958333333333333 0.33 0.010416666666666666 0.04833333333333333
6 0.49947916666666664 0.325 0.010416666666666666 0.04833333333333333
6 0.72265625 0.21875 0.0203125 0.07416666666666667
6 0.8018229166666667 0.14416666666666667 0.027604166666666666 0.1
2 0.025260416666666667 0.7945833333333333 0.050520833333333334 0.2425
