4 0.8945963541666667 0.48572916666666666 0.21080729166666667 0.43604166666666666
2 0.6057291666666667 0.5675 0.25416666666666665 0.16583333333333333
5 0.11302083333333333 0.56625 0.18541666666666667 0.1525
6 0.12973958333333332 0.23533333333333337 0.019062499999999982 0.08466666666666668
6 0.2884114583333333 0.2409722222222222 0.0167534722222222 0.07916666666666665
6 0.41770833333333335 0.4216666666666667 0.009375 0.028333333333333332
6 0.44583333333333336 0.41833333333333333 0.01875 0.025
6 0.6046875 0.05926282051282051 0.03125 0.11852564102564102
2 0.30904947916666664 0.5214583333333334 0.018359375 0.02
2 0.2703125 0.51875 0.016666666666666666 0.015833333333333335
2 0.7366927083333333 0.5325 0.04848958333333329 0.0475
2 0.7643229166666666 0.52375 0.03697916666666667 0.045
0 0.7864583333333334 0.5395833333333333 0.017708333333333333 0.09416666666666666
