4 0.8919270833333334 0.5066666666666667 0.21614583333333334 0.34
2 0.686111111111111 0.5599537037037037 0.20462962962962952 0.13009259259259257
6 0.04244791666666667 0.4579166666666667 0.018229166666666668 0.0225
5 0.29683779761904766 0.5551190476190475 0.13072916666666673 0.11595238095238093
6 0.30979817708333335 0.29796875 0.0130859375 0.06510416666666667
6 0.07942708333333333 0.45458333333333334 0.013020833333333334 0.0225
6 0.42883184523809526 0.29630952380952374 0.013020833333333334 0.06476190476190472
6 0.5319444444444444 0.4402777777777777 0.007986111111111072 0.023333333333333334
6 0.5557291666666667 0.4370833333333333 0.014583333333333334 0.020833333333333332
6 0.7831380208333333 0.06770833333333333 0.033984375 0.13208333333333333
6 0.6830729166666667 0.16333333333333333 0.024479166666666666 0.105
2 0.4200520833333333 0.5204166666666666 0.015104166666666667 0.0125
2 0.7856770833333333 0.5295833333333333 0.0067708333333333336 0.0225
