4 0.8878255208333333 0.5094791666666667 0.22434895833333332 0.314375
2 0.7027994791666666 0.55859375 0.155859375 0.1184375
6 0.14241536458333334 0.4735416666666667 0.0154296875 0.019166666666666665
6 0.006423611111111112 0.26625 0.012847222222222223 0.0836111111111111
6 0.0876736111111111 0.2994444444444444 0.019791666666666666 0.07111111111111114
5 0.3641059027777777 0.5570138888888889 0.11571180555555553 0.10597222222222219
6 0.3746527777777777 0.3244444444444445 0.012152777777777856 0.05944444444444438
6 0.17352430555555556 0.46972222222222226 0.010590277777777797 0.02
6 0.4817708333333333 0.31958333333333333 0.011458333333333333 0.059166666666666666
6 0.5778645833333333 0.4504166666666667 0.0078125 0.020833333333333332
6 0.5999131944444446 0.44736111111111104 0.0140625 0.019166666666666665
6 0.7960069444444445 0.1236111111111111 0.028819444444444405 0.12222222222222222
6 0.7128255208333333 0.2025 0.022526041666666666 0.09375
1 0.09442708333333333 0.585 0.017812499999999995 0.045
0 0.08177083333333333 0.5675 0.026041666666666668 0.085
0 0.045572916666666664 0.5695833333333333 0.018229166666666668 0.08916666666666667
0 0.030989583333333334 0.5666666666666667 0.016145833333333335 0.08833333333333333
2 0.4694196428571429 0.5254761904761904 0.010863095238095255 0.010952380952380925
