4 0.8915364583333333 0.4822916666666667 0.21692708333333333 0.41208333333333336
2 0.6281539351851853 0.5599537037037036 0.24137731481481475 0.15638888888888877
5 0.16614583333333333 0.5591666666666667 0.16979166666666667 0.14166666666666666
6 0.17994791666666668 0.25 0.0171875 0.08
6 0.32563657407407404 0.25263888888888886 0.01620370370370369 0.07527777777777776
6 0.44826388888888885 0.42263888888888895 0.009375 0.026944444444444524
6 0.4752604166666667 0.41875 0.016145833333333335 0.024166666666666666
6 0.7606770833333333 0.00625 0.03802083333333333 0.0125
6 0.6270833333333333 0.07520833333333334 0.030208333333333334 0.12875
2 0.3373263888888889 0.5179166666666667 0.016319444444444404 0.019166666666666665
2 0.3104166666666667 0.5160416666666666 0.0140625 0.014583333333333334
2 0.7570312499999999 0.5273611111111111 0.053993055555555475 0.0475
2 0.7791666666666667 0.51875 0.019791666666666666 0.04416666666666667
