2 0.8424479166666666 0.7383333333333333 0.3151041666666667 0.3883333333333333
2 0.96171875 0.5204166666666666 0.0765625 0.07416666666666667
2 0.76328125 0.5879166666666666 0.24427083333333333 0.1425
2 0.8953125 0.52 0.128125 0.065
2 0.3888020833333333 0.575 0.0765625 0.08833333333333333
2 0.5966145833333333 0.5575 0.0703125 0.08
2 0.5677083333333334 0.5433333333333333 0.04375 0.07
2 0.43203125 0.5541666666666667 0.0328125 0.05333333333333334
5 0.4986979166666667 0.5175 0.0515625 0.09333333333333334
2 0.45859375 0.5275 0.015104166666666667 0.015
5 0.3572916666666667 0.5398333333333333 0.03250000000000005 0.041666666666666664
2 0.4119791666666667 0.525 0.022916666666666665 0.013333333333333334
2 0.43020833333333336 0.5275 0.014583333333333334 0.013333333333333334
5 0.16041666666666668 0.5058333333333334 0.32083333333333336 0.9883333333333333
0 0.2908854166666667 0.5725 0.0109375 0.025
2 0.29713541666666665 0.5529166666666666 0.0484375 0.0525
2 0.6908854166666667 0.5129166666666667 0.021354166666666667 0.0125
2 0.5419270833333333 0.5408333333333334 0.0109375 0.03666666666666667
2 0.5413690476190477 0.536547619047619 0.01577380952380961 0.03476190476190472
2 0.5397916666666666 0.5329999999999999 0.021041666666666656 0.03599999999999994
2 0.4671875 0.5241666666666667 0.0078125 0.015
2 0.37421875000000004 0.5312499999999999 0.011284722222222262 0.008611111111111049
2 0.37721354166666665 0.5254166666666666 0.020052083333333335 0.014166666666666666
2 0.39094122023809524 0.5242857142857144 0.01610863095238096 0.014166666666666666
2 0.40307291666666667 0.5275 0.024895833333333308 0.008333333333333333
2 0.6918323863636362 0.5297727272727273 0.04569128787878789 0.044545454545454485
2 0.8355568910256411 0.505576923076923 0.06550480769230767 0.031153846153846133
2 0.7350818452380953 0.523452380952381 0.1014136904761905 0.06047619047619056
2 0.8026041666666667 0.5095833333333334 0.021875 0.010833333333333334
2 0.66328125 0.5208333333333334 0.028645833333333332 0.02
