4 0.07057291666666667 0.5225 0.14114583333333333 0.6266666666666667
4 0.565625 0.5141666666666667 0.12291666666666666 0.21
4 0.37265625 0.5404166666666667 0.1109375 0.1475
2 0.6427083333333333 0.5358333333333334 0.03125 0.043333333333333335
2 0.6721354166666667 0.5625 0.0515625 0.08
2 0.7442708333333333 0.5754166666666667 0.125 0.15583333333333332
2 0.4361979166666667 0.5529166666666666 0.0234375 0.060833333333333336
2 0.93203125 0.79 0.1359375 0.3016666666666667
5 0.47890625 0.5066666666666667 0.06302083333333333 0.16166666666666665
2 0.8640625 0.53375 0.096875 0.05416666666666667
2 0.8296657986111111 0.5151041666666667 0.06254340277777785 0.033125
2 0.9430989583333333 0.5171666666666667 0.04348958333333333 0.05816666666666663
2 0.9819791666666667 0.519625 0.03604166666666657 0.04625
2 0.9633854166666667 0.5193333333333334 0.06489583333333329 0.05033333333333331
