2 0.3988020833333333 0.6289166666666666 0.3655208333333333 0.25416666666666665
4 0.9776041666666667 0.495 0.04479166666666667 0.325
2 0.09227430555555556 0.5397685185185186 0.020775462962962975 0.023240740740740763
2 0.5765625 0.56125 0.03229166666666667 0.050833333333333335
2 0.6146412037037038 0.5525925925925925 0.078125 0.0527777777777779
0 0.6337239583333333 0.5727083333333334 0.019010416666666665 0.10958333333333334
6 0.20615234375 0.40822916666666664 0.0248046875 0.03375
6 0.1660342261904762 0.4109523809523809 0.012723214285714294 0.03380952380952375
4 0.7995949074074074 0.5407407407407407 0.32106481481481475 0.26481481481481484
2 0.6700520833333333 0.54125 0.019270833333333334 0.019166666666666665
