4 0.7364583333333333 0.5170833333333333 0.215625 0.3591666666666667
2 0.89921875 0.5516666666666666 0.11927083333333334 0.08833333333333333
2 0.084375 0.5804166666666667 0.14166666666666666 0.07583333333333334
0 0.9744791666666667 0.5445833333333333 0.020833333333333332 0.06583333333333333
2 0.95859375 0.5404166666666667 0.0234375 0.0425
2 0.015885416666666666 0.5758333333333333 0.03177083333333333 0.06
5 0.44635416666666666 0.55 0.09270833333333334 0.08333333333333333
6 0.35182291666666665 0.09333333333333334 0.025520833333333333 0.135
6 0.134375 0.09708333333333333 0.03229166666666667 0.1325
6 0.19453125 0.34041666666666665 0.016145833333333335 0.0525
6 0.24348958333333334 0.35583333333333333 0.013020833333333334 0.045
6 0.4546875 0.36833333333333335 0.008333333333333333 0.03833333333333333
6 0.5401041666666667 0.36375 0.008333333333333333 0.03916666666666667
6 0.7135416666666666 0.29291666666666666 0.015625 0.05583333333333333
6 0.7640625 0.24916666666666668 0.019791666666666666 0.06833333333333333
