2 0.3272636217948718 0.6455128205128206 0.4144631410256411 0.2916666666666667
4 0.9703598484848485 0.49090909090909085 0.059280303030302996 0.32227272727272727
2 0.023697916666666666 0.5440277777777777 0.016145833333333335 0.02472222222222219
2 0.52578125 0.56 0.04010416666666667 0.051666666666666666
2 0.5681712962962963 0.551712962962963 0.07905092592592596 0.05453703703703695
0 0.5923611111111111 0.5746527777777777 0.014756944444444524 0.10375
6 0.12152777777777776 0.3998611111111111 0.02881944444444445 0.0375
6 0.07466517857142856 0.4029761904761905 0.0152529761904762 0.03571428571428569
4 0.760792824074074 0.5424074074074074 0.3338541666666667 0.2831481481481482
2 0.6260416666666667 0.5409375 0.02734375 0.028125
