4 0.8927083333333333 0.48291666666666666 0.21458333333333332 0.43083333333333335
2 0.6104166666666667 0.5642592592592592 0.2508101851851852 0.16388888888888886
5 0.12447916666666667 0.5629166666666666 0.18229166666666666 0.15083333333333335
6 0.14088541666666668 0.23583333333333334 0.018229166666666668 0.08333333333333333
6 0.2964488636363637 0.24151515151515157 0.016666666666666666 0.0787878787878788
6 0.42421875 0.42 0.009895833333333333 0.028333333333333332
6 0.4518229166666667 0.4170833333333333 0.018229166666666668 0.025833333333333333
6 0.6109375 0.060833333333333336 0.03333333333333333 0.12166666666666667
2 0.31484375 0.5184375 0.0171875 0.019375
2 0.2777083333333333 0.5161666666666667 0.016458333333333405 0.01533333333333322
2 0.7419270833333333 0.5295833333333333 0.0484375 0.0475
2 0.7680555555555557 0.519861111111111 0.03298611111111119 0.04527777777777781
0 0.7869791666666667 0.5366666666666666 0.011458333333333333 0.09333333333333334
