4 0.8919270833333334 0.515 0.21614583333333334 0.32666666666666666
2 0.6943509615384615 0.563397435897436 0.18886217948717957 0.12538461538461537
6 0.08307291666666666 0.46541666666666665 0.016145833333333335 0.0225
6 0.018402777777777775 0.27305555555555555 0.02222222222222222 0.08
5 0.3232421875 0.5575 0.12356770833333333 0.11125
6 0.3366815476190476 0.3101785714285714 0.0125 0.06202380952380954
6 0.11796875 0.46208333333333335 0.011979166666666667 0.020833333333333332
6 0.4505729166666666 0.3076666666666666 0.013020833333333334 0.062333333333333296
6 0.5502604166666667 0.44875 0.0078125 0.0225
6 0.5734375 0.445 0.014583333333333334 0.02
6 0.78984375 0.09166666666666666 0.03177083333333333 0.12833333333333333
6 0.6955729166666667 0.18145833333333333 0.02421875 0.09958333333333333
1 0.030403645833333333 0.590625 0.018359375 0.037083333333333336
0 0.020833333333333332 0.5654166666666667 0.021875 0.09083333333333334
2 0.4375 0.5258333333333334 0.009375 0.011666666666666667
