2 0.9622395833333334 0.885 0.07552083333333333 0.23
2 0.859375 0.6225 0.28125 0.21833333333333332
2 0.96640625 0.5 0.0671875 0.035
2 0.3223958333333333 0.6091666666666666 0.146875 0.15333333333333332
2 0.6296875 0.56375 0.08645833333333333 0.0975
2 0.58671875 0.54375 0.0546875 0.0825
2 0.41380208333333335 0.5616666666666666 0.059895833333333336 0.07
5 0.50859375 0.5133333333333333 0.044270833333333336 0.08333333333333333
2 0.4674479166666667 0.52375 0.016145833333333335 0.0175
5 0.3557291666666667 0.5287499999999999 0.03604166666666669 0.028166666666666628
2 0.41744791666666664 0.5258333333333334 0.03177083333333333 0.023333333333333334
2 0.43609375 0.53425 0.01739583333333338 0.03516666666666671
0 0.2794270833333333 0.5445833333333333 0.019270833333333334 0.05583333333333333
2 0.2828125 0.55 0.057291666666666664 0.058333333333333334
2 0.04895833333333333 0.65375 0.09791666666666667 0.16916666666666666
0 0.47890625 0.5225 0.0078125 0.025
2 0.14010416666666667 0.5783333333333334 0.11041666666666666 0.075
2 0.7229166666666667 0.5108333333333334 0.026041666666666668 0.018333333333333333
2 0.5581473214285714 0.5398809523809524 0.012872023809523844 0.04119047619047611
2 0.55703125 0.5345833333333333 0.0203125 0.0375
2 0.5544849537037037 0.5311574074074074 0.023321759259259285 0.03824074074074076
2 0.47630208333333335 0.5195833333333333 0.0067708333333333336 0.014166666666666666
2 0.3777994791666667 0.5329166666666667 0.016015625 0.020833333333333332
2 0.3796875 0.5233333333333333 0.022916666666666665 0.018333333333333333
2 0.3951822916666667 0.5190625 0.013541666666666667 0.013125
2 0.40208333333333335 0.5370833333333334 0.034375 0.035833333333333335
2 0.7278645833333334 0.5283333333333333 0.05260416666666667 0.04666666666666667
2 0.9143229166666667 0.5191666666666667 0.1578125 0.07666666666666666
2 0.77921875 0.5227499999999999 0.11385416666666674 0.06550000000000002
2 0.8361979166666667 0.5341666666666667 0.05572916666666667 0.058333333333333334
2 0.8311197916666667 0.5294791666666666 0.05807291666666667 0.048125
2 0.6917708333333333 0.5196666666666666 0.022916666666666665 0.020999999999999942
