2 0.9 0.6891666666666667 0.2 0.285
2 0.9838541666666667 0.5354166666666667 0.03229166666666667 0.035833333333333335
2 0.20963541666666666 0.6641666666666667 0.2786458333333333 0.25166666666666665
2 0.6536458333333334 0.5745833333333333 0.10520833333333333 0.11416666666666667
2 0.6002604166666666 0.5466666666666666 0.059895833333333336 0.09166666666666666
2 0.39166666666666666 0.5720833333333334 0.08541666666666667 0.09083333333333334
5 0.51484375 0.5116666666666667 0.0390625 0.075
2 0.46979166666666666 0.52375 0.016666666666666666 0.0175
5 0.34884672619047613 0.5376190476190476 0.04382440476190481 0.04714285714285713
2 0.4153645833333333 0.5358333333333334 0.0359375 0.04666666666666667
2 0.4361979166666667 0.5354166666666667 0.019270833333333334 0.03916666666666667
0 0.2713541666666667 0.52375 0.021875 0.029166666666666667
2 0.2825520833333333 0.53 0.043229166666666666 0.025
0 0.47369791666666666 0.5225 0.0078125 0.025
2 0.09739583333333333 0.57875 0.134375 0.0825
0 0.4859375 0.5216666666666666 0.008333333333333333 0.025
2 0.7330729166666666 0.5179166666666667 0.04010416666666667 0.0275
2 0.56640625 0.5425 0.016145833333333335 0.04833333333333333
2 0.5641493055555554 0.5373611111111111 0.022395833333333334 0.04083333333333333
2 0.5609375 0.53125 0.026041666666666668 0.04083333333333333
2 0.49140625 0.5204166666666666 0.008854166666666666 0.015833333333333335
2 0.4796875 0.5195833333333333 0.00625 0.014166666666666666
2 0.37447916666666664 0.5295833333333333 0.009375 0.015833333333333335
2 0.3770833333333333 0.52125 0.021875 0.015833333333333335
2 0.3938802083333333 0.516875 0.015104166666666667 0.01125
2 0.4 0.5254166666666666 0.034375 0.014166666666666666
2 0.7486979166666666 0.53125 0.06302083333333333 0.0525
2 0.9393229166666667 0.5329166666666667 0.12135416666666667 0.09583333333333334
2 0.8079427083333334 0.5244791666666667 0.1171875 0.06854166666666667
2 0.8778645833333333 0.54125 0.06614583333333333 0.06416666666666666
2 0.8713541666666667 0.53375 0.06666666666666667 0.050833333333333335
2 0.7108072916666667 0.5175 0.011197916666666667 0.016666666666666666
