2 0.6052083333333333 0.57125 0.25416666666666665 0.16583333333333333
5 0.1215435606060606 0.5685227272727272 0.20350378787878787 0.15371212121212116
4 0.9109664351851853 0.4819907407407408 0.17806712962962964 0.39916666666666667
2 0.30963541666666666 0.5216666666666666 0.016145833333333335 0.018333333333333333
2 0.73671875 0.5354166666666667 0.0484375 0.04583333333333333
2 0.7855902777777778 0.5266666666666666 0.06909722222222214 0.04833333333333333
0 0.78828125 0.5404166666666667 0.0203125 0.09583333333333334
6 0.12998511904761906 0.24083333333333334 0.020238095238095225 0.08
6 0.28802083333333334 0.24416666666666667 0.017708333333333333 0.07833333333333334
6 0.6046875 0.06291666666666666 0.03229166666666667 0.11583333333333333
6 0.4466145833333333 0.4195833333333333 0.019270833333333334 0.025833333333333333
6 0.41744791666666664 0.42333333333333334 0.0109375 0.02666666666666667
4 0.81904296875 0.5575 0.018424479166666667 0.07854166666666666
