4 0.77890625 0.5045833333333334 0.2630208333333333 0.4325
2 0.9434895833333333 0.5408333333333334 0.0703125 0.09833333333333333
0 0.9934895833333334 0.5325 0.013020833333333334 0.07
2 0.95234375 0.5270833333333333 0.06614583333333333 0.0425
5 0.4244791666666667 0.5395833333333333 0.103125 0.0925
6 0.2799479166666667 0.013333333333333334 0.0359375 0.02666666666666667
6 0.13203125 0.30041666666666667 0.018229166666666668 0.0575
6 0.19401041666666666 0.32166666666666666 0.015104166666666667 0.051666666666666666
6 0.43307291666666664 0.3383333333333333 0.008854166666666666 0.04
6 0.5276041666666667 0.3333333333333333 0.009375 0.043333333333333335
6 0.7283854166666667 0.245 0.0171875 0.06666666666666667
6 0.79296875 0.18375 0.0234375 0.07916666666666666
