4 0.8911458333333333 0.4845833333333333 0.21770833333333334 0.39416666666666667
2 0.6383333333333333 0.55825 0.2352083333333334 0.15149999999999997
5 0.19036458333333334 0.55625 0.16197916666666667 0.13583333333333333
6 0.20411458333333335 0.25608333333333333 0.01593750000000001 0.07716666666666669
6 0.34419981060606053 0.25848484848484843 0.015767045454545502 0.07196969696969693
6 0.4626953125 0.4240625 0.009244791666666667 0.026458333333333334
6 0.4895833333333333 0.42 0.016666666666666666 0.023333333333333334
6 0.7653645833333333 0.019166666666666665 0.03802083333333333 0.03833333333333333
6 0.6367559523809524 0.09041666666666667 0.029315476190476156 0.1222619047619048
2 0.351264880952381 0.5165476190476191 0.015773809523809548 0.01880952380952389
2 0.32916666666666666 0.5145833333333333 0.0125 0.010833333333333334
2 0.7627083333333334 0.5277499999999999 0.05 0.0475
2 0.7846354166666667 0.5145833333333333 0.005729166666666666 0.014166666666666666
