4 0.8916666666666667 0.485 0.21770833333333334 0.40166666666666667
2 0.6345833333333334 0.55925 0.23770833333333338 0.15350000000000003
5 0.18177083333333333 0.5575 0.16458333333333333 0.13833333333333334
6 0.19596354166666666 0.2540625 0.01640625 0.078125
6 0.3378787878787879 0.25655303030303034 0.015909090909090946 0.07310606060606058
6 0.45760416666666665 0.42383333333333334 0.009375 0.02666666666666667
6 0.484375 0.42 0.016666666666666666 0.023333333333333334
6 0.7636284722222222 0.015277777777777777 0.03836805555555559 0.030555555555555555
6 0.633296130952381 0.08541666666666667 0.029538690476190392 0.12440476190476192
2 0.3463541666666667 0.5170833333333333 0.016666666666666666 0.019166666666666665
2 0.3229166666666667 0.51625 0.0125 0.0125
2 0.7614583333333333 0.52875 0.053125 0.0475
2 0.7830729166666667 0.5154166666666666 0.0109375 0.0225
