2 0.6052083333333333 0.57125 0.25416666666666665 0.16583333333333333
5 0.12135416666666667 0.5675 0.203125 0.15166666666666667
4 0.9 0.4875 0.2 0.42833333333333334
2 0.30963541666666666 0.5216666666666666 0.016145833333333335 0.018333333333333333
2 0.73671875 0.5354166666666667 0.0484375 0.04583333333333333
2 0.7765625 0.5266666666666666 0.0625 0.04833333333333333
0 0.7885416666666667 0.5404166666666667 0.020833333333333332 0.09583333333333334
6 0.12975260416666667 0.24083333333333334 0.020703125 0.08
6 0.28802083333333334 0.24416666666666667 0.017708333333333333 0.07833333333333334
6 0.60546875 0.06291666666666666 0.033854166666666664 0.11583333333333333
6 0.4466145833333333 0.4195833333333333 0.019270833333333334 0.025833333333333333
6 0.41744791666666664 0.42333333333333334 0.0109375 0.02666666666666667
