2 0.6052083333333333 0.57125 0.25416666666666665 0.16583333333333333
5 0.12135416666666667 0.5675277777777777 0.203125 0.15172222222222226
4 0.9176302083333334 0.48558333333333326 0.1647395833333332 0.39
2 0.30963541666666666 0.5216666666666666 0.016145833333333335 0.018333333333333333
2 0.73671875 0.5354166666666667 0.0484375 0.04583333333333333
2 0.7793402777777777 0.5266666666666667 0.06944444444444452 0.05055555555555562
0 0.7879231770833334 0.5404166666666667 0.019596354166666666 0.09583333333333334
6 0.12974537037037037 0.24083333333333334 0.02071759259259259 0.08
6 0.28802083333333334 0.245 0.017708333333333333 0.0788095238095238
6 0.6046875 0.06291666666666666 0.03229166666666667 0.11583333333333333
6 0.4466145833333333 0.4195833333333333 0.019270833333333334 0.025833333333333333
6 0.41744791666666664 0.42333333333333334 0.0109375 0.02666666666666667
4 0.8200520833333333 0.5495833333333333 0.044270833333333336 0.1225
