2 0.4283854166666667 0.6220833333333333 0.34427083333333336 0.23916666666666667
4 0.9793402777777778 0.4947222222222223 0.04131944444444453 0.32777777777777783
2 0.12005208333333334 0.5379166666666667 0.0203125 0.0225
2 0.5945833333333331 0.5610833333333334 0.03208333333333328 0.050500000000000114
2 0.6338541666666667 0.5516666666666666 0.078125 0.051666666666666666
0 0.65078125 0.5704166666666667 0.022395833333333334 0.10916666666666666
6 0.00859375 0.15333333333333332 0.0171875 0.10666666666666667
6 0.23873697916666667 0.4114583333333333 0.023177083333333334 0.03208333333333333
6 0.19947916666666668 0.41416666666666674 0.0125 0.033833333333333354
4 0.8140625 0.54 0.3125 0.25666666666666665
2 0.6890625 0.5383333333333333 0.014583333333333334 0.018333333333333333
