2 0.40390625 0.5879166666666666 0.12239583333333333 0.12416666666666666
2 0.13567708333333334 0.5670833333333334 0.1484375 0.1225
2 0.240625 0.5554166666666667 0.06875 0.0675
2 0.29453125 0.5404166666666667 0.0546875 0.06416666666666666
2 0.3341145833333333 0.5333333333333333 0.04010416666666667 0.058333333333333334
2 0.36276041666666664 0.5325 0.0234375 0.03666666666666667
5 0.43255208333333334 0.5254166666666666 0.018229166666666668 0.014166666666666666
2 0.409375 0.5233333333333333 0.021875 0.008333333333333333
2 0.3807291666666667 0.525 0.011458333333333333 0.011666666666666667
2 0.5041666666666667 0.5308333333333334 0.034375 0.058333333333333334
5 0.033854166666666664 0.5970833333333333 0.06770833333333333 0.10916666666666666
5 0.03046875 0.5741666666666667 0.0546875 0.13
2 0.48333333333333334 0.5204166666666666 0.017708333333333333 0.005833333333333334
2 0.46041666666666664 0.52725 0.010416666666666666 0.014166666666666666
2 0.46779513888888885 0.52625 0.005729166666666666 0.009166666666666667
