2 0.09505208333333333 0.5408333333333334 0.09947916666666666 0.07
2 0.38203125 0.5016666666666667 0.0140625 0.016666666666666666
5 0.4630208333333333 0.5016666666666667 0.020833333333333332 0.03166666666666667
2 0.41328125 0.51125 0.0296875 0.035833333333333335
2 0.5557291666666667 0.49083333333333334 0.007291666666666667 0.013333333333333334
2 0.42604166666666665 0.5070833333333333 0.015625 0.0275
0 0.6538541666666667 0.5220833333333332 0.015208333333333239 0.06816666666666663
2 0.43645833333333334 0.5029166666666667 0.007291666666666667 0.020833333333333332
2 0.5188541666666667 0.514 0.03333333333333333 0.04266666666666671
6 0.4661458333333333 0.44416666666666665 0.007291666666666667 0.005
6 0.4317708333333333 0.44333333333333336 0.008333333333333333 0.005
2 0.39114583333333336 0.4975 0.011458333333333333 0.018333333333333333
0 0.32135416666666666 0.5045833333333334 0.00625 0.020833333333333332
1 0.32174479166666664 0.5123611111111112 0.01171875 0.013888888888888952
2 0.5369791666666667 0.5 0.010416666666666666 0.015
