2 0.010416666666666666 0.6316666666666667 0.020833333333333332 0.13
5 0.06171875 0.5566666666666666 0.1234375 0.16666666666666666
2 0.36223958333333334 0.6016666666666667 0.15885416666666666 0.14833333333333334
2 0.29739583333333336 0.5379166666666667 0.06875 0.0675
2 0.34479166666666666 0.52375 0.03333333333333333 0.0175
2 0.3765625 0.5195833333333333 0.034375 0.025833333333333333
2 0.4 0.52 0.026041666666666668 0.03666666666666667
2 0.42083333333333334 0.5279166666666667 0.020833333333333332 0.034166666666666665
5 0.47630208333333335 0.52625 0.015104166666666667 0.020833333333333332
2 0.45859375 0.5283333333333333 0.021354166666666667 0.02666666666666667
2 0.43359375 0.5295833333333333 0.009895833333333333 0.024166666666666666
2 0.5338541666666666 0.5304166666666666 0.0375 0.060833333333333336
5 0.20651041666666667 0.5554166666666667 0.13385416666666666 0.1025
2 0.44427083333333334 0.53 0.011458333333333333 0.02
5 0.20338541666666668 0.5570833333333334 0.12552083333333333 0.10916666666666666
2 0.5006944444444444 0.5231944444444445 0.008680555555555596 0.01194444444444438
