2 0.4984375 0.5229166666666667 0.019791666666666666 0.025833333333333333
5 0.07942708333333333 0.5758333333333333 0.15885416666666666 0.15666666666666668
2 0.22369791666666666 0.55 0.09322916666666667 0.09333333333333334
2 0.48515625 0.5083333333333333 0.013020833333333334 0.015
0 0.5544270833333333 0.525 0.008854166666666666 0.04
0 0.4588541666666667 0.5104166666666666 0.004166666666666667 0.020833333333333332
2 0.4510416666666667 0.5070833333333333 0.007291666666666667 0.009166666666666667
0 0.5666666666666667 0.5304166666666666 0.010590277777777738 0.02777777777777781
1 0.5404017857142858 0.5333928571428571 0.008333333333333333 0.02178571428571426
2 0.4757291666666667 0.4995 0.01541666666666668 0.01
