2 0.575 0.5925 0.14895833333333333 0.14333333333333334
2 0.04401041666666667 0.5720833333333334 0.08802083333333334 0.14583333333333334
2 0.17057291666666666 0.5316666666666666 0.1390625 0.08166666666666667
2 0.2747395833333333 0.5454166666666667 0.06822916666666666 0.0775
5 0.41067708333333336 0.5295833333333333 0.03177083333333333 0.035833333333333335
2 0.17239583333333333 0.5908333333333333 0.184375 0.14
2 0.3268229166666667 0.54375 0.043229166666666666 0.049166666666666664
2 0.5216145833333333 0.5325 0.030729166666666665 0.04
2 0.3645833333333333 0.5383333333333333 0.03854166666666667 0.041666666666666664
2 0.5072916666666667 0.5125 0.011458333333333333 0.01
2 0.45759548611111106 0.5238888888888888 0.01467013888888887 0.019166666666666665
