5 0.4513020833333333 0.5220833333333333 0.021354166666666667 0.0325
2 0.13802083333333334 0.5879166666666666 0.184375 0.1325
2 0.26927083333333335 0.5595833333333333 0.0875 0.08583333333333333
2 0.38307291666666665 0.5341666666666667 0.0359375 0.03666666666666667
2 0.49234374999999997 0.5289166666666667 0.03885416666666662 0.052833333333333406
6 0.4629340277777778 0.4395833333333333 0.011631944444444405 0.0075
6 0.4119791666666667 0.43833333333333335 0.0125 0.008333333333333333
5 0.10958333333333334 0.5206666666666666 0.025624999999999995 0.021666666666666667
2 0.43315972222222227 0.523888888888889 0.006944444444444464 0.01722222222222219
2 0.3327604166666666 0.51325 0.013854166666666619 0.014833333333333296
0 0.28929036458333335 0.5100520833333333 0.007226562500000059 0.012604166666666573
2 0.57734375 0.52375 0.05364583333333333 0.029166666666666667
2 0.4114583333333333 0.52375 0.01875 0.029166666666666667
2 0.3158072916666666 0.5448749999999999 0.06338541666666662 0.07474999999999994
2 0.40815972222222224 0.5272222222222223 0.0215277777777778 0.02777777777777781
2 0.42302083333333335 0.5246666666666667 0.00916666666666662 0.02566666666666663
2 0.35182291666666665 0.54125 0.04114583333333333 0.0475
2 0.47031249999999997 0.5195833333333333 0.010069444444444405 0.014166666666666666
2 0.4371527777777778 0.5183333333333333 0.010069444444444405 0.016666666666666666
6 0.55734375 0.4865833333333334 0.005520833333333286 0.007833333333333409
2 0.6135416666666668 0.5185000000000001 0.017916666666666713 0.02966666666666659
2 0.4292100694444444 0.5257638888888889 0.00842013888888887 0.016805555555555525
6 0.5838541666666667 0.47041666666666665 0.004166666666666667 0.010833333333333334
6 0.49661458333333336 0.48875 0.0026041666666666665 0.005833333333333334
6 0.46588541666666666 0.48 0.0046875 0.0033333333333333335
6 0.4549479166666667 0.48041666666666666 0.005729166666666666 0.004166666666666667
6 0.21536458333333333 0.3975 0.019270833333333334 0.005
6 0.27578125 0.39416666666666667 0.03177083333333333 0.006666666666666667
6 0.13151041666666666 0.42916666666666664 0.015104166666666667 0.006666666666666667
6 0.15182291666666667 0.43583333333333335 0.009895833333333333 0.006666666666666667
5 0.47369791666666666 0.5145833333333333 0.0078125 0.015833333333333335
2 0.45234375 0.46875 0.019270833333333334 0.005833333333333334
