2 0.36171875 0.5945833333333334 0.14010416666666667 0.1325
2 0.22994791666666667 0.5495833333333333 0.08385416666666666 0.08583333333333333
2 0.29140625 0.5458333333333333 0.044270833333333336 0.05333333333333334
2 0.3268229166666667 0.5275 0.0390625 0.03666666666666667
2 0.35520833333333335 0.5175 0.03125 0.02666666666666667
2 0.37916666666666665 0.5220833333333333 0.01875 0.0175
5 0.44036458333333334 0.5279166666666667 0.016145833333333335 0.020833333333333332
2 0.42135416666666664 0.53125 0.025 0.029166666666666667
2 0.39348958333333334 0.5254166666666666 0.011979166666666667 0.014166666666666666
2 0.5028645833333333 0.5304166666666666 0.0359375 0.060833333333333336
5 0.09739583333333333 0.5716666666666667 0.18645833333333334 0.12833333333333333
2 0.40729166666666666 0.53 0.0125 0.021666666666666667
5 0.09583333333333334 0.5741666666666667 0.18541666666666667 0.13
2 0.4651909722222222 0.523888888888889 0.009548611111111072 0.011666666666666667
