2 0.025260416666666667 0.6441666666666667 0.050520833333333334 0.14333333333333334
2 0.15520833333333334 0.58375 0.17083333333333334 0.1175
2 0.3026041666666667 0.5508333333333333 0.08125 0.07166666666666667
2 0.3854166666666667 0.53 0.03125 0.03833333333333333
2 0.6395833333333333 0.5358333333333334 0.115625 0.06666666666666667
5 0.46927083333333336 0.5179166666666667 0.022916666666666665 0.029166666666666667
5 0.1125 0.5420833333333334 0.12604166666666666 0.1025
0 0.21901041666666668 0.5220833333333333 0.021354166666666667 0.07083333333333333
2 0.3602604166666667 0.5392499999999999 0.07260416666666672 0.05383333333333326
2 0.3567708333333333 0.5133333333333333 0.023958333333333335 0.013333333333333334
2 0.3953125 0.5233333333333333 0.03333333333333333 0.043333333333333335
2 0.41328125 0.5229166666666667 0.016840277777777798 0.03527777777777781
2 0.42468750000000005 0.5238333333333334 0.013333333333333345 0.025
2 0.43088541666666663 0.52175 0.016562499999999977 0.024166666666666666
2 0.44375 0.5166666666666667 0.019791666666666666 0.025
2 0.48463541666666665 0.51375 0.0109375 0.015833333333333335
5 0.46232638888888894 0.49861111111111106 0.01076388888888887 0.01222222222222219
5 0.49140625 0.5081944444444445 0.009895833333333333 0.021388888888888954
2 0.46171875 0.45625 0.019270833333333334 0.0075
5 0.5647135416666667 0.4502083333333333 0.02734375 0.010416666666666666
2 0.4864583333333334 0.456 0.01729166666666669 0.006333333333333258
5 0.72078125 0.5126666666666667 0.07406250000000002 0.056000000000000036
2 0.278125 0.5175 0.010416666666666666 0.008333333333333333
5 0.45611979166666666 0.5120833333333333 0.009635416666666667 0.018333333333333333
2 0.75625 0.5158333333333334 0.08958333333333333 0.06166666666666667
1 0.2296875 0.5666666666666667 0.03854166666666667 0.06166666666666667
0 0.17890625 0.5183333333333333 0.0078125 0.015
6 0.39505208333333336 0.40291666666666665 0.016145833333333335 0.009166666666666667
6 0.4671875 0.4041666666666667 0.015625 0.008333333333333333
6 0.07890625 0.27458333333333335 0.0640625 0.015833333333333335
6 0.6872395833333333 0.4270833333333333 0.009895833333333333 0.020833333333333332
