2 0.4986979166666667 0.5225 0.019270833333333334 0.025
5 0.06276041666666667 0.5670833333333334 0.12552083333333333 0.1425
2 0.19010416666666666 0.5529166666666666 0.11041666666666666 0.0975
2 0.4864583333333333 0.5075 0.011458333333333333 0.015
0 0.5567708333333333 0.5258333333333334 0.009375 0.041666666666666664
0 0.45651041666666664 0.5108333333333334 0.0046875 0.021666666666666667
2 0.4510416666666667 0.5058333333333334 0.007291666666666667 0.01
0 0.5401041666666667 0.5145833333333333 0.00625 0.019166666666666665
0 0.55 0.51 0.005208333333333333 0.023333333333333334
0 0.5692708333333333 0.5304166666666666 0.011458333333333333 0.029166666666666667
1 0.541889880952381 0.5336904761904762 0.008333333333333333 0.022380952380952408
2 0.4765104166666667 0.49866666666666665 0.01593750000000001 0.01
