2 0.4171875 0.63125 0.240625 0.19916666666666666
2 0.07223958333333333 0.6152500000000001 0.1434375 0.27183333333333337
2 0.19750000000000004 0.5780833333333334 0.139375 0.15383333333333335
2 0.3260416666666667 0.5766666666666667 0.18333333333333332 0.15
5 0.3776041666666667 0.5066666666666667 0.11770833333333333 0.051666666666666666
5 0.47734375 0.5341666666666667 0.0796875 0.06666666666666667
2 0.52953125 0.5314166666666668 0.051770833333333384 0.05850000000000004
2 0.565625 0.5313333333333333 0.029166666666666667 0.04
2 0.5888541666666666 0.52625 0.029166666666666667 0.04183333333333337
2 0.6073784722222223 0.5225000000000001 0.025868055555555478 0.040555555555555615
2 0.6260416666666667 0.5233333333333333 0.019791666666666666 0.03166666666666667
2 0.6372395833333333 0.5259999999999999 0.009479166666666572 0.023999999999999962
2 0.6579166666666667 0.52525 0.02000000000000005 0.0225
2 0.7221354166666667 0.53875 0.049479166666666664 0.06583333333333333
2 0.6815104166666667 0.5239999999999999 0.0140625 0.018333333333333333
5 0.8838541666666667 0.5775 0.11354166666666667 0.175
