2 0.5018229166666667 0.5295833333333333 0.021354166666666667 0.0275
2 0.13984375 0.5775 0.13385416666666666 0.10333333333333333
5 0.29296875 0.5433333333333333 0.07447916666666667 0.07333333333333333
2 0.37265625 0.5304166666666666 0.033854166666666664 0.04083333333333333
2 0.33359375 0.5341666666666667 0.027604166666666666 0.035
2 0.46796875 0.5125 0.018229166666666668 0.015
0 0.5432291666666667 0.5245833333333333 0.00625 0.029166666666666667
0 0.4830729166666667 0.5120833333333333 0.0067708333333333336 0.0225
0 0.5505208333333335 0.5286111111111111 0.006944444444444523 0.019444444444444382
1 0.5325520833333334 0.5305555555555556 0.0067708333333333336 0.015833333333333335
2 0.48703125 0.50425 0.016562499999999977 0.010833333333333334
