2 0.49895833333333334 0.5266666666666666 0.020833333333333332 0.02666666666666667
2 0.03463541666666667 0.5933333333333334 0.06927083333333334 0.12833333333333333
5 0.234375 0.5495833333333333 0.10729166666666666 0.0925
2 0.3296875 0.53375 0.04895833333333333 0.05583333333333333
2 0.47682291666666665 0.5091666666666667 0.016145833333333335 0.015
0 0.5458333333333333 0.5229166666666667 0.007291666666666667 0.0325
0 0.47291666666666665 0.51125 0.00625 0.020833333333333332
0 0.5541145833333334 0.5269166666666666 0.0078125 0.02283333333333341
1 0.5337673611111111 0.5308333333333333 0.0067708333333333336 0.017777777777777715
2 0.48602430555555554 0.5018055555555556 0.013368055555555595 0.010833333333333334
