2 0.5096354166666667 0.53375 0.022395833333333334 0.029166666666666667
2 0.11875 0.5775 0.15833333333333333 0.10333333333333333
2 0.25286458333333334 0.5533333333333333 0.0828125 0.06666666666666667
5 0.3419270833333333 0.5366666666666666 0.0546875 0.056666666666666664
2 0.4083333333333333 0.5279166666666667 0.025 0.030833333333333334
2 0.38619791666666664 0.5295833333333333 0.021354166666666667 0.025833333333333333
2 0.45989583333333334 0.5166666666666667 0.019791666666666666 0.015
0 0.5455729166666666 0.525 0.005729166666666666 0.02666666666666667
0 0.4986979166666667 0.5175 0.005729166666666666 0.023333333333333334
0 0.5522395833333333 0.5296666666666667 0.005729166666666666 0.016666666666666666
1 0.5362847222222222 0.529861111111111 0.00625 0.015833333333333335
2 0.49314236111111115 0.5072222222222222 0.0171875 0.01
