2 0.0328125 0.6345833333333334 0.065625 0.15083333333333335
2 0.16302083333333334 0.5808333333333333 0.16458333333333333 0.115
2 0.30520833333333336 0.54875 0.07916666666666666 0.07083333333333333
2 0.38619791666666664 0.5283333333333333 0.03177083333333333 0.03833333333333333
2 0.634375 0.5345833333333333 0.11354166666666667 0.06583333333333333
5 0.4689583333333333 0.5169166666666666 0.022916666666666665 0.029166666666666667
5 0.12109375 0.5402083333333333 0.12135416666666667 0.09958333333333333
0 0.22239583333333332 0.5216666666666666 0.023958333333333335 0.07166666666666667
2 0.3611458333333334 0.5380833333333334 0.07125000000000004 0.05349999999999994
2 0.35703125 0.5125 0.024479166666666666 0.013333333333333334
2 0.3959895833333333 0.52225 0.0328125 0.04316666666666663
2 0.41354166666666664 0.5220833333333333 0.016666666666666666 0.035
2 0.42473958333333334 0.5233333333333333 0.013020833333333334 0.025
2 0.4309895833333333 0.52125 0.016145833333333335 0.024166666666666666
2 0.44369791666666664 0.5157499999999999 0.019687499999999976 0.024833333333333294
2 0.4844791666666667 0.5125833333333334 0.011041666666666691 0.015833333333333335
5 0.462109375 0.4977083333333333 0.010677083333333334 0.012083333333333333
5 0.49114583333333334 0.507638888888889 0.009895833333333333 0.021111111111111143
2 0.4614583333333334 0.4556944444444444 0.019097222222222262 0.0075
5 0.5642361111111112 0.4495833333333332 0.027083333333333334 0.010277777777777714
2 0.48385416666666664 0.4558333333333333 0.017708333333333333 0.006666666666666667
5 0.7182291666666667 0.51375 0.07395833333333333 0.059166666666666666
2 0.2786458333333333 0.5175 0.011458333333333333 0.01
5 0.4559244791666667 0.5114583333333333 0.009505208333333333 0.018333333333333333
2 0.7559895833333333 0.515 0.09322916666666667 0.06
1 0.23307291666666666 0.56375 0.0359375 0.059166666666666666
6 0.39557291666666666 0.40291666666666665 0.016145833333333335 0.009166666666666667
6 0.4671875 0.4041666666666667 0.015625 0.008333333333333333
6 0.08489583333333334 0.27708333333333335 0.0625 0.014166666666666666
6 0.6841145833333333 0.4266666666666667 0.009895833333333333 0.02
