2 0.03177083333333333 0.56375 0.06354166666666666 0.08083333333333333
2 0.12994791666666666 0.5558333333333333 0.12552083333333333 0.11
2 0.23671875 0.53125 0.05677083333333333 0.049166666666666664
2 0.4171875 0.5041666666666667 0.0125 0.015
5 0.496875 0.5033333333333333 0.020833333333333332 0.03166666666666667
2 0.4513020833333333 0.5104166666666666 0.025520833333333333 0.0325
2 0.56171875 0.495 0.022395833333333334 0.021666666666666667
2 0.46328125 0.5083333333333333 0.011979166666666667 0.028333333333333332
0 0.6675347222222222 0.5158333333333334 0.013541666666666667 0.05972222222222219
2 0.47161458333333334 0.5041666666666667 0.0046875 0.02
2 0.5520833333333334 0.5129166666666667 0.03333333333333333 0.04416666666666667
6 0.4979166666666667 0.4475 0.007291666666666667 0.004166666666666667
6 0.465625 0.44666666666666666 0.008333333333333333 0.005
2 0.42734375 0.49916666666666665 0.013020833333333334 0.018333333333333333
0 0.3606770833333333 0.5045833333333334 0.005729166666666666 0.020833333333333332
1 0.36171875 0.5129166666666667 0.0109375 0.010833333333333334
