2 0.37838541666666664 0.565 0.1515625 0.085
5 0.17994791666666668 0.5170833333333333 0.019270833333333334 0.025833333333333333
2 0.48736979166666666 0.6484375 0.38125 0.230625
2 0.005989583333333334 0.5404166666666667 0.011979166666666667 0.06416666666666666
2 0.05026041666666667 0.53375 0.049479166666666664 0.04083333333333333
2 0.08067708333333333 0.5285833333333333 0.037812500000000006 0.03616666666666674
2 0.11848958333333333 0.5191666666666667 0.027604166666666666 0.03166666666666667
5 0.15489583333333332 0.5068333333333334 0.01729166666666669 0.03466666666666659
2 0.15130208333333334 0.4395833333333333 0.025520833333333333 0.009166666666666667
5 0.29385416666666664 0.44441666666666674 0.034791666666666644 0.013166666666666629
2 0.5330729166666667 0.45625 0.013020833333333334 0.009166666666666667
5 0.6856770833333333 0.55875 0.18802083333333333 0.12416666666666666
5 0.14088541666666668 0.515 0.0203125 0.02666666666666667
2 0.8190104166666666 0.5741666666666667 0.2359375 0.15333333333333332
2 0.148046875 0.5120833333333333 0.013802083333333333 0.024166666666666666
2 0.038802083333333334 0.44083333333333335 0.028645833333333332 0.013333333333333334
2 0.96015625 0.5604166666666667 0.0796875 0.10083333333333333
2 0.6364583333333333 0.46125 0.025 0.010833333333333334
2 0.70390625 0.46458333333333335 0.0109375 0.0075
6 0.09166666666666666 0.28583333333333333 0.03958333333333333 0.021666666666666667
6 0.7682291666666666 0.06708333333333333 0.08854166666666667 0.08916666666666667
6 0.3958333333333333 0.45 0.015625 0.023333333333333334
