2 0.5325520833333334 0.5829166666666666 0.12135416666666667 0.13083333333333333
2 0.07786458333333333 0.5720833333333334 0.15572916666666667 0.14416666666666667
2 0.21041666666666667 0.5458333333333333 0.11145833333333334 0.10666666666666667
2 0.2984375 0.525 0.05 0.03833333333333333
5 0.415625 0.5275 0.029166666666666667 0.035
2 0.26901041666666664 0.56625 0.1140625 0.09583333333333334
2 0.33880208333333334 0.5395833333333333 0.03802083333333333 0.04416666666666667
2 0.5184895833333333 0.5208333333333334 0.027604166666666666 0.023333333333333334
2 0.371875 0.5358333333333334 0.035416666666666666 0.03833333333333333
2 0.5052083333333334 0.5120833333333333 0.0125 0.0075
2 0.4594618055555556 0.5224305555555555 0.013541666666666667 0.01819444444444438
