5 0.12578125 0.5220833333333333 0.2515625 0.28583333333333333
2 0.28020833333333334 0.5258333333333334 0.04479166666666667 0.04
2 0.34921875 0.5166666666666667 0.0359375 0.041666666666666664
2 0.42213541666666665 0.50125 0.0109375 0.014166666666666666
5 0.4973958333333333 0.5033333333333333 0.020833333333333332 0.03166666666666667
2 0.46041666666666664 0.5075 0.020833333333333332 0.02666666666666667
2 0.5143229166666666 0.49666666666666665 0.027604166666666666 0.023333333333333334
2 0.46979166666666666 0.5054166666666666 0.009375 0.0225
2 0.47578125 0.504375 0.0026041666666666665 0.012083333333333333
2 0.5505208333333333 0.5129166666666667 0.03333333333333333 0.0425
6 0.4987351190476191 0.4508928571428572 0.007291666666666667 0.004166666666666667
6 0.4693359375 0.450625 0.007161458333333333 0.005
2 0.43463541666666666 0.4970833333333333 0.009895833333333333 0.015833333333333335
