2 0.20651041666666667 0.5820833333333333 0.23177083333333334 0.11916666666666667
5 0.0046875 0.5175 0.008333333333333333 0.03
2 0.49895833333333334 0.6591666666666667 0.390625 0.24833333333333332
5 0.13537326388888887 0.43555555555555553 0.03758680555555557 0.014722222222222286
2 0.42291666666666666 0.4533333333333333 0.026041666666666668 0.01
5 0.56203125 0.5259166666666666 0.1626041666666667 0.06883333333333336
2 0.6872916666666666 0.5650833333333334 0.22166666666666673 0.15149999999999997
2 0.8125520833333333 0.5509166666666667 0.08989583333333329 0.09850000000000003
2 0.9205729166666666 0.5591666666666667 0.15885416666666666 0.12
5 0.9494791666666667 0.51 0.10104166666666667 0.058333333333333334
2 0.5026041666666666 0.45708333333333334 0.025 0.010833333333333334
6 0.63359375 0.035 0.09114583333333333 0.07
6 0.22994791666666667 0.44083333333333335 0.018229166666666668 0.02666666666666667
