2 0.5174479166666667 0.5804166666666667 0.1140625 0.12583333333333332
2 0.005208333333333333 0.6020833333333333 0.010416666666666666 0.0725
2 0.10416666666666667 0.5675 0.15520833333333334 0.13333333333333333
2 0.22890625 0.54375 0.1015625 0.10083333333333333
2 0.30442708333333335 0.5125 0.0421875 0.013333333333333334
5 0.41770833333333335 0.5275 0.028125 0.03333333333333333
2 0.2994791666666667 0.5579166666666666 0.09375 0.08416666666666667
2 0.34609375 0.5366666666666666 0.030729166666666665 0.03833333333333333
2 0.5182291666666666 0.5235416666666667 0.027083333333333334 0.029583333333333333
2 0.37473958333333335 0.5345833333333333 0.033854166666666664 0.035833333333333335
2 0.5052083333333334 0.5120833333333333 0.0125 0.009166666666666667
2 0.45993923611111115 0.5222222222222223 0.013454861111111072 0.0175
