2 0.01328125 0.61 0.0265625 0.19333333333333333
2 0.10104166666666667 0.5833333333333334 0.18229166666666666 0.17166666666666666
2 0.25364583333333335 0.5841666666666666 0.20833333333333334 0.17833333333333334
5 0.31536458333333334 0.505 0.12864583333333332 0.055
2 0.39947916666666666 0.6233333333333333 0.22708333333333333 0.19333333333333333
2 0.48020833333333335 0.5304166666666666 0.051041666666666666 0.060833333333333336
2 0.51640625 0.5304166666666666 0.028645833333333332 0.04083333333333333
2 0.5388020833333333 0.5241666666666667 0.0296875 0.043333333333333335
2 0.5580729166666667 0.5204166666666666 0.024479166666666666 0.04083333333333333
2 0.5763020833333333 0.5220833333333333 0.018229166666666668 0.0325
5 0.63046875 0.5225 0.0140625 0.018333333333333333
2 0.6088541666666667 0.5233333333333333 0.01875 0.023333333333333334
2 0.5872395833333334 0.5241666666666667 0.008854166666666666 0.023333333333333334
2 0.6731770833333334 0.5325 0.043229166666666666 0.06833333333333333
5 0.42630208333333336 0.5308333333333334 0.0765625 0.06166666666666667
