2 0.5015625 0.5295833333333333 0.020833333333333332 0.029166666666666667
2 0.13515625 0.5775 0.13802083333333334 0.105
5 0.2911458333333333 0.5429166666666667 0.07604166666666666 0.07416666666666667
2 0.371875 0.53 0.036458333333333336 0.041666666666666664
2 0.33125 0.5345833333333333 0.028125 0.035833333333333335
2 0.46848958333333335 0.5125 0.018229166666666668 0.015
0 0.5432291666666667 0.5245833333333333 0.00625 0.029166666666666667
0 0.4828125 0.5125 0.007291666666666667 0.021666666666666667
0 0.5506510416666667 0.5285416666666667 0.00703125 0.019583333333333335
1 0.5325520833333334 0.5306944444444444 0.0067708333333333336 0.015833333333333335
2 0.4869270833333334 0.5040833333333333 0.016770833333333297 0.010833333333333334
