2 0.24609375 0.5425 0.0796875 0.07666666666666666
2 0.6528645833333333 0.5475 0.14635416666666667 0.075
5 0.434375 0.51 0.017708333333333333 0.02666666666666667
2 0.4075520833333333 0.58625 0.27447916666666666 0.14416666666666667
2 0.1640625 0.5316666666666666 0.090625 0.08
2 0.2850260416666667 0.5189583333333333 0.06328125 0.06041666666666667
2 0.32109375 0.5175 0.0359375 0.043333333333333335
2 0.34796875000000005 0.5140833333333333 0.02364583333333338 0.020166666666666704
2 0.36734374999999997 0.5092499999999999 0.024062499999999966 0.014833333333333391
2 0.3906770833333333 0.5055000000000001 0.0207291666666667 0.02
5 0.4153645833333333 0.4975 0.015104166666666667 0.028333333333333332
5 0.4505208333333333 0.5029166666666667 0.010416666666666666 0.0225
2 0.4127604166666667 0.4410185185185185 0.02251157407407405 0.0068518518518518095
5 0.5304253472222222 0.4409027777777777 0.03585069444444441 0.011527777777777809
2 0.6705729166666666 0.4454166666666667 0.016145833333333335 0.009166666666666667
5 0.8838541666666667 0.5445833333333333 0.17708333333333334 0.11049999999999992
5 0.40588541666666667 0.5043333333333334 0.014895833333333346 0.020999999999999942
2 0.9427083333333334 0.5541666666666667 0.11458333333333333 0.12833333333333333
5 0.6509375000000001 0.4439166666666667 0.036250000000000074 0.014833333333333391
2 0.2390625 0.50125 0.030208333333333334 0.014166666666666666
2 0.19765625 0.4995833333333333 0.04114583333333333 0.019166666666666665
2 0.8822916666666667 0.44916666666666666 0.03229166666666667 0.011666666666666667
2 0.8682291666666667 0.44958333333333333 0.015625 0.009166666666666667
6 0.2869791666666667 0.32625 0.027083333333333334 0.014166666666666666
6 0.40677083333333336 0.33541666666666664 0.025 0.0125
6 0.9348958333333334 0.15 0.06979166666666667 0.06333333333333334
6 0.63203125 0.4525 0.011979166666666667 0.018333333333333333
2 0.0033854166666666668 0.5058333333333334 0.0067708333333333336 0.02666666666666667
