2 0.09583333333333334 0.6129166666666667 0.19166666666666668 0.17916666666666667
2 0.34401041666666665 0.5175 0.034895833333333334 0.006666666666666667
2 0.6924479166666667 0.5475 0.12552083333333333 0.06333333333333334
5 0.49114583333333334 0.52 0.01875 0.02666666666666667
2 0.36723958333333334 0.5708333333333333 0.1984375 0.10433333333333328
2 0.2950520833333333 0.5341666666666667 0.05677083333333333 0.06
2 0.3694661458333333 0.5132291666666666 0.044921875 0.023958333333333335
2 0.4005208333333333 0.5252083333333334 0.029166666666666667 0.03625
2 0.4193576388888889 0.5304166666666666 0.02482638888888893 0.030833333333333334
2 0.43229166666666663 0.52725 0.02333333333333331 0.029500000000000075
2 0.453125 0.5191666666666667 0.019791666666666666 0.02666666666666667
5 0.475 0.5070833333333333 0.014583333333333334 0.0275
5 0.5075520833333333 0.5120833333333333 0.009895833333333333 0.0225
2 0.4733072916666667 0.4529166666666667 0.02265625 0.006666666666666667
5 0.5865699404761904 0.45065476190476184 0.034747023809523846 0.011071428571428517
2 0.6578125 0.4554166666666667 0.01875 0.0125
5 0.8785937500000001 0.5407500000000001 0.14802083333333335 0.09216666666666669
5 0.4669791666666666 0.5159166666666667 0.015208333333333298 0.0225
2 0.9359375 0.5475 0.128125 0.10388888888888886
0 0.05963541666666667 0.5129166666666667 0.015104166666666667 0.020833333333333332
5 0.7043750000000001 0.45133333333333325 0.034999999999999906 0.011333333333333258
2 0.2669270833333333 0.5309166666666667 0.01864583333333337 0.03350000000000004
2 0.2682291666666667 0.5133333333333333 0.020833333333333332 0.023333333333333334
2 0.9440104166666666 0.455 0.028645833333333332 0.011666666666666667
2 0.8640625 0.45458333333333334 0.025 0.009166666666666667
6 0.3731770833333333 0.36291666666666667 0.021354166666666667 0.0125
6 0.4747395833333333 0.36791666666666667 0.021354166666666667 0.010833333333333334
6 0.8986979166666667 0.22583333333333333 0.04739583333333333 0.045
6 0.9765625 0.17583333333333334 0.046875 0.045
6 0.6700520833333333 0.4658333333333333 0.0109375 0.016666666666666666
2 0.11666666666666667 0.5170833333333333 0.014583333333333334 0.0225
