5 0.02734375 0.56625 0.0546875 0.18416666666666667
2 0.35963541666666665 0.5991666666666666 0.14947916666666666 0.14333333333333334
2 0.26666666666666666 0.5429166666666667 0.07291666666666667 0.07916666666666666
2 0.3182291666666667 0.5370833333333334 0.0375 0.04083333333333333
2 0.35130208333333335 0.5191666666666667 0.0359375 0.025
2 0.3768229166666667 0.5170833333333333 0.0296875 0.029166666666666667
2 0.4 0.52625 0.020833333333333332 0.030833333333333334
5 0.45677083333333335 0.52625 0.015625 0.020833333333333332
2 0.4388020833333333 0.52875 0.021354166666666667 0.0275
2 0.4122395833333333 0.5295833333333333 0.0109375 0.025833333333333333
2 0.5166666666666667 0.5304166666666666 0.036458333333333336 0.059166666666666666
5 0.15833333333333333 0.5608333333333333 0.15416666666666667 0.115
2 0.4236979166666667 0.5295833333333333 0.011979166666666667 0.0225
5 0.1578125 0.5645833333333333 0.15104166666666666 0.12083333333333333
2 0.4809027777777778 0.5234722222222222 0.009375 0.0125
