5 0.040625 0.5608333333333333 0.08125 0.18
2 0.36015625 0.6004166666666667 0.1515625 0.14416666666666667
2 0.278125 0.5416666666666666 0.06979166666666667 0.07666666666666666
2 0.3268229166666667 0.5295833333333333 0.0359375 0.029166666666666667
2 0.3606770833333333 0.5191666666666667 0.034895833333333334 0.02666666666666667
2 0.384375 0.5166666666666667 0.028125 0.028333333333333332
2 0.4075520833333333 0.5279166666666667 0.0203125 0.034166666666666665
5 0.4635416666666667 0.52625 0.015625 0.020833333333333332
2 0.44557291666666665 0.52875 0.021354166666666667 0.0275
2 0.41953125 0.5295833333333333 0.011979166666666667 0.025833333333333333
2 0.5223958333333333 0.5291666666666667 0.036458333333333336 0.06333333333333334
5 0.1765625 0.5583333333333333 0.146875 0.11
2 0.43125 0.5279166666666667 0.0125 0.0225
5 0.178125 0.5595833333333333 0.14791666666666667 0.12083333333333333
2 0.4874131944444445 0.5230555555555555 0.009375 0.0125
