2 0.36041666666666666 0.5954166666666667 0.14270833333333333 0.13416666666666666
2 0.23984375 0.5470833333333334 0.08177083333333333 0.08416666666666667
2 0.2981770833333333 0.54375 0.043229166666666666 0.0525
2 0.3341145833333333 0.5229166666666667 0.03697916666666667 0.0325
2 0.3609375 0.5166666666666667 0.03125 0.02666666666666667
2 0.3846354166666667 0.5225 0.0203125 0.018333333333333333
5 0.44427083333333334 0.5270833333333333 0.016666666666666666 0.020833333333333332
2 0.42578125 0.5308333333333334 0.0234375 0.028333333333333332
2 0.39817708333333335 0.5266666666666666 0.011979166666666667 0.018333333333333333
2 0.50625 0.5304166666666666 0.036458333333333336 0.060833333333333336
5 0.11692708333333333 0.5666666666666667 0.1765625 0.12333333333333334
2 0.41041666666666665 0.5316666666666666 0.0125 0.025
5 0.11197916666666667 0.5675 0.18541666666666667 0.13
2 0.46875 0.5234027777777778 0.009375 0.01180555555555562
