2 0.20625 0.5395833333333333 0.08645833333333333 0.08083333333333333
2 0.6307291666666667 0.5458333333333333 0.15104166666666666 0.07666666666666666
5 0.4088541666666667 0.5020833333333333 0.015625 0.0175
2 0.42109375 0.5883333333333334 0.2953125 0.15666666666666668
2 0.11041666666666666 0.52875 0.10416666666666667 0.08916666666666667
2 0.25104166666666666 0.5220833333333333 0.06666666666666667 0.07416666666666667
2 0.28932291666666665 0.51875 0.04010416666666667 0.0575
2 0.3197048611111111 0.5194444444444444 0.02795138888888893 0.03333333333333333
2 0.3405729166666666 0.5123333333333333 0.02677083333333332 0.025999999999999943
2 0.36395833333333333 0.5049166666666666 0.021666666666666678 0.02449999999999998
5 0.390625 0.49291666666666667 0.014583333333333334 0.029166666666666667
5 0.42604166666666665 0.49833333333333335 0.010416666666666666 0.021666666666666667
2 0.3884765625 0.43645833333333334 0.023828125 0.008333333333333333
5 0.5067708333333333 0.4370833333333333 0.035416666666666666 0.010833333333333334
2 0.65625 0.44125 0.026041666666666668 0.009166666666666667
5 0.8697916666666666 0.5423333333333334 0.18229166666666666 0.11433333333333337
5 0.3803645833333334 0.5020000000000001 0.015104166666666667 0.02300000000000002
2 0.93671875 0.5533333333333333 0.1265625 0.135
5 0.6260416666666667 0.44116666666666654 0.03312500000000007 0.013666666666666648
2 0.20625 0.495 0.026041666666666668 0.011666666666666667
2 0.16901041666666666 0.495 0.04010416666666667 0.021666666666666667
2 0.8557291666666667 0.4475 0.030208333333333334 0.013333333333333334
6 0.2520833333333333 0.31333333333333335 0.028125 0.015
6 0.37786458333333334 0.32375 0.0265625 0.014166666666666666
6 0.9286458333333333 0.13083333333333333 0.075 0.06833333333333333
6 0.6104166666666667 0.44666666666666666 0.0125 0.018333333333333333
