2 0.9442708333333333 0.85125 0.11145833333333334 0.2975
2 0.5450520833333333 0.5175 0.018229166666666668 0.02666666666666667
5 0.4875 0.5158333333333334 0.028125 0.03666666666666667
5 0.3971354166666667 0.51 0.06927083333333334 0.04833333333333333
2 0.37395833333333334 0.5225 0.05 0.028333333333333332
2 0.5190104166666667 0.515 0.0109375 0.016666666666666666
2 0.4700520833333333 0.52125 0.013020833333333334 0.020833333333333332
2 0.26979166666666665 0.535 0.052083333333333336 0.04
2 0.6361979166666667 0.5670833333333334 0.08385416666666666 0.1075
2 0.8502604166666666 0.6879166666666666 0.2994791666666667 0.33916666666666667
2 0.6955729166666667 0.6016666666666667 0.13489583333333333 0.165
2 0.2375 0.5329166666666667 0.08125 0.049166666666666664
2 0.45807291666666666 0.5220833333333333 0.0171875 0.0225
5 0.53828125 0.5095833333333334 0.021354166666666667 0.035833333333333335
2 0.17421875 0.5479166666666667 0.06614583333333333 0.0575
2 0.10416666666666667 0.55125 0.09895833333333333 0.0675
2 0.5028645833333333 0.51 0.0078125 0.011666666666666667
