2 0.22864583333333333 0.57875 0.14895833333333333 0.11916666666666667
2 0.32369791666666664 0.5491666666666667 0.0796875 0.09333333333333334
2 0.42864583333333334 0.5104166666666666 0.034375 0.04416666666666667
2 0.45755208333333336 0.4979166666666667 0.022395833333333334 0.034166666666666665
2 0.52890625 0.48625 0.009895833333333333 0.014166666666666666
2 0.47760416666666666 0.49166666666666664 0.0125 0.021666666666666667
2 0.4872395833333334 0.48902777777777773 0.008159722222222261 0.015833333333333335
2 0.4701171875 0.4959375 0.008203125 0.028125
0 0.7690104166666667 0.6183333333333333 0.0796875 0.31
2 0.546875 0.48833333333333334 0.014583333333333334 0.02
2 0.50703125 0.48583333333333334 0.0109375 0.015
2 0.35520833333333335 0.5133333333333333 0.0375 0.04
2 0.44703125 0.5071666666666667 0.009895833333333333 0.03600000000000004
7 0.653125 0.44458333333333333 0.020833333333333332 0.034166666666666665
5 0.8919270833333334 0.6479166666666667 0.21614583333333334 0.5358333333333334
2 0.65703125 0.535 0.0734375 0.07666666666666666
2 0.7197916666666667 0.5810416666666667 0.05520833333333333 0.13541666666666666
2 0.75703125 0.4979166666666667 0.03802083333333333 0.0325
2 0.8065104166666667 0.49833333333333335 0.05364583333333333 0.041666666666666664
