5 0.19505208333333332 0.5204166666666666 0.18697916666666667 0.13083333333333333
2 0.37838541666666664 0.54125 0.0390625 0.049166666666666664
2 0.40520833333333334 0.5341666666666667 0.028125 0.04
2 0.43020833333333336 0.53125 0.023958333333333335 0.0275
2 0.44036458333333334 0.52625 0.019270833333333334 0.029166666666666667
2 0.45651041666666664 0.5197916666666667 0.018229166666666668 0.02375
2 0.4651909722222223 0.5137499999999999 0.011979166666666667 0.020277777777777714
2 0.5080729166666667 0.5096875 0.0109375 0.015208333333333334
2 0.47540922619047615 0.5122023809523809 0.005282738095238078 0.013452380952380926
2 0.47994791666666664 0.5095833333333334 0.0046875 0.010833333333333334
2 0.5764583333333332 0.5341666666666667 0.04520833333333331 0.0626666666666666
2 0.07513020833333334 0.5625 0.15026041666666667 0.09333333333333334
5 0.3015625 0.5383333333333333 0.030208333333333334 0.056666666666666664
5 0.15078125 0.5541666666666667 0.09739583333333333 0.08333333333333333
2 0.47248263888888886 0.5144444444444445 0.0036458333333333334 0.016666666666666666
0 0.5325694444444445 0.5250555555555555 0.007083333333333404 0.038222222222222324
2 0.5209201388888889 0.5093055555555556 0.009895833333333333 0.0125
2 0.4910528273809524 0.5069940476190474 0.01372767857142853 0.011964285714285646
5 0.5533854166666666 0.5129166666666667 0.0390625 0.0725
5 0.5963541666666666 0.5183333333333333 0.009375 0.02
2 0.4210069444444445 0.5165277777777778 0.009722222222222262 0.013055555555555619
5 0.2833333333333333 0.55625 0.021875 0.035833333333333335
