2 0.90703125 0.77125 0.1859375 0.4575
2 0.7794270833333333 0.6129166666666667 0.2828125 0.2758333333333333
2 0.6645833333333333 0.54875 0.13125 0.17083333333333334
2 0.5330729166666667 0.5004166666666666 0.016145833333333335 0.0225
5 0.48828125 0.4995833333333333 0.0171875 0.0275
5 0.4041666666666667 0.4975 0.059375 0.043333333333333335
2 0.38567708333333334 0.5066666666666667 0.043229166666666666 0.023333333333333334
2 0.5114583333333333 0.50125 0.010416666666666666 0.015833333333333335
2 0.47109375 0.5041666666666667 0.019270833333333334 0.021666666666666667
2 0.31145833333333334 0.5166666666666667 0.03854166666666667 0.03
2 0.5747395833333333 0.5233333333333333 0.03802083333333333 0.06333333333333334
2 0.60234375 0.5433333333333333 0.03697916666666667 0.10666666666666667
2 0.58203125 0.5320833333333334 0.03177083333333333 0.07916666666666666
2 0.290625 0.5154166666666666 0.05520833333333333 0.0375
2 0.45625 0.50625 0.014583333333333334 0.020833333333333332
5 0.5286458333333334 0.49416666666666664 0.019791666666666666 0.03333333333333333
2 0.25546875 0.5245833333333333 0.04635416666666667 0.0375
