2 0.8489583333333334 0.7270833333333333 0.3020833333333333 0.5075
2 0.721875 0.5804166666666667 0.18854166666666666 0.2325
2 0.5375 0.51375 0.016666666666666666 0.024166666666666666
5 0.4901041666666667 0.5129166666666667 0.01875 0.029166666666666667
5 0.40390625 0.5095833333333334 0.0609375 0.04416666666666667
2 0.38359375 0.5208333333333334 0.04635416666666667 0.02666666666666667
2 0.51484375 0.5129166666666667 0.009895833333333333 0.015833333333333335
2 0.471875 0.5183333333333333 0.01875 0.021666666666666667
2 0.30807291666666664 0.53125 0.03177083333333333 0.034166666666666665
2 0.5869791666666667 0.54 0.04479166666666667 0.07166666666666667
2 0.6299479166666667 0.5675 0.058854166666666666 0.13333333333333333
2 0.6005208333333333 0.5516666666666666 0.04583333333333333 0.09333333333333334
2 0.28125 0.53 0.059375 0.041666666666666664
2 0.4578125 0.52 0.015625 0.021666666666666667
5 0.5322916666666667 0.5066666666666667 0.01875 0.035
2 0.2359375 0.5395833333333333 0.053125 0.04416666666666667
