2 0.14348958333333334 0.59875 0.20989583333333334 0.15083333333333335
2 0.27734375 0.555 0.1046875 0.11166666666666666
2 0.4125 0.5095833333333334 0.036458333333333336 0.0475
2 0.44485677083333336 0.49625 0.022786458333333332 0.035833333333333335
2 0.5192708333333333 0.48541666666666666 0.010416666666666666 0.014166666666666666
2 0.46588541666666666 0.49 0.0140625 0.021666666666666667
2 0.4765625 0.48770833333333335 0.007291666666666667 0.01625
2 0.45729166666666665 0.4945833333333333 0.009375 0.029166666666666667
0 0.9197916666666667 0.6808333333333333 0.12395833333333334 0.49166666666666664
2 0.5377604166666666 0.4866666666666667 0.014583333333333334 0.020833333333333332
2 0.49713541666666666 0.48333333333333334 0.0109375 0.015
2 0.33645833333333336 0.5145833333333333 0.034375 0.0475
2 0.4334635416666667 0.5060416666666666 0.01015625 0.03875
7 0.6606770833333333 0.43666666666666665 0.024479166666666666 0.03666666666666667
5 0.9739583333333334 0.7379166666666667 0.052083333333333336 0.3475
2 0.66796875 0.5404166666666667 0.08697916666666666 0.08916666666666667
2 0.8145833333333333 0.6075 0.171875 0.18833333333333332
2 0.7791666666666667 0.51375 0.04479166666666667 0.0675
2 0.85 0.4995833333333333 0.13020833333333334 0.049166666666666664
2 0.9708333333333333 0.5091666666666667 0.058333333333333334 0.12666666666666668
2 0.95078125 0.5029166666666667 0.0984375 0.13583333333333333
2 0.8963541666666667 0.47833333333333333 0.020833333333333332 0.02
