5 0.11640625 0.5270833333333333 0.2328125 0.1675
2 0.35078125 0.5495833333333333 0.050520833333333334 0.060833333333333336
2 0.38828125 0.54 0.0328125 0.045
2 0.4192708333333333 0.53375 0.028125 0.030833333333333334
2 0.43342013888888886 0.5280555555555555 0.019965277777777738 0.031111111111111048
2 0.4521990740740741 0.5186574074074074 0.019444444444444407 0.024166666666666666
2 0.4619318181818181 0.5118939393939395 0.012784090909090887 0.021666666666666667
2 0.5072916666666667 0.5073611111111112 0.010416666666666666 0.016388888888888953
2 0.47322916666666676 0.5096666666666667 0.006041666666666679 0.013333333333333334
2 0.478125 0.5083333333333333 0.005208333333333333 0.011666666666666667
2 0.59296875 0.5404166666666667 0.058854166666666666 0.08083333333333333
2 0.0033854166666666668 0.6108333333333333 0.0067708333333333336 0.07166666666666667
5 0.24427083333333333 0.5391666666666667 0.06145833333333333 0.08833333333333333
5 0.04791666666666667 0.5766666666666667 0.09583333333333334 0.11166666666666666
2 0.46979166666666666 0.5133333333333333 0.004166666666666667 0.018333333333333333
0 0.5353298611111111 0.52375 0.010243055555555595 0.04583333333333333
2 0.520703125 0.506875 0.01015625 0.01375
2 0.490284455128205 0.501698717948718 0.013661858974358882 0.013141025641025787
5 0.5611235119047621 0.5127380952380953 0.04680059523809537 0.08476190476190482
2 0.4122395833333333 0.5179166666666667 0.013020833333333334 0.0175
5 0.22135416666666666 0.5654166666666667 0.028125 0.05583333333333333
