5 0.240625 0.51875 0.16458333333333333 0.10083333333333333
2 0.39505208333333336 0.5366666666666666 0.0328125 0.041666666666666664
2 0.41744791666666664 0.5320833333333334 0.021354166666666667 0.035833333333333335
2 0.43671875 0.5291666666666667 0.0203125 0.025
2 0.44516369047619053 0.5253571428571429 0.017113095238095254 0.02571428571428574
2 0.45859375 0.5191666666666667 0.016145833333333335 0.021666666666666667
2 0.46640625 0.5141666666666667 0.0109375 0.018333333333333333
2 0.5084635416666666 0.51 0.0109375 0.015
2 0.47604166666666664 0.5125833333333333 0.005208333333333333 0.0125
2 0.4796875 0.5095833333333334 0.004166666666666667 0.009166666666666667
2 0.5654427083333334 0.5291250000000001 0.03734375000000002 0.05291666666666667
2 0.15286458333333333 0.5504166666666667 0.14427083333333332 0.07583333333333334
5 0.3333333333333333 0.5391666666666667 0.01875 0.04
5 0.21536458333333333 0.54625 0.08177083333333333 0.06583333333333333
2 0.47317708333333336 0.515 0.0026041666666666665 0.014500000000000075
0 0.5296585648148148 0.5234259259259259 0.004745370370370357 0.03305555555555571
2 0.5197916666666667 0.5094166666666666 0.009375 0.0125
2 0.4907291666666667 0.5073333333333333 0.012708333333333321 0.012333333333333295
5 0.5471354166666667 0.5133333333333333 0.034895833333333334 0.06666666666666667
5 0.5861979166666667 0.5179166666666667 0.008854166666666666 0.020833333333333332
2 0.4276041666666667 0.5183333333333333 0.005208333333333333 0.013333333333333334
