2 0.13463541666666667 0.6054166666666667 0.21614583333333334 0.15583333333333332
2 0.27265625 0.56125 0.10677083333333333 0.11416666666666667
2 0.41171875 0.5141666666666667 0.03802083333333333 0.04833333333333333
2 0.44375 0.5004166666666666 0.022916666666666665 0.035833333333333335
2 0.5184895833333333 0.48875 0.009895833333333333 0.014166666666666666
2 0.46484375 0.49416666666666664 0.0140625 0.021666666666666667
2 0.47552083333333334 0.4920833333333333 0.007291666666666667 0.015833333333333335
2 0.45625 0.49916666666666665 0.009375 0.03
0 0.934375 0.69625 0.12708333333333333 0.5158333333333334
2 0.5369791666666667 0.49041666666666667 0.014583333333333334 0.020833333333333332
2 0.49661458333333336 0.4875 0.0109375 0.015
2 0.334375 0.5195833333333333 0.034375 0.0475
2 0.4322916666666667 0.5104166666666666 0.010416666666666666 0.03916666666666667
7 0.66171875 0.4404166666666667 0.024479166666666666 0.0375
5 0.9864583333333333 0.75625 0.027083333333333334 0.31083333333333335
2 0.6692708333333334 0.5441666666666667 0.08958333333333333 0.09
2 0.82421875 0.6116666666666667 0.1828125 0.19833333333333333
2 0.7807291666666667 0.5158333333333334 0.04479166666666667 0.06333333333333334
2 0.8544270833333333 0.5016666666666667 0.13177083333333334 0.04666666666666667
2 0.9502604166666667 0.48791666666666667 0.09947916666666666 0.08083333333333333
2 0.95078125 0.4895833333333333 0.0984375 0.10916666666666666
2 0.9026041666666667 0.4825 0.036458333333333336 0.023333333333333334
