2 0.85390625 0.7366666666666667 0.2921875 0.5266666666666666
2 0.73046875 0.58625 0.1984375 0.2425
2 0.5390625 0.5145833333333333 0.016666666666666666 0.024166666666666666
5 0.4901041666666667 0.5145833333333333 0.01875 0.029166666666666667
5 0.4036458333333333 0.51375 0.06145833333333333 0.0475
2 0.38333333333333336 0.5225 0.046875 0.02666666666666667
2 0.51484375 0.5145833333333333 0.009895833333333333 0.015833333333333335
2 0.47213541666666664 0.52 0.018229166666666668 0.021666666666666667
2 0.30625 0.5329166666666667 0.034375 0.034166666666666665
2 0.5890625 0.5420833333333334 0.04583333333333333 0.0725
2 0.6354166666666666 0.57 0.06354166666666666 0.13666666666666666
2 0.60234375 0.5529166666666666 0.0453125 0.09416666666666666
2 0.2794270833333333 0.5316666666666666 0.059895833333333336 0.043333333333333335
2 0.4583333333333333 0.5216666666666666 0.015625 0.021666666666666667
5 0.5328125 0.5083333333333333 0.01875 0.035
2 0.23333333333333334 0.5420833333333334 0.053125 0.04583333333333333
2 0.21041666666666667 0.5458333333333333 0.030208333333333334 0.05
