0 0.6364583333333333 0.56375 0.015625 0.0675
0 0.65546875 0.56125 0.0171875 0.0675
2 0.5653645833333333 0.5616666666666666 0.0484375 0.045
5 0.5484375 0.5495833333333333 0.036458333333333336 0.049166666666666664
6 0.4890625 0.06125 0.03125 0.1225
6 0.26536458333333335 0.095 0.030729166666666665 0.135
2 0.46640625 0.5429166666666667 0.015104166666666667 0.020833333333333332
2 0.42916666666666664 0.5491666666666667 0.019791666666666666 0.025
2 0.4171875 0.5541666666666667 0.013541666666666667 0.03166666666666667
5 0.37942708333333336 0.5570833333333334 0.050520833333333334 0.059166666666666666
5 0.29609375 0.5645833333333333 0.10364583333333334 0.09916666666666667
2 0.24739583333333334 0.5475 0.03333333333333333 0.03166666666666667
2 0.178125 0.6070833333333333 0.17708333333333334 0.1325
2 0.13723958333333333 0.5470833333333334 0.024479166666666666 0.0275
2 0.9385416666666667 0.59375 0.12291666666666666 0.12416666666666666
0 0.5546875 0.5595833333333333 0.010416666666666666 0.04583333333333333
2 0.40729166666666666 0.5533333333333333 0.021875 0.043333333333333335
2 0.31744791666666666 0.5316666666666666 0.0171875 0.018333333333333333
2 0.23211805555555556 0.5365277777777777 0.019791666666666666 0.013055555555555523
2 0.486328125 0.56375 0.06276041666666667 0.1
2 0.17552083333333332 0.5325 0.065625 0.028333333333333332
2 0.5145833333333333 0.54375 0.013541666666666667 0.0175
2 0.44973958333333336 0.54125 0.013020833333333334 0.0225
2 0.2109375 0.5275 0.028125 0.01
5 0.1470982142857143 0.5170238095238096 0.048363095238095254 0.03571428571428574
