0 0.5942708333333333 0.5429166666666667 0.0125 0.049166666666666664
0 0.6088541666666667 0.54125 0.011458333333333333 0.0475
2 0.5513020833333333 0.54375 0.03697916666666667 0.035833333333333335
5 0.9 0.5379166666666667 0.2 0.17916666666666667
5 0.5385416666666667 0.53625 0.028125 0.03916666666666667
6 0.49166666666666664 0.3025 0.013541666666666667 0.065
6 0.3854166666666667 0.31375 0.014583333333333334 0.060833333333333336
2 0.4705729166666667 0.5320833333333334 0.011979166666666667 0.0175
2 0.43776041666666665 0.5395833333333333 0.018229166666666668 0.020833333333333332
2 0.43020833333333336 0.5420833333333334 0.010416666666666666 0.0275
5 0.4049479166666667 0.5420833333333334 0.033854166666666664 0.04583333333333333
5 0.36380208333333336 0.54625 0.05677083333333333 0.0675
2 0.2955729166666667 0.5395833333333333 0.028645833333333332 0.030833333333333334
2 0.31692708333333336 0.5654166666666667 0.0796875 0.07416666666666667
2 0.25833333333333336 0.555 0.016666666666666666 0.03666666666666667
2 0.7736979166666667 0.5533333333333333 0.0734375 0.075
6 0.8255208333333334 0.4041666666666667 0.01875 0.058333333333333334
0 0.5401041666666667 0.54125 0.008333333333333333 0.034166666666666665
6 0.22708333333333333 0.43166666666666664 0.011458333333333333 0.043333333333333335
2 0.42421875 0.5416666666666666 0.015104166666666667 0.035
5 0.33359375 0.5233333333333333 0.027604166666666666 0.013333333333333334
2 0.34661458333333334 0.52375 0.007465277777777797 0.0125
2 0.2783854166666666 0.5311666666666666 0.01552083333333331 0.01466666666666659
2 0.48880208333333336 0.55375 0.06666666666666667 0.105
2 0.26536458333333335 0.5404166666666667 0.0296875 0.04416666666666667
2 0.5143229166666666 0.5329166666666667 0.0078125 0.015833333333333335
