2 0.47213541666666664 0.5520833333333334 0.07239583333333334 0.11583333333333333
2 0.01875 0.70375 0.0375 0.1375
2 0.3388020833333334 0.5559166666666665 0.08218749999999998 0.07283333333333322
2 0.28424479166666666 0.5708333333333333 0.07890625 0.07833333333333334
2 0.2038541666666667 0.5993333333333334 0.13833333333333334 0.11766666666666661
0 0.24635416666666668 0.5290625 0.013802083333333333 0.030208333333333334
0 0.26186755952380947 0.5242857142857142 0.012425595238095225 0.025238095238095278
0 0.28111979166666656 0.5226666666666667 0.014739583333333368 0.022166666666666498
2 0.51734375 0.5322916666666667 0.014270833333333262 0.034583333333333334
2 0.5273763020833333 0.5357291666666667 0.0298828125 0.039375
5 0.7167968750000002 0.5247916666666667 0.16151041666666674 0.08708333333333333
2 0.509826388888889 0.5309166666666668 0.010069444444444464 0.03338888888888893
2 0.4282291666666666 0.53375 0.012291666666666737 0.0275
0 0.7188419117647058 0.5506372549019608 0.0295955882352942 0.11401960784313711
2 0.42026041666666664 0.53575 0.017812500000000023 0.03350000000000004
2 0.42640625 0.5366666666666666 0.009062499999999928 0.023333333333333334
2 0.40619791666666677 0.5373333333333332 0.029479166666666737 0.03566666666666663
2 0.6398177083333335 0.5290416666666666 0.047135416666666666 0.04591666666666678
5 0.37052083333333347 0.5400833333333331 0.044583333333333405 0.059499999999999886
2 0.44411458333333337 0.5300000000000001 0.009895833333333333 0.015666666666666627
2 0.40145833333333336 0.543 0.02062500000000007 0.032666666666666705
2 0.8770833333333333 0.535 0.12083333333333333 0.06666666666666667
0 0.8005208333333335 0.5227499999999999 0.010000000000000142 0.04416666666666667
2 0.39276041666666667 0.5459166666666665 0.01281250000000007 0.036166666666666555
2 0.9783854166666667 0.55 0.043229166666666666 0.065
2 0.501927083333333 0.5274999999999993 0.004791666666666335 0.016333333333333068
