2 0.4934895833333333 0.55375 0.0734375 0.11583333333333333
5 0.8395833333333333 0.5966666666666667 0.32083333333333336 0.41
2 0.09463541666666667 0.6555833333333334 0.18927083333333333 0.18550000000000003
2 0.31729166666666664 0.5718333333333334 0.07791666666666673 0.07833333333333334
2 0.42328124999999994 0.5388333333333333 0.050520833333333334 0.04266666666666661
2 0.39765625 0.5454166666666667 0.026979166666666703 0.04183333333333328
2 0.3720238095238095 0.5519047619047619 0.04851190476190474 0.048809523809523796
2 0.07239583333333334 0.5466666666666666 0.12916666666666668 0.065
0 0.3400173611111111 0.528638888888889 0.009826388888888893 0.028833333333333353
0 0.3497395833333333 0.5279166666666667 0.009895833333333333 0.029166666666666667
0 0.36510416666666656 0.5206250000000002 0.006979166666666595 0.01341666666666678
2 0.5318229166666668 0.5279166666666668 0.010625000000000107 0.026166666666666838
2 0.5368229166666667 0.5294166666666669 0.021770833333333368 0.028166666666666725
0 0.8901041666666667 0.7004166666666667 0.09479166666666666 0.4025
5 0.6540798611111112 0.520277777777778 0.10017361111111119 0.05611111111111114
2 0.5240885416666665 0.5254166666666666 0.007552083333333274 0.023333333333333237
2 0.4591145833333333 0.5318333333333334 0.0078125 0.022000000000000075
0 0.6424479166666667 0.5327777777777777 0.01753472222222226 0.06388888888888886
2 0.4541145833333333 0.5321666666666668 0.01114583333333338 0.02533333333333341
2 0.4578125 0.535 0.007291666666666667 0.018333333333333333
2 0.44531250000000006 0.5332500000000001 0.016875000000000046 0.026500000000000058
2 0.6098958333333333 0.5220833333333333 0.020833333333333332 0.0275
5 0.42239583333333336 0.5158333333333334 0.020833333333333332 0.006666666666666667
2 0.46796875 0.5296666666666667 0.006354166666666631 0.013666666666666742
2 0.44973958333333336 0.5343333333333333 0.015104166666666667 0.025833333333333333
