2 0.48828125 0.55375 0.0734375 0.11583333333333333
5 0.82890625 0.585 0.3421875 0.3516666666666667
2 0.10338541666666666 0.64625 0.20677083333333332 0.1775
2 0.3203125 0.5691666666666667 0.07395833333333333 0.075
2 0.49583333333333335 0.5208333333333334 0.03229166666666667 0.006666666666666667
2 0.42109375 0.5383333333333333 0.049479166666666664 0.041666666666666664
2 0.3966145833333333 0.5445833333333333 0.024479166666666666 0.04083333333333333
2 0.37083333333333335 0.5525 0.04895833333333333 0.05
2 0.08463541666666667 0.5445833333333333 0.12239583333333333 0.060833333333333336
0 0.3372395833333333 0.52375 0.009895833333333333 0.019166666666666665
0 0.34865056818181817 0.5270454545454546 0.010653409090909113 0.026212121212121246
0 0.36510416666666656 0.5202083333333335 0.006770833333333215 0.012916666666666856
2 0.5289062500000001 0.5270833333333336 0.010416666666666725 0.025833333333333427
2 0.53203125 0.52875 0.021354166666666667 0.0275
0 0.8411458333333334 0.6670833333333334 0.071875 0.33916666666666667
5 0.6421875 0.5195833333333333 0.0875 0.05416666666666667
2 0.5196614583333333 0.5248611111111111 0.007725694444444405 0.022777777777777716
2 0.4549479166666667 0.5316666666666666 0.0078125 0.021666666666666667
0 0.6346354166666667 0.5318939393939394 0.016240530303030336 0.062121212121212084
2 0.45026041666666666 0.5316666666666666 0.0109375 0.025
2 0.4544270833333333 0.5345833333333333 0.005729166666666666 0.0175
2 0.44166666666666665 0.5329166666666667 0.016666666666666666 0.025833333333333333
2 0.6106770833333334 0.5216666666666666 0.0328125 0.02666666666666667
5 0.41796875 0.51625 0.0203125 0.005833333333333334
2 0.46328125 0.5291666666666667 0.005729166666666666 0.013333333333333334
