2 0.4791666666666667 0.5535416666666667 0.07239583333333334 0.11541666666666667
2 0.08079427083333333 0.6619791666666667 0.16158854166666667 0.201875
2 0.36111979166666663 0.5529999999999999 0.07255208333333336 0.0648333333333334
2 0.31614583333333335 0.5658333333333333 0.06354166666666666 0.06833333333333333
2 0.25578125 0.5857500000000001 0.10697916666666668 0.0973333333333334
0 0.26798177083333324 0.5269791666666667 0.01210937499999997 0.02262500000000017
0 0.28421874999999996 0.5260833333333333 0.01260416666666669 0.02649999999999996
0 0.30010416666666656 0.5225416666666667 0.014218749999999917 0.0210833333333332
2 0.5203255208333333 0.5322500000000002 0.012109375 0.032750000000000154
2 0.5305871212121213 0.5349621212121213 0.027840909090909114 0.036742424242424174
5 0.702421875 0.5247499999999999 0.14723958333333348 0.07925000000000011
2 0.5128125000000001 0.531625 0.008645833333333346 0.031916666666666725
2 0.43523437500000006 0.534625 0.011614583333333369 0.026916666666666724
0 0.7008333333333334 0.5475416666666666 0.026145833333333476 0.10025000000000006
2 0.4276041666666667 0.5368333333333334 0.016458333333333346 0.03133333333333335
2 0.43359375 0.5378333333333333 0.008645833333333346 0.023333333333333334
2 0.4154166666666666 0.5379583333333333 0.026979166666666703 0.03358333333333339
2 0.6365451388888889 0.529050925925926 0.046875 0.04254629629629638
5 0.38390625000000006 0.5383333333333331 0.04197916666666668 0.05266666666666661
2 0.44979166666666676 0.5314583333333335 0.009895833333333333 0.01608333333333339
2 0.41153645833333324 0.5422083333333334 0.018489583333333334 0.03108333333333339
2 0.8483854166666667 0.5366249999999999 0.10541666666666659 0.06125
0 0.7789062499999998 0.5251249999999998 0.010104166666666596 0.03875
2 0.40382812499999987 0.5451249999999999 0.011406249999999929 0.03241666666666665
2 0.9341145833333333 0.545 0.0421875 0.06
2 0.5057291666666667 0.5275 0.00625 0.016666666666666666
