2 0.48541666666666666 0.549375 0.06979166666666667 0.10958333333333334
5 0.609237938596491 0.5268201754385966 0.08788377192982443 0.115921052631579
5 0.12708333333333333 0.6204166666666666 0.25416666666666665 0.20583333333333334
2 0.2859375 0.5725 0.09375 0.105
2 0.3390625 0.5625 0.052083333333333336 0.06333333333333334
2 0.38984375 0.54375 0.0390625 0.04583333333333333
5 0.05390625 0.5516666666666666 0.1078125 0.07666666666666666
2 0.5072916666666667 0.5245833333333333 0.019791666666666666 0.029166666666666667
2 0.4466145833333333 0.5266666666666666 0.033854166666666664 0.03166666666666667
2 0.425 0.5320833333333334 0.016666666666666666 0.029166666666666667
2 0.41328125 0.5354166666666667 0.025520833333333333 0.0325
2 0.13671875 0.5258333333333334 0.0578125 0.023333333333333334
2 0.24505208333333334 0.5358333333333334 0.05260416666666667 0.04833333333333333
2 0.6953125 0.58375 0.15416666666666667 0.13583333333333333
0 0.37213541666666666 0.5229166666666667 0.008854166666666666 0.024166666666666666
0 0.38174189814814813 0.5163888888888889 0.00839120370370369 0.013518518518518477
0 0.3904605263157897 0.5097368421052632 0.007565789473684367 0.01087719298245607
2 0.5190104166666667 0.51625 0.0078125 0.0125
2 0.5253077651515151 0.5199621212121213 0.017282196969697003 0.023409090909090935
0 0.6513020833333333 0.5633333333333334 0.0296875 0.04666666666666667
0 0.6348958333333333 0.5301282051282051 0.021153846153846228 0.06692307692307699
