2 0.5046875 0.5545833333333333 0.07291666666666667 0.11416666666666667
5 0.8815104166666666 0.6333333333333333 0.23697916666666666 0.505
2 0.05572916666666667 0.6754166666666667 0.11145833333333334 0.17916666666666667
2 0.30213541666666666 0.5793333333333334 0.09260416666666664 0.0903333333333334
2 0.42609375000000005 0.5405833333333333 0.05364583333333333 0.04616666666666655
2 0.39875000000000005 0.5476666666666666 0.03229166666666667 0.04533333333333322
2 0.3703125 0.5566666666666666 0.05416666666666667 0.058333333333333334
2 0.053385416666666664 0.5625 0.10677083333333333 0.10166666666666667
0 0.341796875 0.5304166666666666 0.010416666666666666 0.03375
0 0.35305059523809523 0.526547619047619 0.00922619047619045 0.021666666666666667
0 0.3618229166666667 0.521625 0.00760416666666656 0.014416666666666723
2 0.5372135416666666 0.5299166666666666 0.010468750000000072 0.027666666666666798
2 0.54921875 0.53125 0.022395833333333334 0.029166666666666667
5 0.6758333333333333 0.5222222222222223 0.11000000000000003 0.05944444444444447
2 0.5329963235294118 0.5271813725490195 0.007291666666666726 0.02544117647058812
2 0.46848958333333335 0.5333333333333333 0.008854166666666666 0.023333333333333334
0 0.6682291666666667 0.53875 0.014583333333333334 0.0675
2 0.46223958333333337 0.5331666666666667 0.011770833333333404 0.026333333333333448
2 0.4671875 0.5377500000000001 0.007500000000000047 0.01816666666666663
2 0.4528125 0.53375 0.018124999999999978 0.0275
2 0.63154296875 0.5261979166666667 0.0345703125 0.0321875
5 0.4315104166666667 0.5233333333333333 0.028645833333333332 0.02
2 0.47796874999999994 0.5299166666666666 0.008229166666666643 0.014166666666666666
2 0.45598958333333334 0.5370833333333334 0.008854166666666666 0.025833333333333333
2 0.7461979166666668 0.5226666666666666 0.0140625 0.02566666666666663
