2 0.5270833333333333 0.5641666666666667 0.07083333333333333 0.11166666666666666
2 0.04296875 0.7416666666666667 0.0859375 0.2
5 0.9958333333333333 0.6316666666666667 0.008333333333333333 0.13666666666666666
2 0.8708333333333333 0.5625 0.17291666666666666 0.08833333333333333
2 0.6119791666666666 0.5645833333333333 0.05 0.06916666666666667
2 0.10572916666666667 0.64375 0.21145833333333333 0.19916666666666666
0 0.11744791666666667 0.53125 0.028645833333333332 0.04583333333333333
2 0.4875 0.5416666666666666 0.017708333333333333 0.021666666666666667
2 0.5890625 0.5541666666666667 0.026041666666666668 0.055
0 0.07473958333333333 0.53 0.028645833333333332 0.03166666666666667
0 0.045572916666666664 0.5316666666666666 0.024479166666666666 0.028333333333333332
5 0.2559895833333333 0.5875 0.17239583333333333 0.14833333333333334
2 0.35062499999999996 0.5822499999999999 0.05354166666666664 0.07183333333333337
2 0.3859375 0.57125 0.05 0.0575
2 0.41015625 0.5595833333333333 0.0515625 0.0625
2 0.43515625 0.555 0.0328125 0.051666666666666666
2 0.45081845238095236 0.5551785714285714 0.016369047619047568 0.03488095238095241
2 0.45421875 0.5500833333333335 0.024062500000000025 0.037833333333333406
5 0.5752604166666667 0.5495833333333333 0.021354166666666667 0.050833333333333335
2 0.5538194444444444 0.5340277777777778 0.015972222222222145 0.01805555555555562
2 0.4981770833333333 0.5370833333333334 0.0109375 0.015833333333333335
2 0.5033854166666667 0.5329166666666667 0.0109375 0.010833333333333334
2 0.5088541666666667 0.53 0.008333333333333333 0.013333333333333334
2 0.5604166666666667 0.5425 0.0125 0.018333333333333333
