2 0.47552083333333334 0.5591666666666667 0.07083333333333333 0.11333333333333333
2 0.20625 0.6029166666666667 0.17916666666666667 0.14083333333333334
2 0.08307291666666666 0.6579166666666667 0.16614583333333333 0.19083333333333333
2 0.53203125 0.54375 0.0171875 0.04416666666666667
2 0.5481770833333334 0.5483333333333333 0.0359375 0.05
5 0.8614583333333333 0.5408333333333334 0.2708333333333333 0.14
2 0.5229166666666667 0.5408333333333334 0.0125 0.04
2 0.4234375 0.5433333333333333 0.019791666666666666 0.03333333333333333
0 0.9533854166666667 0.59625 0.058854166666666666 0.2275
2 0.41015625 0.5475 0.025520833333333333 0.04
2 0.42161458333333335 0.5475 0.0109375 0.028333333333333332
2 0.39114583333333336 0.55 0.03854166666666667 0.04666666666666667
2 0.7109375 0.5425 0.08958333333333333 0.06166666666666667
5 0.31927083333333334 0.5616666666666666 0.08020833333333334 0.09
2 0.4479166666666667 0.5379166666666667 0.013541666666666667 0.019166666666666665
2 0.37864583333333335 0.5583333333333333 0.036458333333333336 0.043333333333333335
0 0.99375 0.54375 0.0125 0.0825
2 0.36302083333333335 0.5641666666666667 0.023958333333333335 0.051666666666666666
2 0.5125 0.53625 0.008333333333333333 0.020833333333333332
2 0.50859375 0.5283333333333333 0.009895833333333333 0.015
2 0.49322916666666666 0.5241666666666667 0.010416666666666666 0.01
2 0.27369791666666665 0.57625 0.058854166666666666 0.08416666666666667
2 0.5111979166666667 0.5316666666666666 0.008854166666666666 0.016666666666666666
