2 0.5044270833333333 0.5545833333333333 0.07291666666666667 0.11583333333333333
5 0.9901041666666667 0.7791666666666667 0.019791666666666666 0.215
2 0.2559635416666667 0.5954166666666667 0.12296875000000002 0.11116666666666675
2 0.41486979166666665 0.545 0.05723958333333332 0.051166666666666645
2 0.3839192708333334 0.5534374999999999 0.038498263888888926 0.05131944444444438
2 0.34901041666666666 0.564 0.06604166666666664 0.06583333333333333
2 0.017708333333333333 0.56625 0.035416666666666666 0.11416666666666667
0 0.3264236111111112 0.5279444444444445 0.010486111111111166 0.028555555555555542
0 0.33883463541666664 0.5257291666666667 0.009049479166666667 0.0125
0 0.3526822916666667 0.5225833333333334 0.00859375 0.015249999999999962
2 0.538984375 0.53175 0.009427083333333286 0.03008333333333335
2 0.5491666666666667 0.533875 0.02354166666666669 0.031000000000000038
5 0.687890625 0.52425 0.11953125 0.06375
2 0.5332421875 0.5297083333333333 0.00731770833333331 0.027666666666666704
2 0.46398437499999995 0.5341250000000001 0.009947916666666678 0.024250000000000018
0 0.6805208333333332 0.5467708333333333 0.021458333333333357 0.06929166666666665
2 0.4584375 0.5348749999999999 0.01260416666666669 0.027583333333333352
2 0.4621875 0.5365833333333333 0.008333333333333333 0.017666666666666705
2 0.448203125 0.5357916666666666 0.020572916666666666 0.02941666666666663
2 0.6408617424242424 0.5288446969696969 0.043655303030302996 0.03602272727272729
5 0.4242373511904762 0.5269583333333333 0.03344494047619051 0.028107142857142737
2 0.4755729166666667 0.5315 0.009895833333333333 0.014166666666666666
2 0.44611979166666665 0.5394583333333333 0.014114583333333345 0.02675000000000002
2 0.7786197916666666 0.5244583333333332 0.04203125000000003 0.033416666666666685
0 0.7500260416666666 0.52325 0.005781249999999952 0.0323333333333333
2 0.4393489583333333 0.5382083333333334 0.007968749999999976 0.017916666666666668
