2 0.49322916666666666 0.5554166666666667 0.071875 0.11583333333333333
2 0.17041666666666666 0.6204166666666666 0.18062499999999998 0.14816666666666664
2 0.3921502976190476 0.5493452380952382 0.06361607142857141 0.05607142857142861
2 0.3567708333333333 0.56 0.046875 0.06
2 0.31197916666666675 0.5735000000000001 0.08104166666666673 0.07933333333333337
0 0.2993750000000001 0.5282500000000001 0.010416666666666666 0.019166666666666665
0 0.31520833333333337 0.5253333333333333 0.010625000000000048 0.01866666666666674
0 0.3304166666666667 0.5238333333333333 0.0125 0.019000000000000152
2 0.5299999999999999 0.533 0.010208333333333286 0.03133333333333345
2 0.5405729166666667 0.53575 0.02510416666666669 0.03350000000000004
5 0.69375 0.5263333333333334 0.13125 0.07
2 0.52421875 0.5317261904761904 0.007663690476190392 0.03011904761904759
2 0.45015625000000004 0.5367500000000001 0.010729166666666737 0.025500000000000113
0 0.6893229166666667 0.5480833333333334 0.0234375 0.08616666666666664
2 0.44375 0.53675 0.014791666666666654 0.028833333333333353
2 0.44937499999999997 0.5385833333333334 0.008333333333333333 0.020166666666666704
2 0.4326562500000001 0.5386666666666665 0.02510416666666669 0.03166666666666667
2 0.6409895833333332 0.5305 0.05010416666666646 0.03866666666666655
5 0.4075520833333333 0.5365833333333334 0.03802083333333333 0.04349999999999985
2 0.46380208333333334 0.532638888888889 0.009895833333333333 0.014166666666666666
2 0.4301041666666667 0.5420833333333333 0.015833333333333262 0.02850000000000004
2 0.8125 0.53625 0.08125 0.0525
0 0.7626041666666666 0.5259999999999999 0.007500000000000047 0.0323333333333333
2 0.4233333333333334 0.5445833333333332 0.010000000000000024 0.030166666666666706
