2 0.475 0.5533333333333333 0.071875 0.115
2 0.06067708333333333 0.66375 0.12135416666666667 0.18916666666666668
2 0.35187499999999994 0.5538333333333333 0.0754166666666667 0.06733333333333338
2 0.30364583333333334 0.5679166666666666 0.06875 0.0725
2 0.23677083333333335 0.5911666666666667 0.11687500000000002 0.10400000000000005
0 0.258671875 0.5264583333333334 0.012760416666666666 0.024916666666666743
0 0.27430098684210524 0.5261842105263158 0.013349780701754395 0.028684210526315798
0 0.29072916666666665 0.5219166666666667 0.014479166666666644 0.021499999999999964
2 0.5175260416666666 0.5318333333333334 0.012760416666666666 0.033166666666666726
2 0.5284564393939394 0.5343939393939394 0.028787878787878775 0.03787878787878782
5 0.7051562499999999 0.5243333333333333 0.15218750000000014 0.08216666666666678
2 0.5107291666666668 0.5301666666666667 0.009166666666666679 0.03233333333333339
2 0.4314583333333334 0.5339999999999999 0.011875000000000035 0.02733333333333339
0 0.7049479166666667 0.5429166666666667 0.028645833333333332 0.09583333333333334
2 0.4236979166666667 0.5364166666666667 0.016979166666666677 0.032166666666666684
2 0.4296875 0.537 0.009166666666666679 0.023333333333333334
2 0.41072916666666665 0.5373333333333333 0.0285416666666667 0.03400000000000006
2 0.6348090277777777 0.5282407407407408 0.044270833333333336 0.04370370370370372
5 0.37791666666666673 0.5383333333333333 0.04250000000000001 0.054333333333333275
2 0.44640625 0.5304166666666666 0.009895833333333333 0.016500000000000056
2 0.4064583333333333 0.5424166666666668 0.019791666666666666 0.031500000000000056
2 0.8595833333333334 0.5351666666666666 0.10749999999999993 0.06333333333333334
0 0.7854166666666667 0.52325 0.009583333333333261 0.04083333333333333
2 0.3984895833333333 0.5453333333333332 0.012187499999999988 0.03366666666666665
2 0.9635416666666666 0.5479166666666667 0.07291666666666667 0.06416666666666666
2 0.5036458333333333 0.5291666666666667 0.00625 0.016666666666666666
