2 0.8567708333333334 0.7345833333333334 0.2864583333333333 0.36083333333333334
2 0.7268229166666667 0.5829166666666666 0.19114583333333332 0.2075
2 0.6276041666666666 0.5704166666666667 0.06875 0.10083333333333333
2 0.5971354166666667 0.55125 0.04739583333333333 0.06916666666666667
5 0.5005208333333333 0.53375 0.058333333333333334 0.0825
2 0.5783854166666667 0.5333333333333333 0.05260416666666667 0.06833333333333333
7 0.5442708333333334 0.4716666666666667 0.011458333333333333 0.016666666666666666
5 0.553125 0.52375 0.03854166666666667 0.059166666666666666
2 0.53203125 0.5095833333333334 0.011979166666666667 0.014166666666666666
2 0.10494791666666667 0.6166666666666667 0.20989583333333334 0.16333333333333333
5 0.37005208333333334 0.5283333333333333 0.0453125 0.06166666666666667
2 0.35520833333333335 0.5433333333333333 0.042708333333333334 0.055
2 0.3138020833333333 0.5545833333333333 0.0671875 0.0725
2 0.24192708333333332 0.5766666666666667 0.10052083333333334 0.09666666666666666
2 0.47213541666666664 0.5108333333333334 0.016145833333333335 0.025
2 0.4505208333333333 0.51125 0.020833333333333332 0.024166666666666666
0 0.8791666666666667 0.52125 0.020833333333333332 0.06916666666666667
0 0.13723958333333333 0.52375 0.016145833333333335 0.020833333333333332
0 0.4010416666666667 0.5483333333333333 0.034375 0.085
0 0.3963541666666667 0.5129166666666667 0.004166666666666667 0.020833333333333332
0 0.4083333333333333 0.51 0.003125 0.016666666666666666
2 0.2877604166666667 0.5183333333333333 0.013020833333333334 0.015
