2 0.8947916666666667 0.7466666666666667 0.21041666666666667 0.5033333333333333
5 0.49375 0.5483333333333333 0.08645833333333333 0.11833333333333333
5 0.07161458333333333 0.605 0.14322916666666666 0.23
5 0.6924479166666667 0.5908333333333333 0.21822916666666667 0.21333333333333335
7 0.5786458333333333 0.44875 0.025 0.035833333333333335
0 0.3263020833333333 0.5283333333333333 0.005729166666666666 0.03833333333333333
0 0.32395833333333335 0.5270833333333333 0.007291666666666667 0.0425
0 0.3145833333333333 0.5279166666666667 0.008333333333333333 0.03916666666666667
2 0.8901041666666667 0.535 0.0625 0.03833333333333333
2 0.5942708333333333 0.5320833333333334 0.016666666666666666 0.015833333333333335
5 0.4315104166666667 0.5275 0.0328125 0.04833333333333333
2 0.40572916666666664 0.52375 0.027083333333333334 0.0325
2 0.45416666666666666 0.5216666666666666 0.007291666666666667 0.011666666666666667
0 0.3619791666666667 0.5220833333333333 0.005208333333333333 0.025833333333333333
0 0.15416666666666667 0.5566666666666666 0.020833333333333332 0.06333333333333334
0 0.7653645833333333 0.5166666666666667 0.018229166666666668 0.04666666666666667
2 0.5309895833333333 0.5466666666666666 0.0265625 0.06166666666666667
0 0.13723958333333333 0.5570833333333334 0.03177083333333333 0.060833333333333336
2 0.83125 0.5275 0.041666666666666664 0.043333333333333335
