5 0.8434895833333333 0.69875 0.31302083333333336 0.4775
5 0.490625 0.5283333333333333 0.04375 0.055
2 0.58671875 0.5504166666666667 0.06510416666666667 0.06916666666666667
5 0.5213541666666667 0.5158333333333334 0.016666666666666666 0.03
2 0.38776041666666666 0.5333333333333333 0.0453125 0.055
1 0.014322916666666666 0.6091666666666666 0.028645833333333332 0.07166666666666667
2 0.5348958333333333 0.5195833333333333 0.017708333333333333 0.030833333333333334
2 0.58046875 0.5170833333333333 0.04739583333333333 0.0225
2 0.5583333333333333 0.5316666666666666 0.026041666666666668 0.051666666666666666
2 0.4119791666666667 0.53375 0.0125 0.0375
2 0.41722005208333335 0.5311458333333333 0.012825520833333333 0.031041666666666665
2 0.4243923611111111 0.528564814814815 0.019965277777777738 0.03009259259259257
7 0.5266335227272727 0.4896590909090908 0.0078125 0.0125
2 0.5522135416666667 0.5242361111111111 0.03203125 0.04430555555555562
2 0.4351562500000001 0.525925925925926 0.011400462962962977 0.025925925925925904
5 0.43203125 0.5195833333333333 0.021354166666666667 0.030833333333333334
5 0.4635416666666667 0.5131666666666668 0.016145833333333335 0.018500000000000037
2 0.5473958333333333 0.5341666666666667 0.015625 0.041666666666666664
2 0.5380208333333333 0.5279166666666667 0.007291666666666667 0.0275
2 0.53828125 0.5257598039215687 0.010508578431372524 0.029264705882352946
2 0.5147395833333334 0.5121666666666667 0.005312500000000024 0.01033333333333322
0 0.7197916666666667 0.5241666666666667 0.013541666666666667 0.03166666666666667
0 0.72734375 0.5204166666666666 0.009895833333333333 0.0225
