2 0.94296875 0.815 0.1140625 0.27666666666666667
2 0.7875 0.6333333333333333 0.234375 0.21166666666666667
5 0.5026041666666666 0.5283333333333333 0.06354166666666666 0.09
2 0.6567708333333333 0.5575 0.11979166666666667 0.14166666666666666
7 0.5622395833333333 0.45625 0.016145833333333335 0.024166666666666666
5 0.5854166666666667 0.53375 0.06354166666666666 0.0975
2 0.5359375 0.5033333333333333 0.008333333333333333 0.008333333333333333
5 0.27447916666666666 0.54125 0.10104166666666667 0.1075
2 0.19973958333333333 0.5779166666666666 0.13697916666666668 0.11583333333333333
2 0.071875 0.6333333333333333 0.14375 0.19833333333333333
2 0.46145833333333336 0.5091666666666667 0.026041666666666668 0.03333333333333333
2 0.4388020833333333 0.5091666666666667 0.0234375 0.028333333333333332
0 0.6669270833333333 0.59875 0.04635416666666667 0.21583333333333332
0 0.3463541666666667 0.5104166666666666 0.007291666666666667 0.034166666666666665
0 0.36223958333333334 0.51 0.0067708333333333336 0.03666666666666667
0 0.4049479166666667 0.5104166666666666 0.005729166666666666 0.029166666666666667
0 0.396875 0.50375 0.004166666666666667 0.014166666666666666
2 0.19739583333333333 0.5133333333333333 0.03229166666666667 0.013333333333333334
2 0.8067708333333333 0.51875 0.058333333333333334 0.029166666666666667
2 0.75625 0.5158333333333334 0.04375 0.023333333333333334
