2 0.85 0.6495833333333333 0.3 0.37083333333333335
2 0.6861979166666666 0.595 0.12864583333333332 0.14
2 0.6239583333333333 0.5629166666666666 0.06979166666666667 0.08916666666666667
5 0.5002604166666667 0.5345833333333333 0.0609375 0.08583333333333333
2 0.59375 0.5379166666666667 0.0625 0.08083333333333333
7 0.5484375 0.47 0.0125 0.02
5 0.5606770833333333 0.5270833333333333 0.0421875 0.0675
2 0.5346354166666667 0.5116666666666667 0.0171875 0.02
2 0.5309895833333333 0.5054166666666666 0.0078125 0.005833333333333334
2 0.030208333333333334 0.6554166666666666 0.06041666666666667 0.1775
5 0.35182291666666665 0.53125 0.05260416666666667 0.07083333333333333
2 0.32708333333333334 0.5504166666666667 0.05416666666666667 0.06583333333333333
2 0.26510416666666664 0.5670833333333334 0.096875 0.0925
2 0.13697916666666668 0.6058333333333333 0.18020833333333333 0.14333333333333334
2 0.46822916666666664 0.5116666666666667 0.01875 0.028333333333333332
2 0.44765625 0.5125 0.022395833333333334 0.02666666666666667
0 0.0046875 0.5525 0.009375 0.03333333333333333
0 0.4283854166666667 0.55375 0.0203125 0.10583333333333333
0 0.3971354166666667 0.5145833333333333 0.005729166666666666 0.025833333333333333
0 0.4036458333333333 0.5095833333333334 0.004166666666666667 0.0175
2 0.2682291666666667 0.5158333333333334 0.013541666666666667 0.01
2 0.53203125 0.5216666666666666 0.008854166666666666 0.016666666666666666
