2 0.84921875 0.7204166666666667 0.3015625 0.31416666666666665
2 0.0265625 0.63 0.053125 0.18666666666666668
5 0.7057291666666666 0.5904166666666667 0.19583333333333333 0.1975
5 0.4921875 0.53375 0.040625 0.05416666666666667
2 0.56953125 0.5475 0.04739583333333333 0.055
5 0.51953125 0.5216666666666666 0.016145833333333335 0.028333333333333332
2 0.40572916666666664 0.5358333333333334 0.0375 0.045
1 0.12786458333333334 0.58625 0.1296875 0.07916666666666666
2 0.5317708333333333 0.5254166666666666 0.013541666666666667 0.0275
2 0.5651041666666666 0.5216666666666666 0.03333333333333333 0.018333333333333333
2 0.5496376811594206 0.5303079710144926 0.019338768115942172 0.045108695652173764
2 0.42421875 0.535 0.009895833333333333 0.03166666666666667
2 0.42744140625 0.5334375 0.0111328125 0.025833333333333333
2 0.43359375 0.53125 0.016145833333333335 0.025833333333333333
7 0.5253125000000001 0.4946666666666666 0.007500000000000047 0.01
2 0.5463541666666667 0.5283333333333333 0.026041666666666668 0.03833333333333333
2 0.44114583333333335 0.5279166666666667 0.011458333333333333 0.024166666666666666
5 0.4388020833333333 0.525 0.0203125 0.03
5 0.4666015625 0.5175 0.0156684027777778 0.016666666666666666
2 0.5416666666666666 0.5366666666666666 0.0125 0.035
2 0.5345052083333334 0.5311309523809524 0.00688244047619051 0.025833333333333333
2 0.53515625 0.5304166666666666 0.008854166666666666 0.0275
