5 0.8377604166666667 0.6791666666666667 0.32447916666666665 0.435
5 0.490625 0.5279166666666667 0.04375 0.05583333333333333
2 0.58515625 0.54875 0.0640625 0.06916666666666667
5 0.5213541666666667 0.5158333333333334 0.016666666666666666 0.03
2 0.3888020833333333 0.5316666666666666 0.043229166666666666 0.051666666666666666
1 0.022135416666666668 0.6016666666666667 0.044270833333333336 0.07666666666666666
2 0.53515625 0.52 0.019270833333333334 0.03166666666666667
2 0.57890625 0.51625 0.04635416666666667 0.020833333333333332
2 0.5577546296296297 0.53125 0.025462962962962975 0.05120370370370372
2 0.41286764705882356 0.5333088235294118 0.012316176470588224 0.0370098039215686
2 0.41770833333333335 0.5304166666666666 0.0125 0.030833333333333334
2 0.425 0.5284722222222222 0.019791666666666607 0.02972222222222219
7 0.5263494318181817 0.4893560606060605 0.0078125 0.0125
2 0.5518229166666667 0.52375 0.03177083333333333 0.04416666666666667
2 0.4354166666666667 0.5254166666666666 0.011458333333333333 0.025833333333333333
5 0.4322916666666667 0.5195833333333333 0.021875 0.030833333333333334
5 0.46328125 0.5125 0.016145833333333335 0.018333333333333333
2 0.54609375 0.53375 0.015104166666666667 0.04083333333333333
2 0.5377893518518518 0.5275462962962962 0.007291666666666667 0.02731481481481476
2 0.5377604166666666 0.5254166666666666 0.009895833333333333 0.029166666666666667
2 0.5147743055555556 0.5117222222222222 0.005104166666666761 0.00966666666666659
0 0.7171875 0.5241666666666667 0.011458333333333333 0.028333333333333332
0 0.6963541666666667 0.5204166666666666 0.007291666666666667 0.025833333333333333
0 0.725 0.5158333333333334 0.007291666666666667 0.015
