2 0.8674479166666667 0.7775 0.26510416666666664 0.42
5 0.7346354166666667 0.5929166666666666 0.23697916666666666 0.22416666666666665
5 0.49140625 0.52625 0.0421875 0.05583333333333333
2 0.571875 0.5416666666666666 0.052083333333333336 0.056666666666666664
5 0.5205729166666667 0.5141666666666667 0.016145833333333335 0.028333333333333332
2 0.40208333333333335 0.5279166666666667 0.036458333333333336 0.0475
1 0.08828125 0.5829166666666666 0.16510416666666666 0.08083333333333333
2 0.5322916666666667 0.5179166666666667 0.015625 0.030833333333333334
2 0.5677083333333334 0.5141666666666667 0.035416666666666666 0.018333333333333333
2 0.5515398550724641 0.5290036231884055 0.020153985507246355 0.04641304347826065
2 0.421875 0.5295833333333333 0.010416666666666666 0.0325
2 0.425 0.5270833333333333 0.0125 0.025833333333333333
2 0.43125 0.5241666666666667 0.015625 0.02666666666666667
7 0.5252604166666667 0.4875 0.0078125 0.01
2 0.5473958333333333 0.5208333333333334 0.028125 0.03833333333333333
2 0.43984375 0.5216666666666666 0.011979166666666667 0.025
5 0.43776041666666665 0.5179166666666667 0.0203125 0.030833333333333334
5 0.46640625 0.5108333333333334 0.016145833333333335 0.016666666666666666
2 0.5419270833333333 0.5295833333333333 0.013020833333333334 0.035833333333333335
2 0.5354166666666667 0.5254166666666666 0.007291666666666667 0.025833333333333333
2 0.5356770833333333 0.52375 0.008854166666666666 0.0275
