5 0.8950520833333333 0.68875 0.20989583333333334 0.4741666666666667
5 0.49244791666666665 0.5325 0.04635416666666667 0.058333333333333334
2 0.6020833333333333 0.5604166666666667 0.078125 0.0825
5 0.5236979166666667 0.52 0.015104166666666667 0.03166666666666667
2 0.37890625 0.5391666666666667 0.050520833333333334 0.06
2 0.53828125 0.5241666666666667 0.019270833333333334 0.03333333333333333
2 0.5919270833333333 0.5225 0.0546875 0.025
2 0.56640625 0.53875 0.028645833333333332 0.0575
0 0.46640625 0.5283333333333333 0.009895833333333333 0.03833333333333333
2 0.40598958333333335 0.5395833333333333 0.015104166666666667 0.03916666666666667
2 0.41380208333333335 0.53625 0.015104166666666667 0.0325
2 0.421875 0.5329166666666667 0.019791666666666666 0.030833333333333334
7 0.5278645833333333 0.49125 0.0078125 0.0125
2 0.5569240196078432 0.5294117647058824 0.033700980392157 0.04617647058823536
2 0.43333333333333335 0.5294907407407408 0.010995370370370416 0.026574074074074
5 0.4317708333333333 0.5245833333333333 0.021875 0.0325
5 0.4644965277777777 0.5171296296296295 0.016145833333333335 0.019629629629629525
2 0.5521484375 0.5403125 0.01697048611111107 0.04451388888888886
2 0.5429108796296293 0.5327314814814816 0.008796296296296073 0.029907407407407428
2 0.5419270833333333 0.5305637254901961 0.01179534313725495 0.030637254901960866
2 0.5162405303030304 0.5162499999999998 0.007196969696969724 0.014090909090909065
0 0.74609375 0.535 0.0078125 0.041666666666666664
0 0.7502604166666667 0.525 0.0078125 0.023333333333333334
