2 0.85859375 0.6683333333333333 0.2828125 0.33666666666666667
2 0.03671875 0.6641666666666667 0.0734375 0.185
5 0.5138020833333333 0.5475 0.07760416666666667 0.10833333333333334
5 0.1203125 0.5991666666666666 0.240625 0.21166666666666667
5 0.6697916666666667 0.57 0.1625 0.15833333333333333
7 0.5890625 0.45708333333333334 0.019791666666666666 0.0325
0 0.3684895833333333 0.5308333333333334 0.008854166666666666 0.03666666666666667
0 0.3528645833333333 0.5254166666666666 0.009895833333333333 0.0425
0 0.34088541666666666 0.5279166666666667 0.0067708333333333336 0.03916666666666667
2 0.596875 0.52875 0.013541666666666667 0.014166666666666666
5 0.45625 0.5279166666666667 0.03229166666666667 0.04416666666666667
2 0.43307291666666664 0.5241666666666667 0.025520833333333333 0.03166666666666667
2 0.4791666666666667 0.5233333333333333 0.007291666666666667 0.011666666666666667
0 0.3890625 0.52125 0.00625 0.025833333333333333
0 0.23072916666666668 0.5516666666666666 0.020833333333333332 0.06333333333333334
0 0.75625 0.5366666666666666 0.017708333333333333 0.065
