5 0.49661458333333336 0.5366666666666666 0.05572916666666667 0.075
5 0.5395833333333333 0.5229166666666667 0.03229166666666667 0.049166666666666664
2 0.17630208333333333 0.5883333333333334 0.18072916666666666 0.17
2 0.5591145833333333 0.52875 0.03697916666666667 0.0525
2 0.8981770833333333 0.7233333333333334 0.20364583333333333 0.40166666666666667
2 0.7755208333333333 0.6295833333333334 0.24791666666666667 0.23583333333333334
0 0.3796875 0.5420833333333334 0.013541666666666667 0.0625
2 0.29010416666666666 0.5695833333333333 0.065625 0.08583333333333333
2 0.3328125 0.5541666666666667 0.046875 0.06333333333333334
2 0.36432291666666666 0.545 0.03802083333333333 0.05333333333333334
7 0.5356770833333333 0.4795833333333333 0.009895833333333333 0.014166666666666666
2 0.6190104166666667 0.55 0.08489583333333334 0.10833333333333334
2 0.38984375 0.53875 0.025520833333333333 0.04083333333333333
5 0.39427083333333335 0.5270833333333333 0.034375 0.04583333333333333
5 0.45390625 0.5129166666666667 0.019270833333333334 0.0225
2 0.64140625 0.58625 0.09010416666666667 0.11916666666666667
2 0.5770833333333333 0.54875 0.03125 0.06583333333333333
2 0.5653645833333333 0.5395833333333333 0.021354166666666667 0.050833333333333335
2 0.5216145833333333 0.5133333333333333 0.0140625 0.02
0 0.7526041666666666 0.4995833333333333 0.007291666666666667 0.014166666666666666
