2 0.8572916666666667 0.7420833333333333 0.28541666666666665 0.3575
2 0.01015625 0.6445833333333333 0.0203125 0.17416666666666666
5 0.7200520833333334 0.5904166666666667 0.21614583333333334 0.20916666666666667
5 0.49140625 0.52875 0.0421875 0.05416666666666667
2 0.5705729166666667 0.5441666666666667 0.049479166666666664 0.055
5 0.51953125 0.5183333333333333 0.016145833333333335 0.028333333333333332
2 0.40338541666666666 0.5329166666666667 0.0359375 0.0475
1 0.1125 0.58375 0.14166666666666666 0.07583333333333334
2 0.5317708333333333 0.52 0.013541666666666667 0.03166666666666667
2 0.5661458333333333 0.5175 0.03333333333333333 0.02
2 0.5505887681159423 0.5296557971014489 0.019746376811594264 0.04576086956521721
2 0.42328125 0.533 0.010000000000000024 0.03183333333333337
2 0.426171875 0.53 0.01171875 0.025833333333333333
2 0.43255208333333334 0.5279166666666667 0.0171875 0.0275
7 0.52578125 0.49166666666666664 0.0078125 0.01
2 0.546875 0.5241666666666667 0.027083333333333334 0.03833333333333333
2 0.43987630208333334 0.5269270833333334 0.011653645833333334 0.024479166666666666
5 0.43828125 0.5214583333333334 0.0203125 0.030416666666666668
5 0.4666666666666667 0.5141666666666667 0.015625 0.016666666666666666
2 0.5419270833333333 0.5320833333333334 0.013020833333333334 0.035833333333333335
2 0.53515625 0.5279166666666667 0.0067708333333333336 0.025833333333333333
2 0.53515625 0.5270833333333333 0.008854166666666666 0.0275
