2 0.9609375 0.8583333333333333 0.078125 0.2833333333333333
2 0.8036458333333333 0.64875 0.25416666666666665 0.22083333333333333
5 0.5033854166666667 0.5358333333333334 0.0640625 0.08833333333333333
2 0.66171875 0.56625 0.12447916666666667 0.14416666666666667
7 0.56328125 0.46291666666666664 0.016145833333333335 0.024166666666666666
5 0.5869791666666667 0.54125 0.065625 0.09916666666666667
2 0.5361979166666667 0.5108333333333334 0.008854166666666666 0.008333333333333333
5 0.27005208333333336 0.5504166666666667 0.1046875 0.10916666666666666
2 0.19036458333333334 0.5870833333333333 0.1453125 0.12083333333333333
2 0.06484375 0.63125 0.1296875 0.17583333333333334
2 0.46171875 0.51625 0.025520833333333333 0.034166666666666665
2 0.4388020833333333 0.5166666666666667 0.0234375 0.03
0 0.6848958333333334 0.60875 0.03854166666666667 0.2275
0 0.346875 0.5191666666666667 0.00625 0.035
0 0.36302083333333335 0.5170833333333333 0.00625 0.035833333333333335
0 0.40520833333333334 0.5179166666666667 0.00625 0.030833333333333334
0 0.39739583333333334 0.51125 0.004166666666666667 0.014166666666666666
2 0.1921875 0.52 0.03333333333333333 0.015
2 0.8130208333333333 0.5245833333333333 0.057291666666666664 0.0325
2 0.7825520833333334 0.5229166666666667 0.0234375 0.025833333333333333
