2 0.8572916666666667 0.6683333333333333 0.28541666666666665 0.41
2 0.6966145833333334 0.6 0.14010416666666667 0.14833333333333334
2 0.6278645833333333 0.565 0.0734375 0.09166666666666666
5 0.5 0.5358333333333334 0.0625 0.08666666666666667
2 0.5955729166666667 0.5404166666666667 0.06302083333333333 0.0825
7 0.5489583333333333 0.46958333333333335 0.0125 0.019166666666666665
5 0.56171875 0.5279166666666667 0.043229166666666666 0.06916666666666667
2 0.5377604166666666 0.5104166666666666 0.0171875 0.0175
2 0.5315104166666667 0.5066666666666667 0.0078125 0.006666666666666667
2 0.014322916666666666 0.6683333333333333 0.028645833333333332 0.15
5 0.34739583333333335 0.5329166666666667 0.05520833333333333 0.07083333333333333
2 0.3229166666666667 0.5525 0.05625 0.06833333333333333
2 0.25677083333333334 0.57 0.10208333333333333 0.095
2 0.11666666666666667 0.6129166666666667 0.19791666666666666 0.15083333333333335
2 0.4674479166666667 0.5129166666666667 0.019270833333333334 0.0275
2 0.4473958333333333 0.5129166666666667 0.021875 0.025833333333333333
0 0.4354166666666667 0.5566666666666666 0.03958333333333333 0.10833333333333334
0 0.39791666666666664 0.515 0.004166666666666667 0.02666666666666667
0 0.403125 0.51125 0.004166666666666667 0.0175
2 0.2643229166666667 0.5175 0.011979166666666667 0.008333333333333333
2 0.7338541666666667 0.5216666666666666 0.008333333333333333 0.013333333333333334
2 0.5346354166666667 0.5225 0.011979166666666667 0.018333333333333333
