2 0.83984375 0.69375 0.3203125 0.26916666666666667
2 0.045572916666666664 0.6179166666666667 0.09114583333333333 0.17416666666666666
5 0.6911458333333333 0.5866666666666667 0.17708333333333334 0.18
5 0.49166666666666664 0.5341666666666667 0.041666666666666664 0.05333333333333334
2 0.56640625 0.5483333333333333 0.0453125 0.05333333333333334
5 0.51953125 0.5233333333333333 0.016145833333333335 0.028333333333333332
2 0.40546875 0.53625 0.034895833333333334 0.04583333333333333
1 0.1453125 0.5795833333333333 0.121875 0.0725
2 0.53125 0.5258333333333334 0.014583333333333334 0.028333333333333332
2 0.56328125 0.5229166666666667 0.03177083333333333 0.0175
2 0.5483695652173916 0.5311775362318838 0.018795289855072637 0.04423913043478251
2 0.42553124999999997 0.5334666666666665 0.009604166666666518 0.030666666666666724
2 0.42877604166666666 0.5330555555555555 0.010590277777777797 0.025833333333333333
2 0.43359375 0.5329166666666667 0.0171875 0.0275
7 0.525 0.49583333333333335 0.007291666666666667 0.01
2 0.54609375 0.5279166666666667 0.025520833333333333 0.035833333333333335
2 0.44166666666666665 0.52875 0.011458333333333333 0.024166666666666666
5 0.4395833333333333 0.52625 0.019791666666666666 0.029166666666666667
5 0.4669270833333333 0.5191666666666667 0.015104166666666667 0.016666666666666666
2 0.540625 0.5374074074074074 0.012384259259259286 0.03462962962962962
2 0.5340198863636363 0.532689393939394 0.0067708333333333336 0.025833333333333333
2 0.5346858198924733 0.5272446236559141 0.008719758064516251 0.026854838709677628
