2 0.8661458333333333 0.7695833333333333 0.2677083333333333 0.4175
2 0.7411458333333333 0.5883333333333334 0.20729166666666668 0.21666666666666667
2 0.6328125 0.5716666666666667 0.07395833333333333 0.10333333333333333
2 0.5997395833333333 0.5516666666666666 0.050520833333333334 0.07166666666666667
5 0.5005208333333333 0.5345833333333333 0.06041666666666667 0.0825
2 0.5802083333333333 0.5325 0.05416666666666667 0.07
7 0.5453125 0.4716666666666667 0.011458333333333333 0.016666666666666666
5 0.5541666666666667 0.5241666666666667 0.03958333333333333 0.06
2 0.5315104166666667 0.5095833333333334 0.013020833333333334 0.014166666666666666
2 0.09765625 0.62375 0.1953125 0.17416666666666666
5 0.36875 0.5275 0.04479166666666667 0.06333333333333334
2 0.35208333333333336 0.5433333333333333 0.04479166666666667 0.055
2 0.30833333333333335 0.55625 0.06979166666666667 0.07416666666666667
2 0.23177083333333334 0.5775 0.10729166666666666 0.1
2 0.47161458333333334 0.51125 0.0171875 0.025833333333333333
2 0.45 0.5116666666666667 0.020833333333333332 0.025
0 0.8932291666666666 0.5233333333333333 0.01875 0.08
0 0.13411458333333334 0.5316666666666666 0.0078125 0.011666666666666667
0 0.1234375 0.5254166666666666 0.016666666666666666 0.019166666666666665
0 0.40286458333333336 0.5504166666666667 0.030729166666666665 0.08916666666666667
0 0.396875 0.5133333333333333 0.005208333333333333 0.025
2 0.28541666666666665 0.5175 0.013541666666666667 0.015
