2 0.8489583333333334 0.73375 0.3020833333333333 0.3675
2 0.6234375 0.5454166666666667 0.10208333333333333 0.12583333333333332
5 0.12109375 0.5958333333333333 0.2421875 0.21833333333333332
5 0.2716145833333333 0.5529166666666666 0.1140625 0.12416666666666666
2 0.33515625 0.5370833333333334 0.058854166666666666 0.08083333333333333
2 0.5760416666666667 0.5279166666666667 0.04375 0.0925
2 0.5494791666666666 0.52375 0.041666666666666664 0.060833333333333336
0 0.53515625 0.5233333333333333 0.013020833333333334 0.06
0 0.834375 0.4995833333333333 0.041666666666666664 0.09583333333333334
2 0.4356770833333333 0.5141666666666667 0.021354166666666667 0.02666666666666667
2 0.44192708333333336 0.5083333333333333 0.019270833333333334 0.028333333333333332
6 0.57421875 0.40625 0.0067708333333333336 0.019166666666666665
6 0.4981770833333333 0.41191666666666665 0.0036458333333333334 0.016499999999999963
6 0.4547395833333334 0.41083333333333333 0.004479166666666678 0.016666666666666666
6 0.3936631944444444 0.45847222222222217 0.004166666666666667 0.01805555555555562
5 0.5283854166666667 0.5004166666666666 0.019270833333333334 0.0325
2 0.513888888888889 0.5046527777777778 0.005729166666666666 0.010972222222222286
2 0.5041666666666667 0.5054166666666666 0.007291666666666667 0.009166666666666667
2 0.48046875 0.505 0.008854166666666666 0.011666666666666667
6 0.5065104166666666 0.47333333333333333 0.0026041666666666665 0.008333333333333333
6 0.48755208333333333 0.47183333333333327 0.0026041666666666665 0.008333333333333333
0 0.7848958333333333 0.5104166666666666 0.04375 0.0975
2 0.5274479166666667 0.5061666666666665 0.007187499999999976 0.02966666666666659
2 0.45260416666666664 0.5079166666666666 0.006250000000000059 0.020277777777777714
2 0.46672453703703703 0.5066203703703703 0.008449074074074048 0.014166666666666666
2 0.5174479166666667 0.5058333333333334 0.004270833333333357 0.013000000000000018
0 0.40234375 0.5054166666666666 0.005729166666666666 0.025833333333333333
6 0.5643601190476191 0.4612500000000001 0.004613095238095137 0.016547619047619075
