5 0.5859375 0.5229166666666667 0.06770833333333333 0.09083333333333334
2 0.1765625 0.52125 0.10625 0.09416666666666666
2 0.36015625 0.53 0.0609375 0.07
2 0.04114583333333333 0.5308333333333334 0.08229166666666667 0.06833333333333333
2 0.39921875 0.5208333333333334 0.0328125 0.041666666666666664
2 0.63515625 0.4891666666666667 0.03177083333333333 0.03333333333333333
2 0.546875 0.5025 0.029166666666666667 0.043333333333333335
2 0.4276041666666667 0.5095833333333334 0.026041666666666668 0.030833333333333334
5 0.43802083333333336 0.5020833333333333 0.026041666666666668 0.035833333333333335
2 0.5330729166666667 0.4975 0.011979166666666667 0.03
6 0.45208333333333334 0.46625 0.0020833333333333333 0.010833333333333334
6 0.4830729166666667 0.44208333333333333 0.0026041666666666665 0.010833333333333334
0 0.49359375 0.4921666666666667 0.010104166666666655 0.02433333333333337
2 0.5091145833333334 0.4920833333333333 0.008854166666666666 0.0075
2 0.5 0.49041666666666667 0.008333333333333333 0.009166666666666667
2 0.5192708333333333 0.48833333333333334 0.010416666666666666 0.02
2 0.4713541666666667 0.49583333333333335 0.011458333333333333 0.015
2 0.45078125 0.5 0.013020833333333334 0.03166666666666667
0 0.3807291666666667 0.49583333333333335 0.010416666666666666 0.025
2 0.67421875 0.49041666666666667 0.03177083333333333 0.034166666666666665
2 0.48489583333333336 0.4925 0.014583333333333334 0.011666666666666667
0 0.5239583333333333 0.49083333333333334 0.004166666666666667 0.02
2 0.32786458333333335 0.5083333333333333 0.011979166666666667 0.03166666666666667
0 0.39479166666666665 0.495 0.007291666666666667 0.013333333333333334
0 0.5127083333333333 0.48975 0.002708333333333357 0.0125
6 0.5057291666666667 0.4429166666666667 0.0020833333333333333 0.0075
