2 0.8575520833333333 0.7670833333333333 0.28489583333333335 0.4275
2 0.628125 0.5454166666666667 0.10625 0.13083333333333333
5 0.11588541666666667 0.5975 0.23177083333333334 0.22333333333333333
5 0.26145833333333335 0.5508333333333333 0.125 0.125
2 0.3307291666666667 0.53625 0.06145833333333333 0.08416666666666667
2 0.57890625 0.52625 0.04635416666666667 0.09416666666666666
2 0.55078125 0.5229166666666667 0.0421875 0.06416666666666666
0 0.5375 0.52125 0.014583333333333334 0.0625
0 0.85390625 0.5020833333333333 0.044270833333333336 0.10416666666666667
2 0.43515625 0.5125 0.022395833333333334 0.028333333333333332
2 0.44140625 0.5065625 0.01953125 0.028958333333333332
6 0.5755208333333334 0.4033333333333333 0.007291666666666667 0.02
6 0.4981770833333333 0.41041666666666665 0.0036458333333333334 0.0175
6 0.4544270833333333 0.4091666666666667 0.0046875 0.016666666666666666
6 0.3926215277777778 0.4572222222222222 0.004166666666666667 0.018333333333333333
5 0.5286979166666667 0.4982500000000001 0.019479166666666655 0.032166666666666684
2 0.5140625 0.503125 0.005729166666666666 0.01125
2 0.5041666666666667 0.50375 0.007291666666666667 0.009166666666666667
2 0.4803125 0.50175 0.008958333333333356 0.011499999999999962
6 0.50671875 0.4713333333333333 0.0026041666666666665 0.008333333333333333
6 0.48776041666666664 0.4708333333333333 0.0026041666666666665 0.008333333333333333
0 0.7973958333333333 0.51625 0.05 0.1125
2 0.5280729166666666 0.5048333333333334 0.007604166666666619 0.031000000000000038
2 0.45243055555555556 0.5065277777777776 0.006597222222222262 0.020462962962962856
2 0.4667824074074074 0.5053240740740741 0.008564814814814763 0.014166666666666666
2 0.51796875 0.5041666666666667 0.004479166666666678 0.01233333333333339
0 0.40208333333333335 0.5045833333333334 0.005208333333333333 0.0275
6 0.5652529761904762 0.45958333333333334 0.004910714285714235 0.01702380952380954
