2 0.0171875 0.6616666666666666 0.034375 0.18833333333333332
2 0.8674479166666667 0.71625 0.26510416666666664 0.5675
2 0.68828125 0.5766666666666667 0.1921875 0.185
0 0.6375 0.5729166666666666 0.036458333333333336 0.15083333333333335
2 0.7453125 0.5129166666666667 0.10520833333333333 0.07083333333333333
2 0.41640625 0.5125 0.034895833333333334 0.04
2 0.4296875 0.5029166666666667 0.03229166666666667 0.0425
6 0.6385416666666667 0.335 0.010416666666666666 0.035
6 0.5074479166666667 0.3546666666666667 0.0067708333333333336 0.025999999999999992
6 0.4384375 0.35300000000000004 0.00625 0.026000000000000037
6 0.34052083333333333 0.4264166666666667 0.007291666666666667 0.0275
5 0.55 0.49303571428571424 0.026785714285714354 0.04440476190476185
2 0.5278645833333333 0.4970833333333333 0.0078125 0.0125
2 0.516796875 0.49743055555555543 0.0078125 0.010833333333333334
2 0.49049479166666654 0.49708333333333343 0.011718749999999941 0.015
6 0.5194270833333333 0.45975000000000005 0.0026041666666666665 0.009166666666666667
6 0.4975520833333333 0.4596666666666666 0.0026041666666666665 0.01
2 0.5622395833333333 0.5054166666666666 0.03802083333333333 0.04583333333333333
2 0.4474537037037037 0.5043518518518518 0.011458333333333333 0.027037037037036953
2 0.46640625 0.49875 0.01875 0.025833333333333333
2 0.5330729166666667 0.4970833333333333 0.0078125 0.0225
0 0.37734375 0.5079166666666667 0.0109375 0.050833333333333335
0 0.616015625 0.4821875 0.007291666666666667 0.017291666666666667
5 0.4477719907407407 0.4979166666666667 0.02366898148148143 0.03620370370370362
6 0.47161458333333334 0.46075 0.0067708333333333336 0.010833333333333334
1 0.23151041666666666 0.5283333333333333 0.0328125 0.03833333333333333
0 0.36822916666666666 0.505 0.009375 0.04833333333333333
6 0.25364583333333335 0.3951190476190476 0.009672619047619069 0.04238095238095236
6 0.6877604166666667 0.3972222222222222 0.0109375 0.037777777777777764
6 0.19453125 0.42333333333333334 0.009895833333333333 0.03
6 0.17005208333333333 0.4066666666666667 0.013020833333333334 0.03666666666666667
0 0.6471354166666666 0.49125 0.013020833333333334 0.024166666666666666
5 0.8270833333333333 0.5125 0.029166666666666667 0.03333333333333333
6 0.6133556547619048 0.43452380952380953 0.00796130952380949 0.028809523809523892
