2 0.9765625 0.8425 0.046875 0.315
2 0.7877604166666666 0.6254166666666666 0.32135416666666666 0.2825
0 0.68828125 0.5904166666666667 0.0484375 0.12916666666666668
2 0.7473958333333334 0.4925 0.08125 0.03333333333333333
2 0.41041666666666665 0.51375 0.03854166666666667 0.04416666666666667
2 0.4255642361111111 0.5028472222222223 0.03498263888888893 0.045
6 0.65859375 0.3145833333333333 0.0140625 0.0375
6 0.5088020833333333 0.3403333333333333 0.007187499999999976 0.02900000000000001
6 0.43255208333333334 0.33716666666666667 0.007604166666666678 0.029333333333333322
6 0.3240625 0.41808333333333336 0.007291666666666667 0.028833333333333305
5 0.5540178571428572 0.49220238095238095 0.030208333333333334 0.04892857142857139
2 0.5299479166666666 0.49625 0.0078125 0.0125
2 0.5182581018518518 0.49625 0.0078125 0.010833333333333334
2 0.49109374999999994 0.4959166666666668 0.012812499999999952 0.014500000000000075
6 0.52109375 0.4579166666666667 0.0026041666666666665 0.009166666666666667
6 0.4986979166666667 0.4576666666666667 0.0026041666666666665 0.01
2 0.56796875 0.50625 0.0421875 0.050833333333333335
2 0.44505208333333335 0.5039583333333333 0.011458333333333333 0.028750000000000095
2 0.46536458333333325 0.4977500000000001 0.021979166666666692 0.026166666666666553
2 0.5362847222222222 0.49902777777777774 0.008854166666666666 0.02
0 0.3729166666666667 0.4925 0.0125 0.021666666666666667
0 0.6296875 0.50625 0.011458333333333333 0.0725
5 0.44583333333333325 0.49649999999999994 0.02374999999999995 0.038666666666666745
6 0.47213541666666664 0.45875 0.0067708333333333336 0.010833333333333334
1 0.20338541666666668 0.5316666666666666 0.0421875 0.04
0 0.3614583333333333 0.50625 0.010416666666666666 0.049166666666666664
6 0.21000744047619044 0.37696428571428575 0.012276785714285735 0.049404761904761896
6 0.7184895833333333 0.383125 0.016145833333333335 0.04958333333333333
6 0.1609375 0.41458333333333336 0.010416666666666666 0.029166666666666667
6 0.11875 0.3933333333333333 0.015625 0.041666666666666664
0 0.6661458333333333 0.49166666666666664 0.013541666666666667 0.02666666666666667
5 0.9150607638888889 0.5143750000000001 0.0631076388888888 0.07513888888888895
0 0.6828125 0.5075 0.011458333333333333 0.04833333333333333
6 0.6260416666666667 0.4278645833333333 0.010416666666666666 0.034479166666666665
