2 0.9958333333333333 0.9354166666666667 0.008333333333333333 0.1225
2 0.84140625 0.7029166666666666 0.3171875 0.31916666666666665
2 0.6197916666666666 0.5425 0.09791666666666667 0.12166666666666667
2 0.01640625 0.6916666666666667 0.0328125 0.13833333333333334
5 0.12578125 0.59125 0.2515625 0.2125
5 0.28046875 0.55125 0.10677083333333333 0.1175
2 0.3385416666666667 0.5366666666666666 0.057291666666666664 0.08
2 0.5739583333333333 0.5275 0.041666666666666664 0.08666666666666667
2 0.5479166666666667 0.5233333333333333 0.03854166666666667 0.06
0 0.5346354166666667 0.5225 0.015104166666666667 0.06
0 0.8158854166666667 0.49916666666666665 0.03802083333333333 0.085
2 0.4359375 0.5145833333333333 0.021875 0.0275
2 0.44192708333333336 0.5075 0.019270833333333334 0.028333333333333332
6 0.5729166666666666 0.40958333333333335 0.00625 0.019166666666666665
6 0.4981770833333333 0.41458333333333336 0.0036458333333333334 0.015833333333333335
6 0.45505208333333336 0.4125 0.004270833333333357 0.016666666666666666
6 0.39453125 0.45875 0.004166666666666667 0.0175
5 0.5275520833333334 0.4995833333333333 0.01843749999999993 0.03216666666666659
2 0.5135416666666667 0.5048333333333332 0.005624999999999976 0.010666666666666628
2 0.5037760416666667 0.5055833333333334 0.007239583333333322 0.009166666666666667
2 0.48046875 0.505 0.008854166666666666 0.011666666666666667
6 0.50609375 0.4726666666666667 0.0026041666666666665 0.008333333333333333
6 0.48734375 0.4728333333333333 0.0026041666666666665 0.008333333333333333
0 0.775 0.5054166666666666 0.040625 0.08083333333333333
2 0.5268229166666667 0.5075 0.0067708333333333336 0.028333333333333332
2 0.4527777777777777 0.5093055555555556 0.005902777777777798 0.02009259259259257
2 0.4666666666666667 0.5079166666666667 0.008333333333333333 0.014166666666666666
6 0.5634672619047619 0.46291666666666664 0.004315476190476157 0.01607142857142861
