2 0.784375 0.6241666666666666 0.271875 0.2966666666666667
2 0.9973958333333334 0.5254166666666666 0.005208333333333333 0.014166666666666666
2 0.9338541666666667 0.5133333333333333 0.11145833333333334 0.05
5 0.55390625 0.5016666666666667 0.0359375 0.05
2 0.203125 0.5245833333333333 0.03854166666666667 0.05416666666666667
2 0.20208333333333334 0.495 0.036458333333333336 0.018333333333333333
2 0.3260416666666667 0.5 0.04583333333333333 0.051666666666666666
2 0.42161458333333335 0.5066666666666667 0.0328125 0.04
2 0.24322916666666666 0.5041666666666667 0.05 0.03833333333333333
2 0.43984375 0.5025 0.016145833333333335 0.02666666666666667
2 0.603125 0.48375 0.022916666666666665 0.0275
2 0.5354166666666667 0.4920833333333333 0.015625 0.030833333333333334
2 0.45234375 0.49583333333333335 0.0171875 0.02
5 0.45625 0.49 0.019791666666666666 0.02666666666666667
2 0.5283854166666667 0.4866666666666667 0.008854166666666666 0.021666666666666667
6 0.46171875 0.46166666666666667 0.0026041666666666665 0.01
6 0.48854166666666665 0.4425 0.0020833333333333333 0.006666666666666667
0 0.4825520833333333 0.48333333333333334 0.0067708333333333336 0.021666666666666667
2 0.5091145833333334 0.4820833333333333 0.0078125 0.009166666666666667
2 0.5002604166666667 0.4820833333333333 0.008854166666666666 0.009166666666666667
2 0.5208333333333334 0.48083333333333333 0.009375 0.018333333333333333
2 0.47734375 0.4845833333333333 0.009895833333333333 0.0125
2 0.4640625 0.49 0.005208333333333333 0.023333333333333334
6 0.5068750000000001 0.4429166666666667 0.0020833333333333333 0.0075
