5 0.9807291666666667 0.8520833333333333 0.03854166666666667 0.29583333333333334
2 0.18203125 0.6054166666666667 0.17447916666666666 0.14416666666666667
2 0.7536458333333333 0.5016666666666667 0.07083333333333333 0.065
2 0.6080729166666666 0.5291666666666667 0.07239583333333334 0.09833333333333333
2 0.3651041666666667 0.54 0.059375 0.06166666666666667
5 0.396875 0.5208333333333334 0.04895833333333333 0.06333333333333334
2 0.5666666666666667 0.5116666666666667 0.03229166666666667 0.05
6 0.4432291666666667 0.4683333333333333 0.003125 0.011666666666666667
6 0.48489583333333336 0.43625 0.003125 0.009166666666666667
0 0.5325520833333334 0.5033333333333333 0.0109375 0.03
2 0.5190104166666667 0.5016666666666667 0.005729166666666666 0.008333333333333333
2 0.5104166666666666 0.5016666666666667 0.007291666666666667 0.008333333333333333
2 0.5302083333333333 0.49583333333333335 0.010416666666666666 0.02
2 0.4703125 0.5058333333333334 0.016666666666666666 0.02
2 0.4239583333333333 0.51625 0.028125 0.0525
0 0.23776041666666667 0.5283333333333333 0.022395833333333334 0.06833333333333333
2 0.825 0.4979166666666667 0.07395833333333333 0.06416666666666666
2 0.4875 0.5008333333333334 0.017708333333333333 0.018333333333333333
0 0.5377604166666666 0.5058333333333334 0.0078125 0.03833333333333333
2 0.13984375 0.5408333333333334 0.0546875 0.06166666666666667
0 0.26536458333333335 0.5395833333333333 0.021354166666666667 0.07583333333333334
2 0.8635416666666667 0.47125 0.03229166666666667 0.024166666666666666
2 0.4359375 0.5133333333333333 0.01875 0.043333333333333335
5 0.9098958333333333 0.4920833333333333 0.09895833333333333 0.07083333333333333
2 0.9739583333333334 0.495 0.035416666666666666 0.06
2 0.5734375 0.5258333333333334 0.014583333333333334 0.051666666666666666
2 0.07135416666666666 0.5458333333333333 0.03958333333333333 0.06333333333333334
2 0.046614583333333334 0.5545833333333333 0.034895833333333334 0.1075
2 0.5510416666666667 0.5091666666666667 0.00625 0.041666666666666664
2 0.5455729166666666 0.507 0.005729166666666666 0.03333333333333333
0 0.5040625 0.5003333333333333 0.004166666666666667 0.015
6 0.5149479166666666 0.43599999999999994 0.0026041666666666665 0.01
