2 0.78203125 0.61125 0.2869791666666667 0.2941666666666667
5 0.10182291666666667 0.6166666666666667 0.20364583333333333 0.2683333333333333
2 0.2359375 0.5608333333333333 0.12916666666666668 0.13
2 0.6442708333333333 0.55 0.103125 0.15
2 0.5783854166666667 0.535 0.06614583333333333 0.09166666666666666
0 0.5674479166666667 0.5291666666666667 0.025520833333333333 0.09333333333333334
2 0.43072916666666666 0.5154166666666666 0.026041666666666668 0.030833333333333334
2 0.4381944444444445 0.5076388888888889 0.022916666666666665 0.035277777777777714
6 0.5981770833333333 0.38375 0.0078125 0.024166666666666666
6 0.5036458333333333 0.39416666666666667 0.005208333333333333 0.02
6 0.4513020833333333 0.39125 0.0046875 0.020166666666666656
6 0.3768229166666667 0.4489166666666667 0.005729166666666666 0.020166666666666704
5 0.5393749999999999 0.4985833333333333 0.022708333333333403 0.0375
2 0.5210416666666666 0.5034166666666666 0.006458333333333321 0.011166666666666648
2 0.5107638888888889 0.5039351851851851 0.00682870370370369 0.009166666666666667
2 0.4864583333333333 0.5030416666666667 0.011979166666666667 0.014083333333333314
6 0.5140104166666667 0.4691666666666667 0.0026041666666666665 0.007999999999999924
6 0.49328125 0.4685833333333334 0.0026041666666666665 0.008500000000000037
2 0.5416666666666666 0.5083333333333333 0.016666666666666666 0.03833333333333333
2 0.4515625 0.5091666666666667 0.009375 0.023333333333333334
2 0.46799479166666663 0.5045000000000001 0.013489583333333381 0.01866666666666674
2 0.52609375 0.5045833333333333 0.005104166666666643 0.014833333333333296
0 0.3953125 0.5108333333333334 0.008333333333333333 0.03833333333333333
0 0.5858333333333334 0.48616666666666675 0.005208333333333333 0.011666666666666667
5 0.45364583333333336 0.5020833333333333 0.017708333333333333 0.030833333333333334
6 0.46963541666666664 0.47024999999999995 0.005104166666666643 0.010833333333333334
1 0.2984375 0.5258333333333334 0.027083333333333334 0.028333333333333332
0 0.38776041666666666 0.5075 0.0067708333333333336 0.03333333333333333
6 0.3340625 0.4328333333333333 0.004166666666666667 0.02766666666666666
6 0.583203125 0.45369791666666665 0.0067708333333333336 0.021145833333333332
