2 0.6713541666666667 0.5720833333333334 0.13333333333333333 0.1675
0 0.028125 0.5941666666666666 0.035416666666666666 0.13333333333333333
2 0.9635416666666666 0.515 0.07291666666666667 0.035
2 0.8755208333333333 0.515 0.09375 0.03833333333333333
5 0.5544270833333333 0.50875 0.03177083333333333 0.04583333333333333
2 0.2565104166666667 0.5283333333333333 0.0140625 0.04666666666666667
2 0.25234375 0.5025 0.005729166666666666 0.008333333333333333
2 0.35 0.5079166666666667 0.040625 0.04583333333333333
2 0.43515625 0.51375 0.028645833333333332 0.0375
2 0.27682291666666664 0.5116666666666667 0.043229166666666666 0.03333333333333333
2 0.4510416666666667 0.51 0.013541666666666667 0.02666666666666667
2 0.6018229166666667 0.4920833333333333 0.018229166666666668 0.025833333333333333
2 0.53828125 0.4995833333333333 0.0140625 0.029166666666666667
2 0.46067708333333335 0.5045833333333334 0.015104166666666667 0.019166666666666665
5 0.46458333333333335 0.4995833333333333 0.017708333333333333 0.0275
2 0.5307291666666667 0.49625 0.00625 0.0225
6 0.46875 0.47208333333333335 0.003125 0.009166666666666667
6 0.49375 0.45166666666666666 0.0020833333333333333 0.008333333333333333
0 0.4837673611111111 0.49375 0.008159722222222261 0.0175
2 0.5140625 0.49041666666666667 0.007291666666666667 0.008333333333333333
2 0.5048177083333333 0.49 0.008854166666666666 0.009166666666666667
2 0.525 0.48833333333333334 0.011458333333333333 0.016666666666666666
2 0.483984375 0.49291666666666667 0.009114583333333334 0.014166666666666666
6 0.5116319444444445 0.45319444444444446 0.0020833333333333333 0.0075
