2 0.35968750000000005 0.5597500000000001 0.09083333333333338 0.09383333333333325
2 0.2890625 0.5545833333333333 0.07083333333333333 0.0725
2 0.32135416666666666 0.5195833333333333 0.04895833333333333 0.04194444444444438
2 0.3543229166666667 0.51325 0.019687499999999976 0.005166666666666705
5 0.36453125 0.5065833333333333 0.04072916666666669 0.024833333333333294
0 0.2628125 0.519 0.015208333333333357 0.038666666666666745
0 0.24874999999999997 0.5348333333333334 0.017916666666666654 0.06766666666666671
2 0.45942708333333326 0.5158333333333334 0.0067708333333333336 0.01
2 0.5461458333333334 0.5400833333333332 0.06687500000000005 0.0821666666666666
2 0.5181250000000001 0.5315 0.02333333333333331 0.06633333333333326
2 0.5144791666666667 0.5167499999999999 0.04208333333333331 0.06883333333333326
2 0.4884375 0.5225833333333334 0.017083333333333308 0.03483333333333329
2 0.4769791666666667 0.51625 0.010000000000000024 0.014166666666666666
2 0.44046874999999996 0.51625 0.03427083333333331 0.0175
5 0.46317708333333335 0.5113333333333333 0.007395833333333357 0.01600000000000004
2 0.9255208333333333 0.5793333333333334 0.14895833333333333 0.18
0 0.6829166666666666 0.55375 0.022916666666666665 0.13916666666666666
0 0.78359375 0.5679166666666666 0.0359375 0.1525
0 0.8131770833333333 0.5741666666666667 0.028854166666666715 0.14333333333333334
6 0.8193750000000001 0.08183333333333334 0.034166666666666616 0.10133333333333333
6 0.44656250000000003 0.22866666666666668 0.0125 0.05633333333333335
6 0.2969270833333333 0.219 0.014895833333333285 0.05633333333333335
6 0.0728125 0.37375 0.01791666666666666 0.0601666666666667
6 0.6696354166666666 0.39908333333333335 0.016145833333333335 0.05783333333333331
6 0.46661458333333333 0.4725 0.0026041666666666665 0.01
6 0.44109375000000006 0.4715833333333333 0.0026041666666666665 0.009833333333333295
6 0.41015625 0.47458333333333336 0.008854166666666666 0.0175
5 0.38828125 0.5166666666666667 0.019270833333333334 0.025
2 0.3997395833333333 0.5241666666666667 0.0078125 0.021666666666666667
2 0.4046875 0.5216666666666666 0.008333333333333333 0.021666666666666667
2 0.40729166666666666 0.5191666666666667 0.013541666666666667 0.025
