2 0.3065104166666667 0.6145833333333334 0.19010416666666666 0.17416666666666666
2 0.375 0.5445833333333333 0.046875 0.0525
2 0.39453125 0.5308333333333334 0.04635416666666667 0.056666666666666664
2 0.41953125 0.53125 0.0203125 0.035833333333333335
1 0.03229166666666667 0.5820833333333333 0.06458333333333334 0.0625
5 0.4238541666666667 0.5220833333333333 0.03229166666666667 0.04716666666666668
0 0.33708333333333335 0.5165833333333334 0.013749999999999988 0.02550000000000002
0 0.32359375 0.5170833333333333 0.011979166666666667 0.022833333333333313
2 0.5057291666666667 0.5183333333333333 0.008333333333333333 0.01
2 0.5821354166666668 0.5355833333333334 0.05531250000000002 0.06849999999999995
2 0.5596875000000001 0.5293333333333333 0.020833333333333332 0.05766666666666661
2 0.5560937499999999 0.5181666666666667 0.03718749999999993 0.05966666666666669
2 0.5325520833333334 0.5239166666666666 0.016145833333333335 0.030833333333333334
2 0.52109375 0.51925 0.009895833333333333 0.014166666666666666
2 0.48765625 0.5186666666666667 0.030729166666666665 0.016333333333333352
5 0.5071354166666667 0.5149166666666666 0.008645833333333346 0.01616666666666665
2 0.9018229166666667 0.5575833333333333 0.19635416666666666 0.12916666666666668
0 0.6858854166666667 0.54175 0.019479166666666596 0.1098333333333334
0 0.7487499999999999 0.5525 0.031041666666666738 0.11333333333333333
0 0.7764062500000001 0.5575833333333333 0.022395833333333334 0.10416666666666667
6 0.75734375 0.22066666666666668 0.02302083333333336 0.06600000000000002
6 0.5033333333333334 0.29583333333333334 0.010208333333333345 0.04299999999999997
6 0.3905208333333333 0.292 0.011250000000000012 0.04400000000000001
6 0.22989583333333335 0.41024999999999995 0.010416666666666666 0.04183333333333333
6 0.9521874999999999 0.296 0.03854166666666667 0.10699999999999998
6 0.6743229166666665 0.424 0.013437499999999976 0.048333333333333284
6 0.5113020833333334 0.4771666666666667 0.002812499999999988 0.01
6 0.48692708333333334 0.4766666666666667 0.0026041666666666665 0.009666666666666686
6 0.4578125 0.47875 0.007291666666666667 0.014166666666666666
2 0.4395833333333333 0.5266666666666666 0.009375 0.02666666666666667
5 0.44192708333333336 0.52125 0.0140625 0.030833333333333334
2 0.45078125 0.525 0.0067708333333333336 0.02
2 0.4546875 0.52375 0.008333333333333333 0.020833333333333332
2 0.45598958333333334 0.5216666666666666 0.011979166666666667 0.023333333333333334
