5 0.5065104166666666 0.5945833333333334 0.1328125 0.18916666666666668
2 0.90390625 0.7595833333333334 0.1921875 0.36916666666666664
2 0.7611979166666667 0.6108333333333333 0.2109375 0.17
2 0.6315104166666666 0.56375 0.0984375 0.11583333333333333
2 0.58046875 0.5525 0.03802083333333333 0.06833333333333333
5 0.5697916666666667 0.515 0.04375 0.07666666666666666
2 0.39375 0.5242083333333333 0.02354166666666669 0.02675000000000002
6 0.46770833333333334 0.45125 0.016666666666666666 0.005833333333333334
6 0.51484375 0.4504166666666667 0.009895833333333333 0.005833333333333334
2 0.42789062499999997 0.52125 0.022968750000000013 0.029166666666666667
6 0.3098958333333333 0.4275 0.027083333333333334 0.015
2 0.41130208333333335 0.5195833333333333 0.016666666666666666 0.024166666666666666
2 0.4428645833333334 0.5204166666666666 0.012083333333333357 0.020833333333333332
2 0.4520572916666667 0.51875 0.009427083333333345 0.0175
2 0.4552083333333333 0.5150416666666666 0.010416666666666666 0.015083333333333353
5 0.4583333333333333 0.5083333333333333 0.0125 0.013333333333333334
5 0.6719270833333333 0.5135833333333333 0.05552083333333328 0.03050000000000002
