2 0.8576041666666666 0.7815 0.2847916666666668 0.43700000000000006
5 0.2682725694444444 0.5297222222222223 0.08515624999999998 0.08861111111111114
0 0.8677083333333333 0.5304166666666666 0.022916666666666665 0.07416666666666667
1 0.7807291666666667 0.5452083333333333 0.009895833333333333 0.042916666666666665
6 0.6009114583333334 0.07947916666666667 0.07421875 0.04479166666666667
6 0.24427083333333333 0.08208333333333333 0.125 0.0475
2 0.5508333333333333 0.5235833333333333 0.035520833333333356 0.043333333333333335
2 0.5338541666666666 0.5179166666666667 0.0125 0.024166666666666666
5 0.49661458333333336 0.5393333333333333 0.055312499999999966 0.08133333333333326
2 0.525 0.51 0.016666666666666666 0.025
2 0.3130208333333334 0.5304761904761904 0.034821428571428586 0.04880952380952389
0 0.6443576388888889 0.5204166666666666 0.0109375 0.03916666666666667
0 0.5830357142857143 0.5130357142857143 0.008333333333333333 0.016071428571428518
2 0.44947916666666665 0.5091666666666667 0.0109375 0.01
6 0.98984375 0.38333333333333336 0.0203125 0.041666666666666664
2 0.46484375 0.5147916666666666 0.019097222222222203 0.014027777777777809
0 0.7596354166666667 0.5066666666666667 0.0109375 0.04
2 0.47156249999999994 0.5072500000000001 0.01229166666666662 0.012166666666666591
0 0.6998263888888889 0.5148611111111111 0.011458333333333333 0.0275
1 0.6979166666666666 0.5229166666666667 0.013541666666666667 0.020833333333333332
0 0.7361979166666667 0.5083333333333333 0.005729166666666666 0.028333333333333332
