5 0.4931770833333334 0.5787499999999999 0.11260416666666663 0.16816666666666663
2 0.7046875 0.5979166666666667 0.165625 0.14583333333333334
2 0.9533203125 0.8536458333333333 0.093359375 0.2677083333333333
2 0.5775173611111112 0.545625 0.05642361111111107 0.07125
2 0.5466666666666666 0.5324166666666668 0.024374999999999977 0.03716666666666669
5 0.5321180555555556 0.5098611111111111 0.020717592592592617 0.039722222222222284
2 0.14921875 0.5629166666666666 0.11510416666666666 0.10208333333333333
2 0.3541666666666667 0.54125 0.053125 0.059166666666666666
5 0.41291666666666665 0.5195833333333333 0.032083333333333346 0.04550000000000002
2 0.3572916666666667 0.509375 0.025520833333333333 0.005416666666666667
2 0.43453776041666664 0.5220833333333333 0.0123046875 0.020833333333333332
2 0.44226190476190474 0.5183333333333333 0.011904761904761862 0.018333333333333333
5 0.39427083333333335 0.520625 0.014583333333333334 0.02875
2 0.7044270833333334 0.5133333333333333 0.045572916666666664 0.02666666666666667
0 0.6221788194444444 0.5084722222222223 0.01935763888888881 0.018333333333333333
6 0.445703125 0.4116666666666667 0.025260416666666667 0.009166666666666667
6 0.2903645833333333 0.435375 0.012187499999999988 0.008083333333333276
6 0.4583333333333333 0.45 0.016666666666666666 0.006666666666666667
6 0.5078125 0.4493055555555555 0.010416666666666666 0.006944444444444382
6 0.3635263480392157 0.41801470588235295 0.016145833333333335 0.004166666666666667
2 0.4520089285714286 0.5170833333333333 0.007440476190476156 0.0125
2 0.64765625 0.5179166666666667 0.0067708333333333336 0.014166666666666666
0 0.5895833333333333 0.5108333333333334 0.019791666666666666 0.02
0 0.3109375 0.5195833333333333 0.008333333333333333 0.025833333333333333
