2 0.7325520833333333 0.63125 0.2140625 0.18916666666666668
2 0.8169849537037038 0.5595370370370372 0.12193287037037047 0.07648148148148153
0 0.20944940476190474 0.530892857142857 0.010863095238095226 0.05035714285714287
2 0.10590277777777776 0.5725000000000001 0.14305555555555555 0.10222222222222228
2 0.335546875 0.549375 0.06328125 0.06291666666666666
5 0.41171875 0.5216666666666666 0.0234375 0.03333333333333333
2 0.9180431547619047 0.5430952380952382 0.1325148809523809 0.08523809523809528
0 0.74609375 0.5175 0.009375 0.02166666666666657
0 0.6737452651515151 0.5241287878787879 0.008759469696969665 0.027651515151515108
1 0.6513020833333333 0.53625 0.0140625 0.019166666666666665
6 0.9434895833333333 0.42333333333333334 0.019270833333333334 0.023333333333333334
6 0.8024305555555554 0.3097685185185185 0.022337962962962858 0.02268518518518514
6 0.8376041666666668 0.2945416666666666 0.025937500000000096 0.026083333333333295
6 0.5285590277777777 0.39416666666666667 0.020659722222222142 0.011666666666666667
6 0.4306712962962963 0.39490740740740743 0.03344907407407405 0.01
6 0.2942708333333333 0.10625 0.109375 0.04083333333333333
6 0.07999526515151514 0.4691287878787878 0.010464015151515137 0.01295454545454542
6 0.0978298611111111 0.4693981481481482 0.008275462962962962 0.013981481481481524
6 0.008072916666666667 0.32458333333333333 0.016145833333333335 0.019166666666666665
6 0.056163194444444446 0.3530208333333334 0.020486111111111108 0.01465277777777781
2 0.5471354166666667 0.5337499999999998 0.030729166666666665 0.04138888888888876
2 0.5308159722222222 0.5275462962962962 0.00839120370370369 0.02824074074074076
5 0.4918229166666667 0.5465 0.058229166666666644 0.08299999999999992
2 0.52265625 0.5195833333333333 0.018229166666666668 0.025833333333333333
0 0.3618229166666667 0.52125 0.0036458333333333334 0.014166666666666666
2 0.45625 0.5179166666666667 0.0125 0.009166666666666667
2 0.42456597222222225 0.5230555555555555 0.0071180555555555355 0.021666666666666667
2 0.8684027777777779 0.549861111111111 0.06458333333333334 0.0575
6 0.9128472222222221 0.4225 0.015972222222222263 0.02472222222222224
6 0.6539930555555556 0.47680555555555554 0.009027777777777857 0.01194444444444438
0 0.605859375 0.5245833333333333 0.00546875 0.025
0 0.5661458333333333 0.5229166666666667 0.00625 0.0125
