5 0.5038020833333332 0.591464367816092 0.1262291666666665 0.17961379310344833
2 0.9189236111111112 0.7804166666666666 0.16215277777777773 0.3380555555555555
2 0.7748177083333334 0.6203333333333333 0.22734375 0.18399999999999997
2 0.43080729166666665 0.5238333333333334 0.023072916666666644 0.02933333333333337
2 0.44447916666666665 0.517125 0.016770833333333356 0.02925000000000002
2 0.6248958333333333 0.5639166666666666 0.09187500000000005 0.1098333333333333
2 0.5722916666666668 0.5475 0.0400000000000001 0.056666666666666664
2 0.5510416666666667 0.5184166666666666 0.03166666666666676 0.06666666666666667
2 0.15390625 0.5952777777777778 0.18038194444444447 0.13777777777777772
2 0.22526041666666666 0.5275 0.0390625 0.03166666666666667
2 0.36471354166666664 0.5420833333333334 0.05078125 0.05033333333333341
6 0.5136979166666666 0.45125 0.009895833333333333 0.0075
6 0.4662090773809524 0.4525 0.01619791666666662 0.006666666666666667
6 0.3047708333333334 0.42833333333333334 0.028125 0.016666666666666666
2 0.42135416666666664 0.51875 0.0125 0.0225
2 0.37799479166666666 0.5239583333333332 0.028697916666666618 0.031083333333333296
2 0.4061197916666667 0.5217083333333333 0.021406250000000012 0.028416666666666687
2 0.45526041666666667 0.5184166666666666 0.005729166666666666 0.016666666666666666
2 0.45914062499999997 0.515 0.007343749999999953 0.011666666666666667
