5 0.49914930555555537 0.5924722222222222 0.12677083333333314 0.18161111111111097
2 0.9452604166666667 0.8350000000000002 0.1094791666666667 0.2553333333333335
2 0.7991145833333334 0.63225 0.2603125 0.20483333333333328
2 0.41036458333333337 0.5280833333333332 0.030312499999999964 0.0375
2 0.43265625 0.5175 0.0230208333333333 0.034666666666666686
2 0.605 0.5569999999999999 0.07770833333333324 0.09566666666666662
2 0.5609375000000001 0.5413333333333334 0.03458333333333338 0.05033333333333341
2 0.54140625 0.5101666666666667 0.027812499999999928 0.045666666666666626
2 0.11276041666666667 0.5266666666666666 0.019270833333333334 0.02666666666666667
2 0.290625 0.5604166666666667 0.08854166666666667 0.0775
6 0.5100520833333333 0.4504166666666667 0.010312500000000035 0.0075
6 0.4619270833333334 0.45208333333333334 0.0171875 0.0075
6 0.2975208333333335 0.4259999999999998 0.028125 0.016666666666666618
2 0.33645833333333336 0.532 0.035208333333333286 0.04233333333333329
2 0.38874999999999993 0.5224166666666668 0.024166666666666656 0.031500000000000056
2 0.44736689814814823 0.5199537037037038 0.007696759259259286 0.018240740740740762
2 0.45151041666666664 0.5160833333333333 0.008229166666666643 0.015499999999999924
