5 0.5007604166666667 0.5927166666666667 0.12743750000000015 0.18209999999999998
2 0.9368229166666667 0.8191666666666666 0.12635416666666663 0.2669999999999999
2 0.7917187499999999 0.6282500000000001 0.24968749999999992 0.19816666666666682
2 0.4178645833333334 0.5264166666666668 0.027812499999999928 0.03350000000000004
2 0.43640625 0.5175 0.020520833333333263 0.032666666666666705
2 0.6124479166666668 0.5597500000000001 0.0828125 0.10116666666666674
2 0.5642708333333334 0.5436666666666666 0.035416666666666666 0.052333333333333294
2 0.5445312499999999 0.5111666666666665 0.02906249999999986 0.04966666666666659
2 0.14375 0.53 0.05416666666666667 0.03333333333333333
2 0.32125 0.5531666666666666 0.07249999999999997 0.06633333333333326
6 0.51109375 0.4507499999999999 0.009895833333333333 0.0075
6 0.4633854166666666 0.45225000000000004 0.0171875 0.007166666666666591
6 0.3001458333333336 0.4269999999999999 0.028125 0.016666666666666715
2 0.3536458333333334 0.5291666666666667 0.030416666666666713 0.03733333333333339
2 0.39552083333333327 0.52225 0.023958333333333335 0.030500000000000114
2 0.4500520833333334 0.5197499999999999 0.0067708333333333336 0.01716666666666678
2 0.45421874999999995 0.5154166666666666 0.0078125 0.013499999999999943
