5 0.4924739583333334 0.5719999999999998 0.09859375000000009 0.14799999999999994
2 0.652734375 0.58 0.11640625 0.11116666666666665
2 0.9126562500000001 0.7820833333333331 0.17468749999999994 0.3571666666666665
2 0.56875 0.5416666666666666 0.04895833333333333 0.06333333333333334
2 0.5423958333333333 0.53 0.02187499999999994 0.035
5 0.5300595238095238 0.5120238095238095 0.01934523809523808 0.04095238095238093
2 0.29375 0.5545833333333333 0.084375 0.08583333333333333
5 0.39781249999999996 0.5243333333333333 0.04083333333333332 0.05366666666666665
2 0.33645833333333336 0.5311309523809524 0.03229166666666667 0.04702380952380954
2 0.4263671875 0.52484375 0.018489583333333334 0.023229166666666665
2 0.4379092261904762 0.5196428571428572 0.01391369047619051 0.021428571428571484
5 0.3794270833333334 0.5213888888888889 0.006076388888888928 0.027777777777777714
2 0.7251302083333333 0.5154166666666666 0.02578125 0.0325
0 0.6260706018518519 0.5088425925925927 0.019270833333333334 0.02009259259259257
6 0.44655671296296295 0.40958333333333335 0.023553240740740774 0.009166666666666667
6 0.28718171296296297 0.43421296296296297 0.011979166666666667 0.009166666666666667
6 0.45870225694444444 0.44951388888888894 0.017404513888888928 0.006666666666666667
6 0.5084201388888888 0.4484027777777777 0.010416666666666666 0.005138888888888857
6 0.3611979166666667 0.4166666666666667 0.016145833333333335 0.004166666666666667
2 0.4513020833333333 0.5185648148148148 0.010706018518518512 0.0125
2 0.6734375 0.5154166666666666 0.04583333333333333 0.0325
0 0.5925347222222223 0.5117361111111112 0.02170138888888881 0.015972222222222287
6 0.29921875 0.44208333333333333 0.0078125 0.005833333333333334
5 0.446875 0.5133333333333333 0.009375 0.016666666666666666
0 0.593563988095238 0.5176190476190476 0.0046875 0.021666666666666667
