2 0.6872395833333333 0.6041666666666666 0.16197916666666667 0.15166666666666667
2 0.5786458333333333 0.5466666666666666 0.06145833333333333 0.065
2 0.09609375 0.6158333333333333 0.1921875 0.15833333333333333
5 0.03958333333333333 0.5391666666666667 0.030208333333333334 0.04666666666666667
2 0.09947916666666666 0.5283333333333333 0.08854166666666667 0.03833333333333333
2 0.8559895833333333 0.5195833333333333 0.05260416666666667 0.0325
2 0.3106770833333333 0.5460833333333333 0.06864583333333336 0.07383333333333335
0 0.26796875 0.52125 0.008333333333333333 0.03333333333333333
2 0.38087797619047614 0.5263690476190476 0.025892857142857117 0.0275
2 0.42514880952380957 0.5229761904761906 0.020833333333333332 0.023333333333333334
5 0.4354166666666667 0.5129166666666667 0.014583333333333334 0.0225
2 0.725 0.51125 0.0375 0.035833333333333335
0 0.6633680555555556 0.51125 0.0045138888888888095 0.025833333333333333
0 0.6559895833333333 0.5095833333333334 0.0046875 0.024166666666666666
0 0.6192708333333333 0.5154166666666666 0.0067708333333333336 0.03166666666666667
1 0.6067708333333333 0.52175 0.009583333333333381 0.013500000000000038
6 0.7100405092592593 0.4572222222222223 0.0078125 0.015
6 0.6630208333333333 0.38916666666666666 0.010416666666666666 0.01
6 0.6743229166666667 0.38699999999999996 0.009895833333333333 0.011666666666666667
6 0.5125 0.42791666666666667 0.014583333333333334 0.0075
6 0.44765625 0.42944444444444446 0.021354166666666667 0.008333333333333333
6 0.4144386574074074 0.3574537037037037 0.042997685185185236 0.0075
6 0.2864583333333333 0.36583333333333334 0.026041666666666668 0.01
6 0.12574404761904762 0.46785714285714275 0.011755952380952388 0.021666666666666667
6 0.2342303240740741 0.48578703703703713 0.0078125 0.010833333333333334
6 0.24430803571428575 0.48541666666666666 0.0049851190476190394 0.009166666666666667
6 0.20638020833333334 0.40458333333333335 0.020572916666666666 0.0125
6 0.22916666666666666 0.4170833333333333 0.010416666666666666 0.010833333333333334
2 0.5453125 0.5258333333333334 0.030729166666666665 0.043333333333333335
2 0.5271949404761904 0.5234523809523809 0.011681547619047569 0.02571428571428574
5 0.48206018518518523 0.5508333333333333 0.06435185185185191 0.09833333333333333
2 0.5184027777777778 0.5129166666666667 0.019791666666666666 0.029166666666666667
0 0.3690104166666667 0.5176388888888889 0.0036458333333333334 0.0125
2 0.4484375 0.5125 0.01229166666666662 0.01
