5 0.4922395833333334 0.5715 0.09718750000000001 0.14599999999999994
2 0.6484375 0.5787499999999999 0.1125 0.10816666666666663
2 0.9072916666666667 0.7753333333333333 0.18541666666666667 0.37366666666666654
2 0.5678385416666667 0.54125 0.048177083333333336 0.0625
2 0.5421354166666668 0.5303333333333333 0.02177083333333331 0.035
5 0.5297991071428572 0.5129166666666667 0.019270833333333334 0.04059523809523815
2 0.28346354166666665 0.5570833333333334 0.08984375 0.09083333333333334
5 0.3958854166666666 0.5250833333333333 0.041979166666666616 0.055166666666666704
2 0.33177083333333335 0.5320238095238095 0.035416666666666666 0.04809523809523805
2 0.42533143939393947 0.5257575757575759 0.019223484848484833 0.023636363636363646
2 0.4374069940476191 0.5199107142857142 0.014025297619047628 0.02160714285714287
5 0.37734375 0.5175 0.005729166666666666 0.016666666666666666
2 0.7299045138888889 0.5155555555555555 0.017621527777777857 0.032222222222222284
0 0.626244212962963 0.5093981481481482 0.019270833333333334 0.02064814814814819
0 0.35034722222222225 0.5227777777777777 0.004861111111111131 0.018888888888888858
6 0.44652777777777775 0.4097222222222222 0.0234375 0.009166666666666667
6 0.2868344907407407 0.4344907407407408 0.011979166666666667 0.009166666666666667
6 0.4587673611111111 0.4497222222222223 0.01753472222222226 0.006666666666666667
6 0.5086805555555556 0.44861111111111107 0.010416666666666666 0.005555555555555524
6 0.3607291666666667 0.41641666666666666 0.016458333333333346 0.004166666666666667
2 0.4513020833333333 0.5189880952380952 0.0109375 0.012738095238095184
2 0.6735243055555554 0.5158333333333334 0.04704861111111107 0.03166666666666667
0 0.5926649305555556 0.5124652777777778 0.022222222222222143 0.016180555555555618
6 0.29921875 0.44208333333333333 0.0078125 0.005833333333333334
5 0.44635416666666666 0.515 0.009375 0.016666666666666666
0 0.5937872023809523 0.5179761904761905 0.0046875 0.021666666666666667
2 0.10520833333333333 0.5366666666666666 0.007291666666666667 0.02
