5 0.49049479166666665 0.569875 0.08192708333333337 0.12625
2 0.6106770833333334 0.57125 0.0796875 0.0825
2 0.851264880952381 0.70125 0.2974702380952382 0.2998809523809524
2 0.5592447916666666 0.5420833333333334 0.04088541666666667 0.055
2 0.5372916666666666 0.5349166666666666 0.01604166666666664 0.029833333333333295
5 0.5266276041666667 0.5190625 0.019270833333333334 0.0375
5 0.34765625 0.5408333333333334 0.0734375 0.08333333333333333
2 0.23203125 0.5558333333333333 0.0828125 0.08166666666666667
2 0.40546875 0.53625 0.027604166666666666 0.0325
2 0.42630208333333336 0.5290972222222223 0.021006944444444463 0.026805555555555523
0 0.6364583333333333 0.5145833333333333 0.019791666666666666 0.020833333333333332
6 0.44264322916666665 0.40838541666666667 0.027213541666666667 0.009270833333333334
6 0.27609375 0.43600000000000005 0.013020833333333334 0.00933333333333337
6 0.45786830357142855 0.45315476190476184 0.0176711309523809 0.005833333333333334
6 0.51015625 0.45208333333333334 0.010729166666666679 0.005500000000000019
6 0.35104166666666664 0.41604166666666664 0.0171875 0.005416666666666667
2 0.4477604166666666 0.5263333333333333 0.01260416666666669 0.015666666666666627
2 0.6838107638888888 0.5233333333333333 0.0524305555555556 0.03569444444444447
0 0.5947544642857142 0.5214880952380951 0.025669642857142825 0.016309523809523795
6 0.28973958333333333 0.4451666666666667 0.0078125 0.007999999999999924
5 0.4455295138888889 0.52125 0.011545138888888928 0.0175
0 0.5980208333333332 0.5215 0.004166666666666667 0.01466666666666659
2 0.12981770833333334 0.5372916666666666 0.06614583333333333 0.045
2 0.7583333333333333 0.53125 0.00625 0.015833333333333335
6 0.24166666666666667 0.4886805555555555 0.0078125 0.012361111111111048
0 0.3017708333333333 0.5293333333333333 0.007291666666666667 0.025666666666666723
2 0.9890625 0.51375 0.021875 0.0175
