2 0.7255208333333333 0.6266666666666667 0.20729166666666668 0.18
2 0.7813802083333332 0.5532499999999999 0.10786458333333329 0.06216666666666659
0 0.21575520833333334 0.5258333333333334 0.009635416666666667 0.03333333333333333
2 0.15963541666666667 0.565 0.11510416666666666 0.08833333333333333
2 0.34872685185185187 0.5460185185185185 0.05590277777777774 0.056666666666666664
5 0.4145399305555556 0.5213194444444444 0.022135416666666668 0.03263888888888895
2 0.8921875 0.5400000000000001 0.13645833333333332 0.08222222222222228
0 0.7380208333333333 0.5129166666666667 0.008333333333333333 0.019166666666666665
0 0.6690104166666667 0.5233333333333333 0.008506944444444524 0.026111111111111144
1 0.6471354166666666 0.5375 0.015104166666666667 0.02
6 0.9139322916666667 0.42854166666666665 0.018489583333333334 0.02125
6 0.7863715277777776 0.31856481481481475 0.02089120370370369 0.018981481481481478
6 0.818605324074074 0.305787037037037 0.023900462962962856 0.024722222222222284
6 0.5272964015151514 0.39848484848484844 0.01993371212121211 0.011666666666666667
6 0.4324810606060607 0.399469696969697 0.03276515151515156 0.01
6 0.3125 0.1453125 0.09830729166666667 0.035625
6 0.022135416666666668 0.16208333333333333 0.044270833333333336 0.024166666666666666
6 0.09775094696969695 0.47159090909090895 0.009990530303030305 0.012575757575757508
6 0.11302083333333332 0.47263888888888905 0.007986111111111102 0.013055555555555619
6 0.019921875 0.33229166666666665 0.03515625 0.024583333333333332
6 0.07612847222222222 0.361875 0.01961805555555556 0.014305555555555571
2 0.5471354166666667 0.5332291666666666 0.030729166666666665 0.041041666666666664
2 0.5303503787878788 0.5279545454545456 0.008333333333333333 0.02863636363636374
5 0.4912760416666667 0.5471666666666666 0.05817708333333336 0.08333333333333333
2 0.5220982142857142 0.5195833333333333 0.018601190476190452 0.025833333333333333
2 0.45286458333333335 0.5175 0.015104166666666667 0.01
2 0.4265625 0.523125 0.00625 0.022083333333333333
2 0.8451041666666668 0.5481666666666666 0.07520833333333338 0.05866666666666674
6 0.8846354166666667 0.4266666666666667 0.015104166666666667 0.023333333333333334
6 0.6484747023809523 0.4772023809523811 0.008854166666666666 0.012023809523809633
0 0.6044270833333333 0.5230833333333333 0.0048958333333332625 0.023499999999999945
