2 0.7627604166666667 0.6504166666666666 0.25677083333333334 0.22083333333333333
2 0.9581770833333334 0.5746666666666667 0.08364583333333328 0.1073333333333333
0 0.17213541666666668 0.5289583333333333 0.011979166666666667 0.05875
2 0.22942708333333334 0.5720833333333334 0.12239583333333333 0.10916666666666666
5 0.39627976190476194 0.5228571428571429 0.03110119047619051 0.03738095238095241
2 0.99453125 0.5175 0.0109375 0.016666666666666666
0 0.7860937499999999 0.5257499999999999 0.007604166666666619 0.031499999999999966
0 0.6936899038461539 0.5275961538461538 0.007892628205128224 0.02903846153846151
1 0.6669270833333333 0.54125 0.0067708333333333336 0.025833333333333333
6 0.8869502314814814 0.25634259259259257 0.03327546296296298 0.032870370370370335
6 0.9458333333333333 0.23 0.041666666666666664 0.03833333333333333
6 0.5316220238095238 0.3757142857142857 0.023660714285714354 0.011666666666666667
6 0.4161458333333332 0.3748611111111111 0.039930555555555476 0.011388888888888858
6 0.010416666666666666 0.4579166666666667 0.0125 0.019166666666666665
2 0.5446180555555554 0.5359374999999998 0.030729166666666665 0.0428472222222221
2 0.5294849537037037 0.5291203703703704 0.009432870370370357 0.026574074074074094
5 0.49109374999999994 0.5468333333333334 0.05656249999999995 0.0796666666666666
2 0.5204241071428571 0.52125 0.01733630952380949 0.025833333333333333
0 0.35159970238095234 0.52125 0.0036458333333333334 0.014166666666666666
2 0.41106770833333334 0.5260416666666666 0.00703125 0.025416666666666667
2 0.9075520833333335 0.56375 0.10177083333333338 0.07049999999999992
1 0.3524305555555555 0.5333333333333333 0.0036458333333333334 0.011666666666666667
6 0.6777901785714284 0.4742261904761906 0.010491071428571412 0.013928571428571483
0 0.6082589285714285 0.5252380952380953 0.00625 0.027857142857142775
0 0.56640625 0.525 0.00625 0.014166666666666666
2 0.45677083333333335 0.5183333333333333 0.014583333333333334 0.011666666666666667
2 0.45078125 0.5195833333333333 0.009375 0.009166666666666667
6 0.6645833333333333 0.47375 0.008333333333333333 0.014166666666666666
