5 0.49195312500000005 0.5758333333333333 0.08734375000000003 0.13400000000000006
2 0.6234635416666667 0.5777083333333334 0.09078124999999998 0.09208333333333334
2 0.8725 0.7635833333333333 0.25499999999999995 0.4004999999999999
2 0.5632161458333333 0.5459375 0.04388020833333333 0.056875
2 0.5392361111111111 0.5378472222222221 0.017881944444444405 0.03263888888888895
5 0.5290550595238096 0.5211309523809524 0.019270833333333393 0.03773809523809528
2 0.14722222222222223 0.6009722222222222 0.18229166666666666 0.15416666666666667
5 0.37604166666666666 0.53875 0.052083333333333336 0.06583333333333333
2 0.2908854166666667 0.54875 0.0578125 0.0625
2 0.416796875 0.53625 0.023697916666666666 0.0275
2 0.43333333333333335 0.5302380952380953 0.016071428571428528 0.024047619047619075
0 0.62890625 0.5175 0.019270833333333334 0.021666666666666667
6 0.4452414772727272 0.41503787878787873 0.026846590909090886 0.009166666666666667
6 0.2833622685185186 0.44074074074074077 0.012210648148148154 0.00962962962962962
6 0.45859375 0.45708333333333334 0.0171875 0.005833333333333334
6 0.5098557692307693 0.45644230769230754 0.010416666666666666 0.005576923076923018
6 0.35760416666666667 0.4233888888888888 0.016666666666666666 0.004222222222222219
2 0.45026041666666666 0.5279166666666667 0.011979166666666667 0.015833333333333335
2 0.67890625 0.5255357142857142 0.05022321428571435 0.035833333333333335
0 0.5935546875 0.5223958333333333 0.024348958333333334 0.017708333333333333
6 0.29583333333333334 0.44916666666666666 0.008333333333333333 0.006666666666666667
5 0.44680989583333336 0.5228125 0.011588541666666667 0.019375
0 0.596875 0.526875 0.005208333333333333 0.019583333333333335
2 0.10651041666666666 0.5408333333333334 0.0328125 0.041666666666666664
2 0.4039713541666667 0.5342708333333334 0.006380208333333333 0.013541666666666667
2 0.7421875 0.5341666666666667 0.009375 0.01
