2 0.8411979166666668 0.7245833333333334 0.3176041666666665 0.34616666666666673
0 0.016080729166666665 0.5482291666666667 0.021484375 0.09229166666666666
5 0.33984375 0.5291666666666667 0.050520833333333334 0.06
0 0.983203125 0.5331944444444444 0.01328125 0.07444444444444448
0 0.9721354166666667 0.53625 0.0234375 0.0725
0 0.7740530303030303 0.5318181818181817 0.01013257575757578 0.048787878787878755
1 0.7296875 0.5470833333333334 0.020833333333333332 0.0375
6 0.5549913194444446 0.27298611111111115 0.04140625 0.022083333333333333
6 0.3553059895833333 0.2733333333333333 0.06998697916666667 0.02375
2 0.5476799242424242 0.5337121212121213 0.03494318181818166 0.043333333333333335
2 0.5316080729166667 0.52625 0.012174479166666667 0.023125
5 0.49348958333333326 0.5496944444444445 0.056909722222222216 0.08105555555555555
2 0.5221354166666666 0.5204761904761904 0.0171875 0.02571428571428574
2 0.36604166666666665 0.531 0.017291666666666632 0.03566666666666672
6 0.8098958333333334 0.4422916666666667 0.0203125 0.02375
0 0.6258680555555555 0.5258333333333333 0.010416666666666666 0.03277777777777771
0 0.5746279761904761 0.5218452380952381 0.008333333333333333 0.015833333333333335
2 0.4625 0.5157291666666667 0.006510416666666667 0.011458333333333333
2 0.4481770833333334 0.5172222222222222 0.011284722222222262 0.008333333333333333
6 0.78359375 0.44375 0.0171875 0.025833333333333333
2 0.4663194444444444 0.5231944444444445 0.011805555555555536 0.0125
0 0.7205729166666667 0.5229166666666667 0.0046875 0.029166666666666667
2 0.4703125 0.5141666666666667 0.007291666666666667 0.006666666666666667
2 0.45611979166666666 0.5160416666666666 0.00625 0.009166666666666667
0 0.6713541666666667 0.5204166666666666 0.005208333333333333 0.019166666666666665
1 0.6708333333333333 0.52625 0.0125 0.010833333333333334
