2 0.8541666666666666 0.78125 0.2916666666666667 0.43416666666666665
5 0.28838541666666667 0.5358333333333334 0.0744791666666667 0.08033333333333331
0 0.84296875 0.5379166666666667 0.022395833333333334 0.0625
1 0.7893229166666667 0.5608333333333333 0.008854166666666666 0.03
6 0.5846354166666666 0.15 0.0640625 0.035
6 0.2796875 0.15097222222222223 0.10868055555555553 0.03638888888888888
2 0.5497395833333333 0.5341666666666667 0.0359375 0.043333333333333335
2 0.5331845238095237 0.5257738095238095 0.012053571428571412 0.024166666666666666
5 0.49515625 0.5432500000000001 0.05614583333333337 0.08183333333333327
2 0.52421875 0.5204166666666666 0.0171875 0.0275
2 0.3267485119047619 0.5367857142857143 0.029985119047619038 0.04523809523809528
6 0.97109375 0.4033333333333333 0.0265625 0.04
0 0.6388764880952381 0.525357142857143 0.010342261904761804 0.03642857142857139
0 0.5805555555555556 0.5174537037037038 0.008333333333333333 0.014537037037037048
2 0.44869791666666664 0.5191666666666667 0.0109375 0.01
6 0.926953125 0.40770833333333334 0.02734375 0.03791666666666667
2 0.46484375 0.5235833333333333 0.018020833333333344 0.013166666666666629
0 0.7489583333333333 0.5225 0.011458333333333333 0.03166666666666667
2 0.4709375 0.5142499999999999 0.011666666666666655 0.011166666666666648
0 0.6924153645833333 0.5170833333333333 0.008528645833333333 0.0225
1 0.6921875 0.5283333333333333 0.0125 0.013333333333333334
0 0.72578125 0.5183333333333333 0.005729166666666666 0.028333333333333332
