5 0.4917447916666668 0.5735 0.0844270833333334 0.13099999999999995
2 0.6177343749999998 0.5757500000000001 0.08609374999999998 0.08816666666666673
2 0.8633854166666667 0.7344166666666667 0.27322916666666663 0.35416666666666685
2 0.5615451388888889 0.545138888888889 0.04288194444444452 0.05583333333333333
2 0.53828125 0.5366666666666666 0.0171875 0.03166666666666667
5 0.52890625 0.5206770833333333 0.019270833333333334 0.036770833333333336
2 0.08606770833333334 0.6210416666666667 0.17213541666666668 0.19708333333333333
5 0.36597222222222225 0.5394444444444444 0.058680555555555534 0.07111111111111114
2 0.2711458333333333 0.5511666666666667 0.06666666666666664 0.07
2 0.4131076388888889 0.5365277777777777 0.025520833333333333 0.029166666666666667
2 0.4314525462962963 0.5300925925925926 0.016956018518518513 0.024814814814814855
0 0.6312127976190476 0.5179761904761905 0.01703869047619051 0.02071428571428574
6 0.4437065972222223 0.41256944444444443 0.028993055555555536 0.009166666666666667
6 0.2811197916666667 0.43895833333333334 0.012760416666666666 0.009583333333333333
6 0.45853794642857143 0.45601190476190473 0.017224702380952372 0.005833333333333334
6 0.5108173076923077 0.4551602564102564 0.010416666666666666 0.005064102564102579
6 0.35593749999999996 0.42050000000000004 0.016666666666666666 0.004666666666666685
2 0.44973958333333336 0.5275 0.01267361111111113 0.015555555555555524
2 0.6811631944444444 0.5256018518518518 0.0515625 0.035648148148148096
0 0.5947048611111111 0.5230555555555556 0.025636574074074048 0.01814814814814819
6 0.2937210648148148 0.4484259259259259 0.0078125 0.0074074074074074285
5 0.44674479166666664 0.5219791666666667 0.011979166666666667 0.018958333333333334
0 0.5981770833333333 0.5245833333333333 0.0046875 0.0175
2 0.11067708333333333 0.5216666666666666 0.04114583333333333 0.008333333333333333
2 0.3996874999999999 0.5350833333333334 0.008541666666666654 0.014166666666666666
2 0.7475694444444444 0.5340277777777778 0.009375 0.01027777777777781
0 0.3064453125 0.5284375 0.006380208333333333 0.026458333333333334
