5 0.5065104166666666 0.5945833333333334 0.1328125 0.18916666666666668
2 0.90390625 0.7595833333333334 0.1921875 0.36916666666666664
2 0.7611979166666667 0.6108333333333333 0.2109375 0.17
2 0.6315104166666666 0.56375 0.0984375 0.11583333333333333
2 0.58046875 0.5525 0.03802083333333333 0.06833333333333333
5 0.5697916666666667 0.515 0.04375 0.07666666666666666
2 0.3910677083333333 0.524625 0.024635416666666642 0.027583333333333352
6 0.46770833333333334 0.45125 0.016666666666666666 0.005833333333333334
6 0.51484375 0.4504166666666667 0.009895833333333333 0.005833333333333334
2 0.425546875 0.5212916666666666 0.023593749999999976 0.02925000000000002
6 0.3098958333333333 0.4275 0.027083333333333334 0.015
2 0.40963541666666664 0.519625 0.016770833333333356 0.024250000000000018
2 0.441796875 0.5204166666666666 0.01317708333333331 0.020833333333333332
2 0.45177083333333334 0.51875 0.010000000000000024 0.0175
2 0.4552083333333333 0.5154166666666666 0.010416666666666666 0.015833333333333335
5 0.4583333333333333 0.5083333333333333 0.0125 0.013333333333333334
5 0.6991145833333333 0.5128333333333334 0.033645833333333285 0.02933333333333337
