5 0.5065104166666666 0.5936063218390805 0.13177083333333334 0.1850287356321841
2 0.9049479166666666 0.7591666666666667 0.19010416666666666 0.36833333333333335
2 0.7606770833333333 0.6116666666666667 0.20885416666666667 0.17333333333333334
2 0.23296875 0.5641666666666667 0.13010416666666672 0.12333333333333334
2 0.4484895833333333 0.5183333333333333 0.015625 0.021666666666666667
2 0.4558238636363637 0.5116666666666667 0.014393939393939388 0.021666666666666667
2 0.6322916666666667 0.5645833333333333 0.09479166666666666 0.1175
2 0.5807291666666666 0.5529166666666666 0.03854166666666667 0.06916666666666667
2 0.5667187499999999 0.5158333333333334 0.041770833333333354 0.07666666666666666
2 0.40114583333333337 0.532375 0.03406249999999999 0.03808333333333337
2 0.3746614583333333 0.5228750000000001 0.04015625000000001 0.02925000000000002
2 0.4270499465811965 0.524369658119658 0.02284989316239295 0.025363247863247694
2 0.42717013888888894 0.5140277777777778 0.0331597222222222 0.016388888888888856
6 0.5153645833333333 0.44958333333333333 0.0109375 0.0075
6 0.46796875 0.45166666666666666 0.016145833333333335 0.006666666666666667
6 0.309375 0.4275 0.028125 0.016666666666666666
2 0.4326041666666667 0.5148333333333333 0.01083333333333331 0.017999999999999926
