5 0.4829687499999999 0.5665 0.0780208333333333 0.11966666666666669
2 0.5982421875 0.5670833333333334 0.07486979166666667 0.08041666666666666
2 0.8315104166666667 0.6733333333333333 0.3255208333333333 0.25166666666666665
2 0.5514322916666666 0.5391666666666667 0.03828125 0.05333333333333334
2 0.5299479166666666 0.5316666666666666 0.016145833333333335 0.03
5 0.51953125 0.518125 0.01875 0.034583333333333334
5 0.3030381944444444 0.5477777777777778 0.0996527777777778 0.10638888888888895
2 0.14234375000000002 0.5700833333333333 0.12677083333333333 0.11016666666666661
2 0.3868589743589743 0.5392628205128205 0.032772435897435885 0.035448717948717956
2 0.4133333333333333 0.5295833333333333 0.02375000000000001 0.030166666666666706
5 0.3514322916666667 0.5347916666666667 0.01015625 0.025416666666666667
6 0.434375 0.4025 0.029407051282051278 0.010512820512820535
6 0.2628255208333333 0.431875 0.013151041666666667 0.009166666666666667
6 0.45110176282051284 0.45044871794871794 0.018229166666666668 0.006666666666666667
6 0.5052283653846154 0.44948717948717953 0.0109375 0.006538461538461604
6 0.3399384469696969 0.4106818181818182 0.018986742424242385 0.006515151515151511
2 0.4397786458333333 0.5260416666666666 0.013541666666666667 0.015833333333333335
2 0.6836516203703703 0.5233333333333333 0.05364583333333333 0.03666666666666667
0 0.5907552083333333 0.5189583333333333 0.026302083333333334 0.01625
6 0.2767361111111111 0.44201388888888893 0.0078125 0.008194444444444476
5 0.43850446428571427 0.5161904761904763 0.0109375 0.010238095238095279
0 0.5940104166666667 0.5204166666666666 0.0036458333333333334 0.014166666666666666
2 0.10052083333333334 0.5370833333333334 0.011458333333333333 0.04083333333333333
2 0.7496527777777777 0.5315277777777777 0.01388888888888881 0.015833333333333335
6 0.22404513888888886 0.4866666666666667 0.008506944444444435 0.013888888888888857
0 0.6309895833333333 0.51375 0.0046875 0.0225
2 0.6618923611111112 0.5216666666666666 0.01892361111111107 0.019444444444444476
0 0.6221354166666667 0.5172222222222221 0.0026041666666666665 0.017222222222222285
2 0.99140625 0.51375 0.0171875 0.0175
