2 0.8644791666666667 0.7791666666666667 0.27104166666666674 0.44166666666666665
5 0.21546875 0.5355 0.11593750000000001 0.11100000000000004
0 0.9354166666666667 0.5258333333333334 0.029166666666666667 0.065
1 0.8408854166666667 0.5475 0.04114583333333333 0.055
2 0.5544270833333333 0.5205555555555555 0.03420138888888893 0.043333333333333335
2 0.5364583333333334 0.515 0.011458333333333333 0.025
5 0.4997395833333333 0.5330833333333334 0.05531250000000002 0.08083333333333333
2 0.5277157738095238 0.5067261904761905 0.01718750000000006 0.024166666666666666
2 0.27786458333333336 0.5341666666666667 0.0484375 0.058333333333333334
0 0.6567708333333333 0.517361111111111 0.010763888888888929 0.04194444444444448
0 0.5881944444444444 0.50875 0.00798611111111119 0.020833333333333332
2 0.4513020833333333 0.5075 0.0109375 0.01
2 0.4655133928571429 0.5111904761904762 0.01971726190476192 0.015476190476190558
0 0.7841145833333333 0.5016666666666667 0.0109375 0.045
2 0.4744791666666667 0.5045833333333334 0.0125 0.0125
0 0.7161458333333334 0.51375 0.011458333333333333 0.034166666666666665
1 0.7127604166666667 0.5208333333333334 0.015104166666666667 0.02
0 0.746875 0.5079166666666667 0.004166666666666667 0.034166666666666665
