5 0.4953125 0.5429166666666667 0.05 0.07583333333333334
2 0.90859375 0.8141666666666667 0.1828125 0.37166666666666665
2 0.5520833333333334 0.5358333333333334 0.03229166666666667 0.043333333333333335
2 0.45364583333333336 0.52875 0.020833333333333332 0.020833333333333332
2 0.53203125 0.5304166666666666 0.0140625 0.0225
1 0.8213541666666667 0.5433333333333333 0.03958333333333333 0.03666666666666667
0 0.8223958333333333 0.5304166666666666 0.016666666666666666 0.060833333333333336
0 0.7455729166666667 0.5404166666666667 0.016145833333333335 0.07083333333333333
5 0.5214657738095239 0.5217261904761905 0.01376488095238096 0.0225
1 0.21751302083333332 0.5454166666666667 0.016276041666666668 0.028958333333333332
0 0.21692708333333333 0.5360416666666666 0.011979166666666667 0.035416666666666666
0 0.9146701388888889 0.5327777777777777 0.019618055555555475 0.07166666666666667
2 0.4390625 0.5240833333333333 0.014791666666666654 0.0125
0 0.9671875 0.5295833333333333 0.022916666666666665 0.08083333333333333
