5 0.4920572916666667 0.5758333333333334 0.08880208333333334 0.13666666666666666
2 0.6266927083333333 0.5785416666666666 0.09348958333333321 0.09375
2 0.8770833333333333 0.78125 0.24583333333333332 0.42916666666666664
2 0.5639322916666667 0.5461458333333333 0.044270833333333336 0.057708333333333334
2 0.5399305555555556 0.5375694444444444 0.018576388888888868 0.03319444444444448
5 0.5293526785714285 0.5208928571428572 0.019270833333333334 0.03821428571428574
2 0.18411458333333333 0.5916666666666667 0.1546875 0.13666666666666666
5 0.38 0.53775 0.05 0.06383333333333335
2 0.29847470238095236 0.5475595238095238 0.05513392857142859 0.06011904761904759
2 0.41856770833333334 0.5359166666666667 0.02265625 0.026833333333333372
2 0.434375 0.5295238095238094 0.01577380952380949 0.023571428571428518
0 0.6284895833333333 0.5165 0.019270833333333334 0.023666666666666742
0 0.3537109375 0.5329166666666667 0.0037760416666666667 0.01875
6 0.44609375 0.41625 0.025520833333333333 0.009166666666666667
6 0.28463541666666664 0.44166666666666665 0.011979166666666667 0.01
6 0.45859375 0.45691666666666664 0.0171875 0.005833333333333334
6 0.509375 0.45708333333333334 0.010416666666666666 0.005833333333333334
6 0.3583984375 0.423125 0.016666666666666666 0.004166666666666667
2 0.450390625 0.5276041666666667 0.011979166666666667 0.015625
2 0.6775173611111112 0.524861111111111 0.049479166666666664 0.035833333333333335
0 0.5931919642857143 0.520952380952381 0.023883928571428587 0.017380952380952407
6 0.29635416666666664 0.449375 0.0078125 0.00625
5 0.44674479166666664 0.523125 0.011197916666666667 0.01875
0 0.5961458333333333 0.5270833333333333 0.005208333333333333 0.01883333333333335
2 0.11510416666666666 0.5404166666666667 0.04375 0.04083333333333333
2 0.40625 0.5344791666666666 0.0046875 0.013958333333333333
2 0.7395833333333334 0.5345833333333333 0.009375 0.010833333333333334
