2 0.68515625 0.6033333333333334 0.1578125 0.15333333333333332
2 0.5825520833333333 0.5466666666666666 0.058854166666666666 0.065
5 0.010677083333333334 0.5458333333333333 0.021354166666666667 0.043333333333333335
2 0.07005208333333333 0.5375 0.0984375 0.06
2 0.8719270833333334 0.5228333333333333 0.08197916666666671 0.038999999999999965
2 0.2234375 0.5666666666666667 0.11770833333333333 0.11166666666666666
2 0.3671875 0.53 0.030729166666666665 0.0325
2 0.4200520833333333 0.5258333333333334 0.024479166666666666 0.028333333333333332
5 0.43452380952380953 0.5139880952380953 0.015625 0.02369047619047611
2 0.7442968750000001 0.5119166666666666 0.0499479166666666 0.03733333333333339
0 0.6757886904761904 0.51125 0.005565476190476204 0.025833333333333333
0 0.6289388020833333 0.5175520833333334 0.0067708333333333336 0.03166666666666667
1 0.6140625 0.5233333333333333 0.0125 0.016666666666666666
6 0.7385416666666667 0.4529166666666667 0.005208333333333333 0.014166666666666666
6 0.6796875 0.38 0.011458333333333333 0.013333333333333334
6 0.6919270833333333 0.3749074074074074 0.009895833333333333 0.011666666666666667
6 0.5164713541666667 0.42359375 0.015494791666666667 0.008229166666666666
6 0.44766555059523816 0.42535714285714277 0.022935267857142942 0.008333333333333286
6 0.40755208333333337 0.3399537037037037 0.046817129629629646 0.007685185185185143
6 0.2634259259259259 0.34828703703703706 0.03009259259259256 0.008611111111111049
6 0.08352864583333333 0.46291666666666664 0.01328125 0.021666666666666667
6 0.21866319444444446 0.4834722222222221 0.0078125 0.010833333333333334
6 0.229296875 0.4842500000000001 0.006093749999999994 0.009166666666666667
6 0.18484375000000006 0.39583333333333337 0.023645833333333352 0.01600000000000004
6 0.21226851851851852 0.4110648148148149 0.010416666666666666 0.010833333333333334
2 0.5473668981481481 0.5266666666666666 0.030729166666666665 0.043333333333333335
2 0.5288773148148149 0.5241666666666667 0.01134259259259262 0.023333333333333334
5 0.48557291666666663 0.5490833333333333 0.06395833333333337 0.09699999999999998
2 0.5208333333333334 0.5134523809523809 0.020684523809523844 0.02809523809523815
2 0.45015625 0.5118333333333334 0.016979166666666677 0.011333333333333351
2 0.978125 0.5133333333333333 0.035416666666666666 0.045
2 0.4422395833333333 0.5166666666666667 0.0034374999999999527 0.019333333333333372
2 0.2864583333333333 0.5516666666666666 0.013541666666666667 0.03333333333333333
