2 0.68515625 0.6033333333333334 0.1578125 0.15333333333333332
2 0.58125 0.5466666666666666 0.059375 0.065
5 0.015885416666666666 0.5370833333333334 0.03177083333333333 0.05416666666666667
2 0.0765625 0.5370833333333334 0.09583333333333334 0.059166666666666666
2 0.8619791666666666 0.5220833333333333 0.07395833333333333 0.0375
2 0.2513020833333333 0.5608333333333333 0.10364583333333334 0.09833333333333333
2 0.37135416666666665 0.5291666666666667 0.029166666666666667 0.03166666666666667
2 0.42135416666666664 0.5252083333333334 0.0234375 0.027083333333333334
5 0.4354166666666667 0.51375 0.015625 0.024166666666666666
2 0.7387760416666667 0.51225 0.04848958333333329 0.03600000000000004
0 0.6730654761904763 0.51125 0.005059523809523844 0.025833333333333333
0 0.6272981770833334 0.5169270833333334 0.0067708333333333336 0.03166666666666667
1 0.6114583333333333 0.5225 0.009375 0.015
6 0.7309895833333333 0.4533333333333333 0.0078125 0.015
6 0.6760416666666667 0.3822222222222222 0.011805555555555595 0.012222222222222238
6 0.6877604166666667 0.37787037037037036 0.009895833333333333 0.011666666666666667
6 0.5156901041666667 0.42463541666666665 0.014973958333333334 0.0078125
6 0.4481026785714286 0.4263095238095238 0.022247023809523845 0.008333333333333333
6 0.40944602272727276 0.3442045454545455 0.04616477272727272 0.0075
6 0.26956018518518526 0.35365740740740736 0.02893518518518518 0.009722222222222191
6 0.09423828125 0.46489583333333334 0.012825520833333333 0.021666666666666667
6 0.22296875000000002 0.484 0.0078125 0.010833333333333334
6 0.23294270833333333 0.4849166666666667 0.005885416666666643 0.009166666666666667
6 0.1902604166666667 0.3975 0.022812500000000006 0.015333333333333362
6 0.2162037037037037 0.4125462962962963 0.010416666666666666 0.010833333333333334
2 0.5475983796296297 0.5266666666666666 0.030729166666666665 0.043333333333333335
2 0.5282986111111111 0.5241666666666667 0.011111111111111072 0.023333333333333334
5 0.48518229166666665 0.5497083333333332 0.06453125000000005 0.09758333333333326
2 0.5204427083333333 0.513125 0.020572916666666666 0.02875
2 0.4497829861111111 0.5121527777777778 0.016579861111111073 0.010694444444444381
2 0.9625 0.5191666666666667 0.020833333333333332 0.035
2 0.44279513888888894 0.5166666666666667 0.0029513888888888693 0.01777777777777781
2 0.30234375 0.5508333333333333 0.0078125 0.035
