5 0.49210937500000007 0.5758333333333333 0.08953125000000005 0.13799999999999993
2 0.6283072916666668 0.5789583333333334 0.09484374999999995 0.09458333333333334
2 0.88046875 0.7841666666666667 0.24010416666666667 0.43333333333333335
2 0.5641927083333333 0.5459375 0.044270833333333336 0.058125
2 0.5402157738095238 0.5370238095238095 0.018973214285714354 0.033571428571428516
5 0.5294270833333333 0.520297619047619 0.019270833333333334 0.038452380952380925
2 0.19973958333333333 0.5866666666666667 0.14322916666666666 0.13
5 0.38192708333333336 0.5369166666666666 0.04906250000000002 0.06283333333333331
2 0.30226934523809523 0.5469642857142858 0.053794642857142826 0.05892857142857148
2 0.41935763888888894 0.5350925925925926 0.02228009259259262 0.026481481481481522
2 0.4348958333333333 0.5291666666666667 0.015625 0.023333333333333334
2 0.74296875 0.5245833333333333 0.0067708333333333336 0.029166666666666667
0 0.6282552083333334 0.5158333333333334 0.019270833333333334 0.023958333333333335
0 0.3533203125 0.5320833333333334 0.004036458333333334 0.019583333333333335
6 0.4462673611111111 0.4156944444444444 0.02482638888888887 0.009166666666666667
6 0.2847395833333334 0.44100000000000006 0.012187499999999988 0.00933333333333337
6 0.45859375 0.4565833333333334 0.0171875 0.005833333333333334
6 0.509313725490196 0.4561029411764706 0.010416666666666666 0.005833333333333334
6 0.3587890625 0.42270833333333335 0.016666666666666666 0.004166666666666667
2 0.45065104166666664 0.5269791666666667 0.011979166666666667 0.015208333333333334
2 0.6767650462962963 0.5244907407407408 0.04913194444444453 0.035833333333333335
0 0.5931547619047619 0.5198214285714285 0.023809523809523843 0.017261904761904815
6 0.29661458333333335 0.44947916666666665 0.007552083333333333 0.0060416666666666665
5 0.44665798611111107 0.523263888888889 0.011024305555555535 0.018472222222222192
0 0.5959375 0.52625 0.005208333333333333 0.018500000000000037
2 0.11423611111111108 0.5397222222222223 0.040624999999999974 0.04
2 0.40729166666666666 0.5342708333333334 0.0036458333333333334 0.013541666666666667
2 0.7369791666666666 0.5345833333333333 0.008333333333333333 0.010833333333333334
