5 0.4928645833333334 0.5764166666666666 0.10906249999999992 0.1621666666666668
2 0.6872395833333332 0.5915833333333333 0.1482291666666666 0.13316666666666663
2 0.9444791666666668 0.8363333333333334 0.11104166666666657 0.2623333333333333
2 0.57470703125 0.5441145833333333 0.0537109375 0.06822916666666666
2 0.5452414772727272 0.5314393939393939 0.023153409090909113 0.036515151515151466
5 0.5314236111111111 0.5109259259259259 0.020254629629629643 0.041666666666666664
2 0.078125 0.57625 0.15625 0.12083333333333333
2 0.34010416666666665 0.5445833333333333 0.06041666666666667 0.06583333333333333
5 0.4094791666666666 0.5203333333333334 0.033958333333333354 0.04666666666666667
2 0.3536458333333333 0.5135416666666667 0.022135416666666668 0.0125
2 0.43243001302083334 0.52224609375 0.013639322916666667 0.0212890625
2 0.4409895833333334 0.5185 0.012604166666666632 0.019333333333333372
5 0.39036458333333335 0.5208333333333334 0.0125 0.029166666666666667
2 0.7066145833333333 0.51525 0.04697916666666669 0.027833333333333314
0 0.6231770833333333 0.5086111111111111 0.019270833333333334 0.01888888888888895
6 0.4459635416666667 0.41083333333333333 0.024739583333333332 0.009166666666666667
6 0.289453125 0.4348958333333333 0.012239583333333333 0.008125
6 0.4583333333333333 0.4493939393939394 0.016666666666666666 0.006666666666666667
6 0.5078125 0.44865740740740745 0.010416666666666666 0.006018518518518476
6 0.3627130681818182 0.41746212121212123 0.016145833333333335 0.004166666666666667
2 0.4515997023809524 0.5170833333333333 0.008258928571428589 0.0125
2 0.6495659722222222 0.5177777777777777 0.0067708333333333336 0.016111111111111142
0 0.5894965277777777 0.5096759259259259 0.01938657407407405 0.018981481481481523
6 0.3009114583333333 0.4421875 0.0078125 0.0060416666666666665
0 0.3104166666666667 0.5191666666666667 0.007291666666666667 0.0275
