5 0.5065104166666666 0.5945833333333334 0.1328125 0.18916666666666668
2 0.90390625 0.7595833333333334 0.1921875 0.36916666666666664
2 0.7611979166666667 0.6108333333333333 0.2109375 0.17
2 0.6315104166666666 0.56375 0.0984375 0.11583333333333333
2 0.58046875 0.5525 0.03802083333333333 0.06833333333333333
5 0.5697916666666667 0.515 0.04375 0.07666666666666666
2 0.3951822916666667 0.5239583333333333 0.023177083333333393 0.026250000000000096
6 0.46770833333333334 0.45125 0.016666666666666666 0.005833333333333334
6 0.51484375 0.4504166666666667 0.009895833333333333 0.005833333333333334
2 0.4289062500000001 0.52125 0.022395833333333393 0.029166666666666667
6 0.3098958333333333 0.4275 0.027083333333333334 0.015
2 0.4122395833333333 0.5195833333333333 0.0171875 0.024166666666666666
2 0.4434895833333333 0.520625 0.011458333333333333 0.021249999999999904
2 0.45208333333333334 0.51875 0.009375 0.0175
2 0.4552083333333333 0.514375 0.010416666666666666 0.01375
5 0.4583333333333333 0.5083333333333333 0.0125 0.013333333333333334
5 0.6551649305555555 0.5144444444444444 0.05581597222222226 0.032222222222222194
0 0.706640625 0.51375 0.0049479166666666664 0.023333333333333334
