5 0.5062847222222221 0.5923074712643677 0.1286111111111109 0.18126628352490418
2 0.9049479166666666 0.7591666666666667 0.19010416666666666 0.36833333333333335
2 0.7610520833333335 0.6122666666666668 0.20960416666666692 0.17333333333333334
2 0.06854166666666667 0.5888333333333332 0.13708333333333333 0.11333333333333333
2 0.44369791666666675 0.5198333333333334 0.018020833333333406 0.02466666666666678
2 0.45218749999999996 0.514 0.015416666666666738 0.026333333333333448
2 0.6322916666666667 0.5645833333333333 0.09479166666666666 0.1175
2 0.5803541666666665 0.552016666666667 0.03929166666666693 0.06616666666666693
2 0.5617187499999999 0.5179166666666667 0.03656249999999991 0.07483333333333339
2 0.3605729166666667 0.5426666666666665 0.05260416666666667 0.05266666666666661
2 0.33328125000000003 0.5239999999999999 0.05260416666666667 0.031333333333333255
2 0.4110416666666667 0.5295 0.030625000000000034 0.03200000000000008
6 0.5153645833333333 0.45008333333333345 0.0109375 0.0075
6 0.46796875 0.45226666666666687 0.016145833333333335 0.006666666666666667
6 0.30975000000000014 0.4281000000000002 0.028125 0.016666666666666666
2 0.4302604166666667 0.5160833333333333 0.010729166666666737 0.020500000000000115
2 0.4055208333333334 0.5205000000000001 0.02000000000000005 0.026000000000000037
2 0.42046875 0.5188333333333334 0.013437499999999976 0.025
