2 0.7466145833333333 0.63875 0.2328125 0.20083333333333334
2 0.8922585227272727 0.5691666666666665 0.14048295454545467 0.09560606060606053
0 0.19456845238095238 0.529702380952381 0.013095238095238078 0.055119047619047595
2 0.023958333333333335 0.5875 0.04791666666666667 0.11
2 0.29548611111111106 0.5577083333333334 0.08263888888888887 0.08041666666666666
5 0.40572916666666664 0.5217361111111111 0.027256944444444466 0.03486111111111114
2 0.9614583333333333 0.5458333333333333 0.07708333333333334 0.08333333333333333
0 0.7640252976190476 0.5232738095238095 0.009300595238095137 0.026547619047619073
0 0.6842748397435898 0.5259935897435898 0.00829326923076934 0.028397435897435912
1 0.65703125 0.5420833333333334 0.0036458333333333334 0.0175
6 0.8393229166666667 0.28717592592592595 0.025752314814814763 0.027129629629629618
6 0.8841145833333334 0.2679166666666667 0.031510416666666666 0.029166666666666667
6 0.5305266203703705 0.3858333333333333 0.02204861111111119 0.011666666666666667
6 0.4244212962962963 0.3855555555555556 0.035300925925925895 0.010185185185185191
6 0.23645833333333333 0.01 0.14791666666666667 0.02
6 0.038802083333333334 0.4628472222222223 0.011371527777777776 0.014722222222222097
6 0.059453125 0.46237500000000004 0.009218749999999994 0.016083333333333297
6 0.011197916666666667 0.33375 0.022395833333333334 0.0175
2 0.5459990530303032 0.5348484848484846 0.030729166666666727 0.04212121212121199
2 0.5311789772727273 0.5281439393939393 0.008948863636363609 0.027348484848484893
5 0.4922395833333333 0.546 0.057604166666666616 0.08133333333333326
2 0.5219328703703704 0.5207870370370371 0.017708333333333333 0.025833333333333333
0 0.3575520833333333 0.52125 0.0036458333333333334 0.014166666666666666
2 0.41875 0.5245833333333333 0.007291666666666667 0.0225
1 0.3580729166666667 0.5333333333333333 0.0036458333333333334 0.011666666666666667
6 0.9815104166666667 0.4125 0.019270833333333334 0.03
6 0.6643229166666667 0.47625 0.009895833333333333 0.0125
0 0.60703125 0.5258333333333334 0.005729166666666666 0.02666666666666667
0 0.5661458333333333 0.524861111111111 0.00625 0.014166666666666666
2 0.4576822916666667 0.5176041666666666 0.012760416666666666 0.010208333333333333
2 0.4522569444444445 0.5179166666666667 0.009375 0.009166666666666667
