5 0.4897395833333333 0.569375 0.08145833333333338 0.12541666666666668
2 0.6089409722222222 0.5706944444444444 0.07899305555555548 0.0825
2 0.8490104166666667 0.6968333333333333 0.30197916666666663 0.2923333333333333
2 0.5583333333333333 0.5416666666666666 0.040625 0.055
2 0.5363541666666667 0.5347500000000001 0.01583333333333332 0.02949999999999998
5 0.5257161458333334 0.5188541666666666 0.019270833333333334 0.0375
5 0.3424479166666667 0.5413888888888888 0.0765625 0.08555555555555562
2 0.222265625 0.5572916666666666 0.08776041666666666 0.08458333333333333
2 0.40328125000000004 0.5364166666666667 0.02822916666666669 0.03283333333333341
2 0.42473958333333334 0.5289583333333333 0.021354166666666667 0.027083333333333334
0 0.6359375 0.515 0.01875 0.021666666666666667
6 0.44147135416666666 0.40765625 0.027473958333333333 0.009479166666666667
6 0.2746354166666667 0.4355000000000001 0.013020833333333334 0.009666666666666686
6 0.45731169871794874 0.4527564102564102 0.017748397435897446 0.005897435897435912
6 0.5098958333333333 0.45166666666666666 0.010833333333333368 0.0056666666666667235
6 0.34982638888888895 0.4152777777777778 0.01736111111111113 0.005555555555555571
2 0.4469401041666667 0.52625 0.012630208333333334 0.015833333333333335
2 0.6838975694444444 0.5233333333333334 0.052777777777777854 0.03597222222222229
0 0.59453125 0.52125 0.025520833333333333 0.015833333333333335
6 0.2884548611111111 0.44458333333333333 0.0078125 0.008055555555555524
5 0.44484375000000004 0.5210833333333333 0.011354166666666643 0.0175
0 0.5976041666666667 0.5213333333333333 0.004166666666666667 0.014333333333333372
2 0.13059895833333332 0.536875 0.06614583333333333 0.045
2 0.75234375 0.5316666666666666 0.0203125 0.016666666666666666
6 0.2396875 0.4886249999999999 0.0078125 0.012583333333333353
0 0.30052083333333335 0.5291666666666667 0.007291666666666667 0.02666666666666667
2 0.9890625 0.51375 0.021875 0.0175
