5 0.4934895833333333 0.5395833333333333 0.0484375 0.0725
2 0.9557291666666666 0.8766666666666667 0.08854166666666667 0.24666666666666667
2 0.5518229166666667 0.5295833333333333 0.033854166666666664 0.04416666666666667
2 0.45364583333333336 0.52375 0.025 0.0225
2 0.5322916666666667 0.52375 0.016666666666666666 0.0225
1 0.8997395833333334 0.5370833333333334 0.050520833333333334 0.0475
0 0.8989583333333333 0.5258333333333334 0.021875 0.08
0 0.825 0.53875 0.019791666666666666 0.09083333333333334
5 0.5200520833333333 0.5141666666666667 0.015104166666666667 0.021666666666666667
1 0.18984375 0.5495833333333333 0.0171875 0.025
0 0.18723958333333332 0.5329166666666667 0.0109375 0.0325
2 0.43463541666666666 0.5179166666666667 0.0140625 0.009166666666666667
2 0.46848958333333335 0.5120833333333333 0.011979166666666667 0.0125
