5 0.48020833333333335 0.5575 0.07291666666666667 0.11333333333333333
2 0.5895182291666666 0.556875 0.06809895833333333 0.07416666666666667
2 0.75 0.6357291666666667 0.22994791666666667 0.19520833333333334
2 0.5464583333333333 0.5314166666666666 0.03583333333333331 0.04983333333333329
2 0.5275607638888888 0.5261805555555557 0.012760416666666607 0.02847222222222219
5 0.5161458333333333 0.5120833333333333 0.019097222222222203 0.034166666666666665
5 0.14114583333333333 0.5725 0.23645833333333333 0.195
2 0.3524305555555556 0.5428703703703703 0.04699074074074077 0.049074074074074096
2 0.39505208333333336 0.5264583333333334 0.030208333333333334 0.03791666666666667
5 0.27760416666666665 0.5275 0.0625 0.04
6 0.4279947916666667 0.386875 0.03317708333333336 0.011416666666666705
6 0.2464409722222222 0.42041666666666666 0.015729166666666662 0.011055555555555542
6 0.44869791666666664 0.44083333333333335 0.019270833333333334 0.006666666666666667
6 0.5053873697916667 0.4398697916666667 0.01123046875 0.006302083333333333
6 0.325 0.395 0.019791666666666666 0.005
2 0.4352141203703704 0.5215277777777778 0.015682870370370357 0.018425925925925905
2 0.6957682291666667 0.516875 0.05611979166666667 0.034166666666666665
0 0.5921875 0.5120833333333333 0.026041666666666668 0.015833333333333335
6 0.2621279761904762 0.43059523809523803 0.008035714285714294 0.007619047619047592
5 0.43677083333333333 0.5143333333333334 0.013125000000000024 0.01766666666666661
0 0.5993923611111112 0.51375 0.0036458333333333334 0.0125
2 0.37552083333333336 0.5283333333333333 0.014583333333333334 0.021666666666666667
2 0.7790798611111112 0.5216666666666666 0.041493055555555595 0.02666666666666667
6 0.198046875 0.47375 0.008072916666666667 0.006666666666666667
2 0.6763020833333333 0.5108333333333334 0.01875 0.016666666666666666
0 0.6308333333333334 0.5130833333333333 0.004166666666666667 0.01883333333333335
6 0.64 0.4073333333333333 0.008333333333333333 0.00800000000000002
