5 0.5065104166666666 0.593764367816092 0.13177083333333334 0.18408045977011492
2 0.9049479166666666 0.7591666666666667 0.19010416666666666 0.36833333333333335
2 0.7607812500000003 0.6118333333333337 0.2090625000000005 0.17333333333333334
2 0.13958333333333334 0.58375 0.20104166666666667 0.17083333333333334
2 0.240625 0.5545833333333333 0.027083333333333334 0.060833333333333336
2 0.4471354166666667 0.51875 0.016145833333333335 0.0225
2 0.4549479166666667 0.5120833333333333 0.015104166666666667 0.0225
2 0.6322916666666667 0.5645833333333333 0.09479166666666666 0.1175
2 0.5806249999999998 0.5526666666666671 0.0387500000000004 0.06833333333333362
2 0.5658854166666667 0.51625 0.04114583333333333 0.07583333333333334
2 0.3919270833333333 0.535 0.03802083333333333 0.041666666666666664
2 0.3653645833333333 0.5229166666666667 0.044270833333333336 0.029166666666666667
2 0.42265625 0.525734126984127 0.025520833333333333 0.027896825396825496
6 0.5153645833333333 0.44958333333333333 0.0109375 0.0075
6 0.46796875 0.45183333333333364 0.016145833333333335 0.006666666666666667
6 0.30947916666666686 0.4276666666666667 0.028125 0.016666666666666618
2 0.43203125 0.51625 0.0109375 0.020833333333333332
2 0.41171875 0.51625 0.013020833333333334 0.0175
