5 0.5013020833333334 0.5395833333333333 0.0515625 0.07583333333333334
2 0.8994791666666667 0.7920833333333334 0.20104166666666667 0.41583333333333333
2 0.5552083333333333 0.53 0.03229166666666667 0.043333333333333335
2 0.45729166666666665 0.5229166666666667 0.01875 0.020833333333333332
2 0.5354166666666667 0.5258333333333334 0.014583333333333334 0.021666666666666667
0 0.95 0.52375 0.010416666666666666 0.059166666666666666
0 0.9473958333333333 0.5208333333333334 0.03333333333333333 0.06666666666666667
1 0.8025520833333333 0.5384166666666665 0.03697916666666667 0.03283333333333331
0 0.8028645833333333 0.5266666666666666 0.016145833333333335 0.055
0 0.7265625 0.5343055555555555 0.014236111111111071 0.06416666666666666
5 0.5255208333333333 0.517 0.0125 0.022333333333333295
1 0.23125 0.5390833333333334 0.015000000000000006 0.0275
0 0.23125 0.5288541666666666 0.01171875 0.031875
0 0.8806547619047619 0.5272619047619047 0.017559523809523844 0.06595238095238093
2 0.4418229166666666 0.5185833333333333 0.015312500000000047 0.0125
0 0.92734375 0.5216666666666666 0.015104166666666667 0.06166666666666667
