2 0.8703125 0.7420833333333333 0.259375 0.5158333333333334
2 0.10807291666666667 0.6154166666666666 0.21614583333333334 0.1925
2 0.6575520833333334 0.5754166666666667 0.10260416666666666 0.10916666666666666
2 0.5747395833333333 0.5420833333333334 0.044270833333333336 0.05583333333333333
2 0.5354166666666667 0.53125 0.014583333333333334 0.029166666666666667
2 0.4276041666666667 0.51875 0.016666666666666666 0.010833333333333334
2 0.5299479166666666 0.5254166666666666 0.0171875 0.0275
2 0.44635416666666666 0.5283333333333333 0.009375 0.021666666666666667
2 0.4544270833333333 0.52625 0.008854166666666666 0.015833333333333335
2 0.4625 0.5254861111111111 0.004166666666666667 0.015694444444444382
2 0.38359375 0.5416666666666666 0.04114583333333333 0.043333333333333335
5 0.4197916666666667 0.5295833333333333 0.06145833333333333 0.04416666666666667
2 0.6059895833333333 0.5629166666666666 0.04010416666666667 0.0775
2 0.40625 0.5391666666666667 0.014583333333333334 0.03666666666666667
2 0.5513020833333333 0.53875 0.0203125 0.04583333333333333
2 0.5115234375 0.5180208333333334 0.009375 0.0175
2 0.2171875 0.545 0.041666666666666664 0.04666666666666667
2 0.51953125 0.525 0.0067708333333333336 0.018333333333333333
2 0.51796875 0.5225 0.009375 0.018333333333333333
2 0.46484375 0.5197916666666667 0.009895833333333333 0.014583333333333334
2 0.4713541666666667 0.5195833333333333 0.007291666666666667 0.014166666666666666
2 0.47942708333333334 0.5183333333333333 0.0046875 0.009166666666666667
2 0.4765625 0.5191666666666667 0.004166666666666667 0.011666666666666667
