2 0.8502604166666666 0.6679166666666667 0.2994791666666667 0.2608333333333333
2 0.6002604166666666 0.5508333333333333 0.06927083333333334 0.07666666666666666
2 0.5401041666666667 0.5308333333333334 0.021875 0.03333333333333333
2 0.41380208333333335 0.5154166666666666 0.0140625 0.010833333333333334
2 0.5309895833333333 0.5229166666666667 0.021354166666666667 0.034166666666666665
2 0.4473958333333333 0.5222619047619048 0.012797619047619039 0.019523809523809537
2 0.455171130952381 0.521904761904762 0.0046875 0.017380952380952407
2 0.34453125 0.5458333333333333 0.0578125 0.058333333333333334
5 0.4161458333333333 0.5308333333333334 0.06979166666666667 0.04833333333333333
2 0.6950520833333333 0.60625 0.1203125 0.1425
2 0.3776041666666667 0.5425 0.020833333333333332 0.04833333333333333
2 0.5653645833333333 0.5445833333333333 0.0328125 0.059166666666666666
2 0.5091145833333334 0.515 0.0109375 0.018333333333333333
2 0.06067708333333333 0.56125 0.12135416666666667 0.09416666666666666
2 0.55625 0.5379166666666667 0.025 0.0475
2 0.005729166666666666 0.5275 0.011458333333333333 0.021666666666666667
2 0.51796875 0.5229166666666667 0.0078125 0.020833333333333332
2 0.5169270833333334 0.5191666666666667 0.0109375 0.02
2 0.4583333333333333 0.5158333333333334 0.009375 0.015
2 0.46640625 0.515 0.0078125 0.015
2 0.4752604166666667 0.5145833333333333 0.0036458333333333334 0.009166666666666667
2 0.47161458333333334 0.5154166666666666 0.0036458333333333334 0.0125
