2 0.25755208333333335 0.5579166666666666 0.11614583333333334 0.12916666666666668
2 0.3515625 0.5208333333333334 0.025 0.03166666666666667
2 0.3932291666666667 0.5104166666666666 0.0125 0.015833333333333335
2 0.49921875 0.5445833333333333 0.0546875 0.06583333333333333
2 0.490625 0.5279166666666667 0.051041666666666666 0.0675
2 0.46640625 0.5229166666666667 0.0265625 0.059166666666666666
2 0.4395833333333333 0.5108333333333334 0.014583333333333334 0.016666666666666666
5 0.39817708333333335 0.5029166666666667 0.0203125 0.010833333333333334
2 0.43515625 0.50625 0.011979166666666667 0.019166666666666665
2 0.02109375 0.5704166666666667 0.0421875 0.060833333333333336
