2 0.40520833333333334 0.5275 0.040625 0.045
2 0.42578125 0.5195833333333333 0.030729166666666665 0.04583333333333333
2 0.44895833333333335 0.5154166666666666 0.022916666666666665 0.030833333333333334
2 0.46145833333333336 0.5133333333333333 0.010416666666666666 0.028333333333333332
2 0.46536458333333336 0.5079166666666667 0.016145833333333335 0.025833333333333333
2 0.59921875 0.53625 0.0765625 0.06583333333333333
0 0.5877604166666667 0.5058333333333334 0.0109375 0.035
2 0.5893229166666667 0.5008333333333334 0.04739583333333333 0.05333333333333334
5 0.78984375 0.4575 0.34739583333333335 0.4766666666666667
0 0.6354166666666666 0.4995833333333333 0.004166666666666667 0.030833333333333334
2 0.5427083333333333 0.49916666666666665 0.010416666666666666 0.016666666666666666
2 0.5455729166666666 0.5054166666666666 0.0067708333333333336 0.024166666666666666
2 0.5533854166666666 0.5045833333333334 0.0140625 0.0325
2 0.5635416666666667 0.5095833333333334 0.017708333333333333 0.04416666666666667
2 0.5026041666666666 0.5008333333333334 0.019791666666666666 0.015
2 0.4903645833333333 0.5020833333333333 0.0109375 0.015833333333333335
2 0.4895833333333333 0.5041666666666667 0.00625 0.015
2 0.48072916666666665 0.505 0.014583333333333334 0.016666666666666666
