2 0.7765625 0.6216666666666667 0.21875 0.19666666666666666
2 0.59375 0.5429166666666667 0.06145833333333333 0.0675
2 0.5395833333333333 0.5245833333333333 0.020833333333333332 0.030833333333333334
2 0.4171875 0.5104166666666666 0.017708333333333333 0.010833333333333334
2 0.5315104166666667 0.5170833333333333 0.0203125 0.034166666666666665
2 0.4505208333333333 0.5179166666666667 0.013541666666666667 0.0175
2 0.45807291666666666 0.5166666666666667 0.0046875 0.016666666666666666
2 0.35651041666666666 0.5404166666666667 0.05260416666666667 0.05416666666666667
5 0.4166666666666667 0.5245833333333333 0.06666666666666667 0.0475
2 0.6635416666666667 0.5833333333333334 0.08854166666666667 0.11833333333333333
2 0.38567708333333334 0.5358333333333334 0.0203125 0.043333333333333335
2 0.5609375 0.5366666666666666 0.029166666666666667 0.056666666666666664
2 0.5100694444444445 0.5108333333333334 0.009375 0.0175
2 0.09401041666666667 0.5520833333333334 0.13072916666666667 0.07583333333333334
2 0.5536458333333333 0.5308333333333334 0.01875 0.043333333333333335
2 0.03125 0.55125 0.0625 0.0775
2 0.5192708333333333 0.5175 0.008333333333333333 0.019444444444444476
2 0.51796875 0.515 0.0109375 0.02
2 0.4608072916666667 0.51125 0.009635416666666667 0.015
2 0.46770833333333334 0.5108333333333334 0.0078125 0.015
2 0.47708333333333336 0.51 0.0036458333333333334 0.009166666666666667
2 0.47369791666666666 0.5104166666666666 0.0036458333333333334 0.0125
