0 0.05625 0.555 0.021875 0.085
2 0.9005208333333333 0.7058333333333333 0.19895833333333332 0.4083333333333333
2 0.7352864583333335 0.6038333333333333 0.2009895833333334 0.22399999999999995
2 0.5851302083333333 0.5461666666666666 0.05973958333333324 0.0796666666666666
2 0.028385416666666666 0.5491666666666667 0.05677083333333333 0.115
2 0.0026041666666666665 0.6875 0.005208333333333333 0.08166666666666667
2 0.26567708333333334 0.5852083333333333 0.1094791666666667 0.09908333333333341
2 0.33208333333333334 0.5682083333333332 0.058749999999999976 0.07541666666666667
2 0.3763020833333333 0.5477083333333332 0.04718749999999995 0.05774999999999996
2 0.5455208333333333 0.53325 0.02041666666666669 0.03183333333333337
2 0.5182291666666666 0.5266666666666666 0.005208333333333333 0.0175
2 0.5278645833333333 0.5259583333333334 0.014583333333333334 0.02258333333333335
2 0.5144270833333333 0.5227499999999999 0.007395833333333357 0.014166666666666666
2 0.5308159722222222 0.5305555555555556 0.010590277777777738 0.02
5 0.4265625 0.5291666666666667 0.05416666666666667 0.025
2 0.5341145833333333 0.5329166666666667 0.0078125 0.0275
2 0.5602430555555554 0.5293055555555556 0.012847222222222262 0.016944444444444477
2 0.4708333333333333 0.5283333333333333 0.009375 0.015
2 0.453125 0.5305 0.014166666666666631 0.023333333333333334
2 0.43265624999999996 0.5356666666666666 0.026979166666666644 0.028000000000000018
2 0.44473958333333335 0.5367500000000001 0.0038541666666666546 0.018500000000000037
2 0.48083333333333333 0.5246666666666667 0.015208333333333357 0.013333333333333334
