0 0.043229166666666666 0.5533333333333333 0.023958333333333335 0.09333333333333334
2 0.9216145833333333 0.725 0.15677083333333333 0.3566666666666667
2 0.7606770833333335 0.6104999999999999 0.2267708333333334 0.24400000000000005
2 0.5915104166666667 0.5457499999999998 0.0615624999999999 0.0821666666666666
2 0.027604166666666666 0.5479166666666667 0.05520833333333333 0.1175
2 0.2607291666666666 0.58625 0.11520833333333323 0.10283333333333342
2 0.3310416666666666 0.5675833333333332 0.06083333333333337 0.0775
2 0.37760416666666663 0.5466666666666666 0.04874999999999995 0.05900000000000006
2 0.5502604166666667 0.5325833333333333 0.020937500000000022 0.0325
2 0.5223958333333333 0.5250833333333335 0.005416666666666714 0.01783333333333341
2 0.53203125 0.525 0.0140625 0.023333333333333334
2 0.5186979166666666 0.5216666666666666 0.0078125 0.014333333333333372
2 0.5352430555555556 0.5293055555555555 0.010416666666666666 0.020277777777777714
5 0.43072916666666666 0.5279166666666667 0.05520833333333333 0.025833333333333333
2 0.5393229166666667 0.5320833333333334 0.008854166666666666 0.0275
2 0.5658854166666667 0.5275 0.011979166666666667 0.016666666666666666
2 0.4744791666666667 0.5266666666666666 0.009375 0.015
2 0.45677083333333335 0.5289166666666667 0.014583333333333334 0.023499999999999945
2 0.4361979166666667 0.5349166666666667 0.027604166666666666 0.027166666666666686
2 0.448125 0.53625 0.00458333333333331 0.01983333333333339
2 0.48505208333333333 0.523 0.01552083333333331 0.013333333333333334
