0 0.71953125 0.6495833333333333 0.08072916666666667 0.30083333333333334
0 0.9830729166666666 0.57375 0.033854166666666664 0.1575
0 0.8841145833333334 0.5525 0.03177083333333333 0.155
0 0.81953125 0.5475 0.04010416666666667 0.15833333333333333
0 0.25390625 0.52625 0.013020833333333334 0.030833333333333334
2 0.22682291666666668 0.59625 0.12447916666666667 0.11083333333333334
2 0.87578125 0.79125 0.2484375 0.4141666666666667
2 0.6837673611111111 0.5590277777777778 0.1453125 0.19805555555555562
2 0.6164641203703703 0.5559722222222222 0.06001157407407405 0.10175925925925924
2 0.5861111111111111 0.5454166666666667 0.05 0.0825
2 0.5538483796296296 0.5313425925925925 0.03165509259259262 0.049351851851851904
2 0.215625 0.5295833333333333 0.06354166666666666 0.0575
2 0.3077256944444445 0.5674074074074075 0.07702546296296298 0.09685185185185191
2 0.37887731481481485 0.549074074074074 0.04768518518518512 0.051111111111111045
2 0.40379050925925936 0.5441203703703703 0.02795138888888893 0.043611111111111045
2 0.41988932291666664 0.5341666666666667 0.026627604166666666 0.038125
2 0.53671875 0.5254166666666666 0.013020833333333334 0.024166666666666666
2 0.5190104166666667 0.52125 0.0046875 0.014166666666666666
2 0.5263020833333333 0.5214351851851852 0.011979166666666667 0.020462962962963047
2 0.515798611111111 0.5182407407407408 0.006481481481481429 0.013333333333333334
2 0.52890625 0.5241666666666667 0.009895833333333333 0.018333333333333333
5 0.4349826388888889 0.5224999999999999 0.019965277777777738 0.019444444444444382
2 0.5283854166666667 0.525 0.0067708333333333336 0.021666666666666667
2 0.4765104166666667 0.5231666666666667 0.0078125 0.01466666666666659
2 0.4640625 0.5246666666666666 0.010208333333333286 0.01966666666666659
2 0.44802083333333337 0.5288333333333333 0.02041666666666663 0.02199999999999998
2 0.48489583333333336 0.5208333333333334 0.013541666666666667 0.011666666666666667
