2 0.6747395833333333 0.5790000000000001 0.14052083333333332 0.1676666666666667
2 0.09817708333333333 0.6483333333333333 0.19635416666666666 0.20666666666666667
2 0.28677083333333336 0.5681666666666667 0.09833333333333331 0.0973333333333333
2 0.5588541666666667 0.5382500000000001 0.030208333333333334 0.042166666666666686
2 0.518359375 0.5275 0.006510416666666667 0.0175
2 0.5288541666666667 0.5269166666666666 0.017500000000000012 0.027166666666666686
2 0.5134375 0.52175 0.008333333333333333 0.015833333333333335
2 0.5344618055555556 0.5306944444444444 0.013020833333333334 0.024166666666666666
5 0.4166666666666667 0.5316666666666666 0.065625 0.035
2 0.54296875 0.53625 0.0140625 0.035833333333333335
2 0.5975694444444444 0.5497222222222223 0.04965277777777786 0.058333333333333334
2 0.5736111111111112 0.5498611111111111 0.019791666666666666 0.05194444444444438
2 0.46244791666666674 0.5279999999999999 0.013437500000000036 0.015999999999999945
2 0.4553645833333333 0.5300833333333334 0.007187500000000036 0.019166666666666665
2 0.44192708333333336 0.5308333333333334 0.016770833333333356 0.028333333333333332
2 0.40880208333333334 0.54 0.03177083333333333 0.034666666666666686
2 0.4257291666666666 0.5374166666666668 0.010624999999999989 0.03050000000000002
2 0.4759375 0.523 0.01875 0.015
