2 0.13645833333333332 0.57125 0.16354166666666667 0.16416666666666666
2 0.28072916666666664 0.52125 0.027083333333333334 0.0325
2 0.32708333333333334 0.5108333333333334 0.0125 0.016666666666666666
2 0.43333333333333335 0.5475 0.057291666666666664 0.06833333333333333
2 0.42552083333333335 0.5283333333333333 0.053125 0.07
2 0.4 0.52375 0.027083333333333334 0.0625
2 0.3765625 0.51125 0.014583333333333334 0.0175
5 0.3385416666666667 0.5020833333333333 0.022916666666666665 0.010833333333333334
2 0.22734375 0.53375 0.027604166666666666 0.030833333333333334
2 0.37161458333333336 0.50625 0.011979166666666667 0.019166666666666665
