2 0.8854166666666666 0.7408333333333333 0.22916666666666666 0.5183333333333333
2 0.617578125 0.5546666666666666 0.07953125000000003 0.1026666666666667
2 0.157734375 0.615875 0.19359374999999998 0.15375
2 0.28098958333333335 0.583625 0.09052083333333337 0.10241666666666664
2 0.3553385416666667 0.5523750000000001 0.06296874999999999 0.06958333333333333
2 0.5582812500000001 0.5340833333333334 0.024479166666666666 0.03483333333333329
2 0.5268229166666667 0.5258333333333334 0.0078125 0.018333333333333333
2 0.5355989583333334 0.5255 0.015572916666666714 0.024166666666666666
2 0.5214583333333332 0.521 0.00791666666666669 0.015
2 0.5381944444444444 0.53 0.009027777777777857 0.021666666666666667
5 0.42916666666666664 0.5273611111111112 0.057291666666666664 0.0275
2 0.5447916666666667 0.5329166666666667 0.009375 0.030833333333333334
2 0.5809895833333333 0.5320833333333334 0.021354166666666667 0.024166666666666666
2 0.5657118055555556 0.5415277777777778 0.01232638888888881 0.03638888888888895
2 0.47421875 0.5266666666666666 0.011770833333333286 0.015333333333333409
2 0.46807291666666667 0.5286666666666667 0.005937500000000048 0.017000000000000074
2 0.4559895833333333 0.5292499999999999 0.01552083333333331 0.025833333333333333
2 0.4301562500000001 0.5363333333333333 0.02781250000000005 0.03066666666666663
2 0.4452083333333334 0.53525 0.005624999999999976 0.024833333333333294
2 0.48588541666666674 0.52325 0.016354166666666715 0.013166666666666629
