3 0.19244791666666666 0.59 0.10572916666666667 0.11
0 0.40286458333333336 0.55875 0.028645833333333332 0.09083333333333334
0 0.41484375 0.55375 0.0203125 0.09416666666666666
0 0.6557291666666667 0.5770833333333333 0.03854166666666667 0.16416666666666666
2 0.8385416666666666 0.6345833333333334 0.31354166666666666 0.2891666666666667
2 0.26119791666666664 0.5808333333333333 0.1234375 0.10333333333333333
2 0.33046875 0.5479166666666667 0.07864583333333333 0.09583333333333334
5 0.47552083333333334 0.51375 0.029166666666666667 0.024166666666666666
2 0.5677083333333334 0.5379166666666667 0.020833333333333332 0.049166666666666664
2 0.67890625 0.5891666666666666 0.0921875 0.12333333333333334
2 0.37526041666666665 0.5429166666666667 0.0234375 0.0675
2 0.46171875 0.5145833333333333 0.0046875 0.0125
2 0.5442708333333334 0.52625 0.011458333333333333 0.030833333333333334
2 0.5591145833333333 0.5270833333333333 0.025520833333333333 0.03916666666666667
2 0.5934895833333333 0.5354166666666667 0.050520833333333334 0.07583333333333334
2 0.6151041666666667 0.5579166666666666 0.05625 0.07583333333333334
2 0.39505208333333336 0.5391666666666667 0.028645833333333332 0.04833333333333333
2 0.43020833333333336 0.5279166666666667 0.009375 0.029166666666666667
2 0.42291666666666666 0.52875 0.007291666666666667 0.035833333333333335
3 0.6263020833333334 0.57875 0.027604166666666666 0.05416666666666667
2 0.559375 0.5329166666666667 0.015625 0.04083333333333333
0 0.25234375 0.5158333333333334 0.018229166666666668 0.03333333333333333
2 0.49518229166666666 0.5095833333333334 0.01015625 0.00875
2 0.5104166666666666 0.5091666666666667 0.011458333333333333 0.01
4 0.5270312500000001 0.5084166666666666 0.015520833333333428 0.025833333333333333
7 0.5393229166666667 0.48541666666666666 0.008854166666666666 0.015833333333333335
0 0.9502604166666667 0.5325 0.011979166666666667 0.03333333333333333
