2 0.47265625 0.5595833333333333 0.0515625 0.0425
2 0.5674479166666667 0.5466666666666666 0.0234375 0.03
2 0.5026041666666666 0.5529166666666666 0.029166666666666667 0.0325
2 0.6419270833333334 0.5625 0.044270833333333336 0.05333333333333334
2 0.6393229166666666 0.5354166666666667 0.027604166666666666 0.0175
2 0.5239583333333333 0.5508333333333333 0.01875 0.028333333333333332
2 0.5356770833333333 0.5454166666666667 0.016145833333333335 0.029166666666666667
2 0.5473958333333333 0.5470833333333334 0.007291666666666667 0.020833333333333332
2 0.5533854166666666 0.5483333333333333 0.0036458333333333334 0.015
2 0.5552083333333333 0.5375 0.009375 0.008333333333333333
