0 0.5770833333333333 0.5495833333333333 0.021875 0.09416666666666666
3 0.30520833333333336 0.5641666666666667 0.06770833333333333 0.06166666666666667
2 0.33932291666666664 0.5554166666666667 0.07239583333333334 0.06416666666666666
2 0.6567708333333333 0.57 0.11666666666666667 0.13
5 0.4856770833333333 0.5183333333333333 0.0171875 0.021666666666666667
2 0.4669270833333333 0.5216666666666666 0.013020833333333334 0.016666666666666666
0 0.9971354166666667 0.5725 0.005729166666666666 0.12
0 0.8901041666666667 0.5391666666666667 0.03229166666666667 0.10833333333333334
0 0.3171875 0.5175 0.013541666666666667 0.03
0 0.378125 0.5429166666666667 0.0125 0.06583333333333333
0 0.37083333333333335 0.5283333333333333 0.009375 0.025
0 0.6114583333333333 0.5191666666666667 0.007291666666666667 0.015
0 0.8114583333333333 0.5391666666666667 0.012239583333333333 0.03625
2 0.6011067708333333 0.5615625 0.029296875 0.07145833333333333
2 0.583110119047619 0.5482142857142857 0.03794642857142871 0.05261904761904759
2 0.5740327380952379 0.5352976190476191 0.036458333333333336 0.05892857142857148
2 0.5524925595238094 0.5383928571428572 0.01138392857142847 0.035833333333333335
2 0.5449776785714284 0.5356547619047618 0.005282738095238078 0.03107142857142861
2 0.5495659722222223 0.5306944444444444 0.021354166666666667 0.03472222222222219
2 0.5375 0.5297619047619047 0.010416666666666666 0.026428571428571388
2 0.5059895833333333 0.51625 0.0067708333333333336 0.009166666666666667
2 0.47552083333333334 0.52 0.005208333333333333 0.011666666666666667
2 0.43671875 0.5308333333333334 0.011979166666666667 0.025
2 0.4317708333333333 0.5333333333333333 0.00625 0.023333333333333334
2 0.4265625 0.5345000000000001 0.005000000000000012 0.03133333333333335
2 0.41510416666666666 0.53625 0.019791666666666666 0.03916666666666667
2 0.4036458333333333 0.5383333333333333 0.010416666666666666 0.04833333333333333
2 0.3743303571428571 0.5405357142857143 0.05238095238095243 0.06821428571428574
