0 0.6138020833333333 0.6004166666666667 0.049479166666666664 0.19083333333333333
0 0.6263020833333334 0.5945833333333334 0.034895833333333334 0.1825
2 0.08619791666666667 0.6583333333333333 0.17239583333333333 0.215
2 0.21119791666666668 0.5741666666666667 0.17135416666666667 0.15666666666666668
5 0.36875 0.51 0.04791666666666667 0.016666666666666666
2 0.5838541666666667 0.5479166666666667 0.030208333333333334 0.0625
2 0.884375 0.7425 0.23125 0.37166666666666665
2 0.31302083333333336 0.5591666666666667 0.04895833333333333 0.095
2 0.45651041666666664 0.5158333333333334 0.0140625 0.016666666666666666
2 0.546875 0.52875 0.014583333333333334 0.035833333333333335
2 0.5661458333333333 0.5308333333333334 0.035416666666666666 0.05
2 0.6276041666666666 0.5420833333333334 0.07708333333333334 0.10083333333333333
2 0.6984375 0.59 0.13125 0.12833333333333333
2 0.35234375 0.5491666666666667 0.0515625 0.06333333333333334
2 0.4046875 0.53 0.022916666666666665 0.03833333333333333
2 0.37734375 0.5404166666666667 0.028645833333333332 0.050833333333333335
2 0.3919270833333333 0.535 0.024479166666666666 0.043333333333333335
3 0.7552083333333334 0.6070833333333333 0.12083333333333333 0.1575
2 0.5705729166666667 0.5391666666666667 0.025520833333333333 0.05333333333333334
0 0.036458333333333336 0.5258333333333334 0.021875 0.056666666666666664
2 0.48630208333333336 0.50875 0.01572916666666663 0.01050000000000002
2 0.5065104166666666 0.5091666666666667 0.0078125 0.008333333333333333
4 0.52421875 0.50875 0.0171875 0.0275
0 0.8544270833333333 0.535 0.019270833333333334 0.1
0 0.47109375 0.5429166666666667 0.021354166666666667 0.07583333333333334
0 0.47109375 0.5458333333333333 0.022395833333333334 0.07333333333333333
0 0.69140625 0.51375 0.013020833333333334 0.024166666666666666
0 0.8752604166666667 0.53625 0.019270833333333334 0.08416666666666667
7 0.5383759469696969 0.48136363636363644 0.008854166666666666 0.015
