5 0.8309895833333333 0.66875 0.3380208333333333 0.4125
5 0.6411458333333333 0.5654166666666667 0.12083333333333333 0.17416666666666666
2 0.5791666666666667 0.565 0.041666666666666664 0.085
2 0.56171875 0.5433333333333333 0.0484375 0.06833333333333333
2 0.5377604166666666 0.53625 0.019270833333333334 0.0525
2 0.14453125 0.6016666666666667 0.1828125 0.125
2 0.25703125 0.5683333333333334 0.09114583333333333 0.08833333333333333
2 0.3033854166666667 0.5545833333333333 0.0515625 0.06916666666666667
2 0.33645833333333336 0.5454166666666667 0.040625 0.0575
2 0.36822916666666666 0.5333333333333333 0.03854166666666667 0.051666666666666666
2 0.4231770833333333 0.5266666666666666 0.03177083333333333 0.04
2 0.3924479166666667 0.5304166666666666 0.015104166666666667 0.035833333333333335
2 0.40208333333333335 0.5279166666666667 0.014583333333333334 0.0275
0 0.50234375 0.5145833333333333 0.005729166666666666 0.024166666666666666
0 0.46380208333333334 0.5125 0.0036458333333333334 0.013333333333333334
2 0.44523437499999996 0.5142916666666667 0.006927083333333369 0.015250000000000057
2 0.4375 0.5141666666666667 0.0125 0.021666666666666667
2 0.43671875 0.5166666666666667 0.005937499999999988 0.016666666666666666
2 0.4744791666666667 0.5083333333333333 0.007291666666666667 0.01
2 0.5082961309523809 0.516547619047619 0.011383928571428588 0.02119047619047611
2 0.5125 0.525 0.004166666666666667 0.023333333333333334
2 0.5270833333333333 0.5179166666666667 0.030208333333333334 0.0475
2 0.5276041666666667 0.5325 0.015625 0.04
2 0.48322916666666665 0.5103333333333333 0.007291666666666667 0.008999999999999963
