0 0.7786458333333334 0.6533333333333333 0.07708333333333334 0.2683333333333333
0 0.7783854166666667 0.6383333333333333 0.07760416666666667 0.25833333333333336
2 0.03619791666666667 0.6808333333333333 0.07239583333333334 0.17333333333333334
2 0.14427083333333332 0.5970833333333333 0.228125 0.19416666666666665
5 0.3260416666666667 0.5191666666666667 0.026041666666666668 0.013333333333333334
2 0.59140625 0.5558333333333333 0.04010416666666667 0.07
2 0.9442708333333333 0.7975 0.11145833333333334 0.23
2 0.28098958333333335 0.5725 0.06614583333333333 0.10833333333333334
2 0.45234375 0.52125 0.015104166666666667 0.0175
2 0.546875 0.535 0.016666666666666666 0.03833333333333333
2 0.5661458333333333 0.5375 0.035416666666666666 0.051666666666666666
2 0.6434895833333333 0.5575 0.09322916666666667 0.12833333333333333
2 0.7359375 0.615 0.18125 0.16
2 0.33307291666666666 0.55875 0.059895833333333336 0.06916666666666667
2 0.3953125 0.5366666666666666 0.025 0.04
2 0.36354166666666665 0.5495833333333333 0.03229166666666667 0.05416666666666667
2 0.38046875 0.5425 0.027604166666666666 0.04666666666666667
3 0.83203125 0.6433333333333333 0.16614583333333333 0.20333333333333334
2 0.5734375 0.5475 0.028125 0.056666666666666664
2 0.48265625 0.5150833333333332 0.015104166666666667 0.010833333333333334
2 0.5033854166666667 0.5145833333333333 0.008854166666666666 0.009166666666666667
4 0.52109375 0.5145833333333333 0.0171875 0.029166666666666667
0 0.90625 0.545 0.026041666666666668 0.12166666666666667
0 0.4315104166666667 0.5533333333333333 0.0203125 0.085
0 0.4244791666666667 0.5566666666666666 0.028125 0.08166666666666667
2 0.4707291666666667 0.5179166666666667 0.008333333333333333 0.0125
0 0.7026041666666667 0.5204166666666666 0.01875 0.025833333333333333
2 0.4635416666666667 0.5204166666666666 0.008333333333333333 0.015833333333333335
0 0.9481770833333333 0.5495833333333333 0.022395833333333334 0.11416666666666667
7 0.5372395833333333 0.48555555555555563 0.008854166666666666 0.016111111111111142
