3 0.12526041666666668 0.6029166666666667 0.1296875 0.13416666666666666
0 0.42604166666666665 0.55625 0.022916666666666665 0.1075
0 0.4466145833333333 0.5529166666666666 0.033854166666666664 0.1075
0 0.7263020833333333 0.5925 0.044270833333333336 0.215
2 0.8700520833333333 0.6991666666666667 0.2598958333333333 0.4483333333333333
2 0.2203125 0.5833333333333334 0.15104166666666666 0.115
2 0.30859375 0.5470833333333334 0.09427083333333333 0.1075
5 0.46536458333333336 0.5075 0.03802083333333333 0.02666666666666667
2 0.5791666666666667 0.52375 0.009375 0.034166666666666665
2 0.7315104166666667 0.60125 0.14947916666666666 0.1525
2 0.36302083333333335 0.5408333333333334 0.028125 0.07166666666666667
2 0.5463541666666667 0.5191666666666667 0.0125 0.03166666666666667
2 0.5552083333333333 0.5208333333333334 0.015625 0.041666666666666664
2 0.6028645833333334 0.53125 0.05677083333333333 0.0825
2 0.6403645833333333 0.5570833333333334 0.08802083333333334 0.0875
2 0.38645833333333335 0.53375 0.036458333333333336 0.050833333333333335
2 0.40338541666666666 0.5283333333333333 0.018229166666666668 0.041666666666666664
2 0.41432291666666665 0.525 0.016145833333333335 0.03833333333333333
3 0.66953125 0.5658333333333333 0.08072916666666667 0.09666666666666666
2 0.55859375 0.52875 0.0078125 0.034166666666666665
0 0.21770833333333334 0.51 0.019791666666666666 0.035
2 0.49333333333333335 0.5028333333333334 0.014583333333333334 0.011000000000000038
2 0.5104166666666666 0.5025 0.011458333333333333 0.008333333333333333
4 0.5278125 0.5030833333333333 0.016041666666666763 0.025833333333333333
0 0.7830729166666667 0.50875 0.018229166666666668 0.0425
0 0.5627604166666667 0.5316666666666666 0.015104166666666667 0.06166666666666667
0 0.5697916666666667 0.5325 0.015625 0.06
7 0.5408854166666667 0.47850000000000004 0.008854166666666666 0.013666666666666742
