0 0.74453125 0.6479166666666667 0.0484375 0.24416666666666667
0 0.7528645833333333 0.6304166666666666 0.0640625 0.25083333333333335
2 0.04479166666666667 0.66875 0.08958333333333333 0.17583333333333334
2 0.15807291666666667 0.5945833333333334 0.21197916666666666 0.1875
5 0.32760416666666664 0.5183333333333333 0.027083333333333334 0.015
2 0.5908854166666667 0.5558333333333333 0.04010416666666667 0.07
2 0.9322916666666666 0.7891666666666667 0.13541666666666666 0.255
2 0.28619791666666666 0.5720833333333334 0.0640625 0.1075
2 0.45286458333333335 0.52125 0.015104166666666667 0.0175
2 0.5466145833333333 0.5354166666666667 0.015104166666666667 0.0375
2 0.5666666666666667 0.5383333333333333 0.035416666666666666 0.051666666666666666
2 0.6408854166666667 0.5566666666666666 0.09114583333333333 0.12666666666666668
2 0.72890625 0.6125 0.17447916666666666 0.15666666666666668
2 0.33671875 0.5595833333333333 0.058854166666666666 0.06916666666666667
2 0.396875 0.5366666666666666 0.025 0.04
2 0.36640625 0.5495833333333333 0.030729166666666665 0.05416666666666667
2 0.38255208333333335 0.5425 0.0265625 0.045
3 0.825 0.6391666666666667 0.13854166666666667 0.19666666666666666
2 0.5729166666666666 0.5475 0.027083333333333334 0.056666666666666664
2 0.4833854166666666 0.5155833333333334 0.015312499999999988 0.01050000000000002
2 0.5036458333333333 0.515 0.008333333333333333 0.01
4 0.5223958333333333 0.5141666666666667 0.017708333333333333 0.028333333333333332
0 0.8973958333333333 0.5429166666666667 0.028125 0.1125
0 0.4354166666666667 0.5533333333333333 0.027083333333333334 0.08166666666666667
0 0.43125 0.5558333333333333 0.020833333333333332 0.08333333333333333
2 0.47156250000000005 0.5180833333333333 0.008333333333333333 0.0125
0 0.7002604166666667 0.5208333333333334 0.019270833333333334 0.028333333333333332
2 0.46458333333333335 0.5204166666666666 0.00625 0.015833333333333335
0 0.9372395833333333 0.54875 0.021354166666666667 0.11083333333333334
7 0.5374479166666667 0.48550000000000004 0.008854166666666666 0.015666666666666627
