5 0.6671875 0.6091666666666666 0.2625 0.25333333333333335
5 0.525 0.5595833333333333 0.08333333333333333 0.13916666666666666
2 0.4825520833333333 0.5616666666666666 0.03177083333333333 0.07333333333333333
2 0.47161458333333334 0.5441666666666667 0.043229166666666666 0.06166666666666667
2 0.4505208333333333 0.53875 0.015625 0.0475
2 0.10885416666666667 0.59 0.14791666666666667 0.10166666666666667
2 0.1984375 0.56625 0.07395833333333333 0.0775
2 0.23307291666666666 0.5545833333333333 0.04635416666666667 0.0625
2 0.2630208333333333 0.5483333333333333 0.035416666666666666 0.05333333333333334
2 0.29010416666666666 0.5370833333333334 0.036458333333333336 0.049166666666666664
2 0.34140625 0.5308333333333334 0.03177083333333333 0.03833333333333333
2 0.31223958333333335 0.5354166666666667 0.013020833333333334 0.030833333333333334
2 0.3203125 0.5304166666666666 0.015625 0.029166666666666667
0 0.41692708333333334 0.52125 0.005729166666666666 0.0225
0 0.3825086805555556 0.5156944444444443 0.004774305555555536 0.016111111111111142
2 0.36015625 0.518888888888889 0.006539351851851905 0.014629629629629715
2 0.3541666666666667 0.5191666666666667 0.011458333333333333 0.021666666666666667
2 0.355078125 0.5202083333333334 0.0046875 0.012916666666666667
2 0.3892857142857143 0.5135714285714286 0.0071428571428571765 0.01
2 0.4234375 0.52125 0.009375 0.019166666666666665
2 0.428125 0.52875 0.003125 0.0175
2 0.44114583333333335 0.5229166666666667 0.029166666666666667 0.04583333333333333
2 0.44140625 0.5354166666666667 0.015104166666666667 0.035833333333333335
2 0.39869791666666665 0.5154166666666666 0.0067708333333333336 0.009166666666666667
