0 0.559375 0.5258333333333334 0.014583333333333334 0.06333333333333334
3 0.35989583333333336 0.54125 0.04895833333333333 0.04583333333333333
2 0.8559895833333333 0.6504166666666666 0.28802083333333334 0.3025
2 0.38229166666666664 0.535 0.04895833333333333 0.04666666666666667
2 0.6078125 0.5341666666666667 0.071875 0.085
5 0.49322916666666666 0.50625 0.014583333333333334 0.019166666666666665
2 0.47369791666666666 0.5091666666666667 0.013020833333333334 0.015
0 0.12447916666666667 0.5445833333333333 0.017708333333333333 0.0925
0 0.09088541666666666 0.545 0.022395833333333334 0.09166666666666666
0 0.7765625 0.5004166666666666 0.021875 0.050833333333333335
0 0.3751302083333333 0.5077083333333333 0.00546875 0.009583333333333333
0 0.369140625 0.5120833333333333 0.005989583333333334 0.014166666666666666
2 0.5767113095238094 0.5323809523809524 0.012202380952380902 0.04952380952380954
2 0.5722842261904761 0.5260119047619048 0.018526785714285766 0.04321428571428574
2 0.5643229166666667 0.5166666666666667 0.0265625 0.04583333333333333
2 0.5489211309523809 0.5210714285714286 0.00825892857142847 0.02738095238095241
2 0.5432291666666667 0.5222222222222223 0.003125 0.016111111111111142
2 0.5470982142857143 0.5146428571428572 0.01607142857142847 0.02738095238095241
2 0.5374131944444446 0.5145833333333333 0.008506944444444406 0.023611111111111048
2 0.5098586309523809 0.5045833333333334 0.0067708333333333336 0.009166666666666667
2 0.4816964285714286 0.5088095238095237 0.005208333333333333 0.011666666666666667
2 0.45 0.5173333333333333 0.005000000000000012 0.019666666666666686
2 0.44602864583333335 0.5233333333333333 0.0032552083333333335 0.012083333333333333
2 0.44166666666666665 0.5254166666666666 0.003125 0.0125
2 0.4328125 0.5220833333333333 0.016666666666666666 0.030833333333333334
2 0.4259982638888889 0.5263194444444445 0.006163194444444405 0.033472222222222285
2 0.40260416666666665 0.5243333333333333 0.0433333333333333 0.05699999999999998
