3 0.09661458333333334 0.6125 0.14010416666666667 0.14666666666666667
0 0.440625 0.5608333333333333 0.03958333333333333 0.11166666666666666
0 0.45234375 0.5566666666666666 0.0234375 0.115
0 0.7653645833333333 0.6020833333333333 0.03802083333333333 0.2375
2 0.8830729166666667 0.735 0.23385416666666667 0.53
2 0.21119791666666668 0.5916666666666667 0.14739583333333334 0.12333333333333334
2 0.2981770833333333 0.54875 0.10364583333333334 0.1125
5 0.4627604166666667 0.5070833333333333 0.034895833333333334 0.025833333333333333
2 0.5778645833333333 0.5345833333333333 0.019270833333333334 0.0525
2 0.7526041666666666 0.61125 0.17291666666666666 0.1675
2 0.3575520833333333 0.5433333333333333 0.03177083333333333 0.075
2 0.5463541666666667 0.52 0.0125 0.03166666666666667
2 0.56171875 0.5220833333333333 0.028645833333333332 0.0425
2 0.60625 0.5320833333333334 0.059375 0.08583333333333333
2 0.6458333333333334 0.5595833333333333 0.09270833333333334 0.09083333333333334
2 0.38307291666666665 0.53625 0.0359375 0.0525
2 0.4239583333333333 0.5229166666666667 0.0125 0.0325
2 0.39947916666666666 0.5295833333333333 0.021875 0.04416666666666667
2 0.41119791666666666 0.5254166666666666 0.0171875 0.03916666666666667
3 0.6744791666666666 0.5695833333333333 0.078125 0.09916666666666667
2 0.5700520833333333 0.51625 0.0078125 0.015833333333333335
0 0.20546875 0.5120833333333333 0.018229166666666668 0.04083333333333333
2 0.4923958333333333 0.5030833333333333 0.014999999999999977 0.010166666666666704
2 0.51015625 0.5029166666666667 0.011979166666666667 0.009166666666666667
4 0.5271874999999999 0.5030833333333333 0.01604166666666664 0.025833333333333333
0 0.7911458333333333 0.5079166666666667 0.017708333333333333 0.04416666666666667
0 0.5578125 0.5320833333333334 0.0125 0.06416666666666666
0 0.5630208333333333 0.5325 0.011458333333333333 0.065
2 0.48124999999999996 0.5066666666666667 0.006666666666666643 0.011666666666666667
2 0.38828125 0.5016666666666667 0.008854166666666666 0.01
7 0.540625 0.4766666666666667 0.008854166666666666 0.014166666666666572
