3 0.00703125 0.7208333333333333 0.0140625 0.08666666666666667
0 0.5171875 0.5829166666666666 0.03125 0.14416666666666667
0 0.5317708333333333 0.5741666666666667 0.028125 0.14666666666666667
2 0.11223958333333334 0.6304166666666666 0.22447916666666667 0.1825
2 0.2518229166666667 0.5616666666666666 0.13385416666666666 0.13666666666666666
5 0.42239583333333336 0.5091666666666667 0.04375 0.028333333333333332
2 0.5791666666666667 0.54 0.027083333333333334 0.06
2 0.859375 0.6679166666666667 0.28125 0.2575
2 0.33177083333333335 0.5516666666666666 0.040625 0.08666666666666667
2 0.4588541666666667 0.5108333333333334 0.014583333333333334 0.016666666666666666
2 0.5471354166666667 0.5229166666666667 0.0140625 0.034166666666666665
2 0.5640625 0.5254166666666666 0.03229166666666667 0.04583333333333333
2 0.6182291666666667 0.53875 0.06979166666666667 0.1025
2 0.6729166666666667 0.57375 0.11875 0.11083333333333334
2 0.36484375 0.5416666666666666 0.0453125 0.058333333333333334
2 0.40989583333333335 0.5241666666666667 0.022916666666666665 0.03666666666666667
2 0.38723958333333336 0.535 0.0234375 0.04833333333333333
2 0.3997395833333333 0.5295833333333333 0.021354166666666667 0.04083333333333333
3 0.7161458333333334 0.5879166666666666 0.09791666666666667 0.12916666666666668
2 0.5674479166666667 0.5325 0.022395833333333334 0.04833333333333333
0 0.12864583333333332 0.5166666666666667 0.0125 0.05
0 0.996875 0.5329166666666667 0.00625 0.08583333333333333
2 0.48864583333333333 0.5040833333333334 0.017500000000000012 0.01016666666666661
4 0.5252604166666667 0.4970833333333333 0.016145833333333335 0.0175
0 0.8325520833333333 0.51125 0.0203125 0.0575
0 0.5072916666666667 0.535 0.007291666666666667 0.07166666666666667
2 0.4765625 0.5083333333333333 0.009375 0.011666666666666667
2 0.46901041666666665 0.5095833333333334 0.0067708333333333336 0.014166666666666666
0 0.8416666666666667 0.5270833333333333 0.007291666666666667 0.0275
7 0.5393229166666667 0.4766666666666667 0.008854166666666666 0.015
