3 0.215625 0.5841666666666666 0.096875 0.10166666666666667
0 0.38958333333333334 0.5558333333333333 0.026041666666666668 0.08666666666666667
0 0.41015625 0.5516666666666666 0.030729166666666665 0.09
0 0.63515625 0.57 0.0359375 0.14666666666666667
2 0.7864583333333334 0.615 0.253125 0.24
2 0.27760416666666665 0.5758333333333333 0.11041666666666666 0.095
2 0.33671875 0.54625 0.07447916666666667 0.08916666666666667
5 0.478125 0.5141666666666667 0.026041666666666668 0.025
2 0.5640625 0.5395833333333333 0.017708333333333333 0.04416666666666667
2 0.6588541666666666 0.585 0.071875 0.11333333333333333
2 0.3802083333333333 0.5420833333333334 0.021875 0.06416666666666666
2 0.46328125 0.5158333333333334 0.0078125 0.015
2 0.5424479166666667 0.5266666666666666 0.0109375 0.028333333333333332
2 0.55703125 0.5279166666666667 0.025520833333333333 0.0375
2 0.5888020833333333 0.5354166666666667 0.04739583333333333 0.0725
2 0.6140625 0.55625 0.06458333333333334 0.07083333333333333
2 0.39453125 0.5275 0.021354166666666667 0.023333333333333334
2 0.43072916666666666 0.5279166666666667 0.009375 0.030833333333333334
2 0.4158854166666667 0.53125 0.0109375 0.04416666666666667
2 0.4239583333333333 0.5295833333333333 0.007291666666666667 0.035833333333333335
3 0.6138020833333333 0.58125 0.0171875 0.0375
2 0.5572916666666666 0.53375 0.016666666666666666 0.03916666666666667
0 0.2643229166666667 0.5158333333333334 0.0140625 0.03333333333333333
2 0.49432291666666667 0.5105000000000001 0.008229166666666643 0.007666666666666704
2 0.5092708333333333 0.5094166666666667 0.011458333333333333 0.010166666666666704
4 0.5258333333333334 0.5109166666666666 0.01604166666666664 0.023833333333333352
7 0.5380208333333333 0.4866666666666667 0.008333333333333333 0.013333333333333334
0 0.9135416666666667 0.55 0.030208333333333334 0.07166666666666667
