0 0.55390625 0.5245833333333333 0.011979166666666667 0.05416666666666667
3 0.37994791666666666 0.5383333333333333 0.04114583333333333 0.03833333333333333
5 0.8666666666666667 0.625 0.26666666666666666 0.6733333333333333
2 0.7096354166666666 0.58875 0.13697916666666668 0.17083333333333334
2 0.39791666666666664 0.5325 0.041666666666666664 0.041666666666666664
2 0.5924479166666666 0.53125 0.058854166666666666 0.06916666666666667
5 0.4947916666666667 0.5079166666666667 0.014583333333333334 0.019166666666666665
2 0.47578125 0.5104166666666666 0.011979166666666667 0.014166666666666666
0 0.20078125 0.53625 0.016145833333333335 0.0725
0 0.18255208333333334 0.5358333333333334 0.0171875 0.07166666666666667
1 0.12395833333333334 0.5870833333333333 0.078125 0.0725
1 0.07135416666666666 0.5958333333333333 0.09270833333333334 0.085
0 0.7239583333333334 0.495 0.014583333333333334 0.016666666666666666
0 0.74453125 0.49333333333333335 0.0140625 0.023333333333333334
0 0.37641369047619044 0.5148809523809523 0.005952380952380902 0.022380952380952408
0 0.37140624999999994 0.5199166666666667 0.0067708333333333336 0.028166666666666628
2 0.5633680555555556 0.5369444444444444 0.00486111111111119 0.023888888888888953
2 0.5642361111111112 0.5254166666666666 0.016319444444444404 0.03805555555555552
2 0.5601934523809523 0.5172023809523809 0.025 0.038928571428571486
2 0.5453125 0.5229166666666667 0.004166666666666667 0.024166666666666666
2 0.5411458333333333 0.5229166666666667 0.003125 0.015
2 0.5440538194444444 0.5153472222222222 0.012413194444444524 0.024027777777777714
2 0.5364955357142857 0.5163690476190476 0.006622023809523784 0.020595238095238055
2 0.5106770833333333 0.5065277777777777 0.0067708333333333336 0.009166666666666667
2 0.48333333333333334 0.5104166666666666 0.004166666666666667 0.009166666666666667
2 0.45499999999999996 0.5198333333333333 0.005208333333333333 0.015333333333333409
2 0.44734375000000004 0.5254166666666666 0.0026041666666666665 0.0125
2 0.43895089285714284 0.521547619047619 0.012574404761904745 0.028571428571428612
2 0.43450520833333334 0.53 0.00390625 0.02
2 0.41583333333333333 0.5232500000000001 0.035416666666666666 0.04783333333333331
