2 0.11145833333333334 0.61875 0.22291666666666668 0.23416666666666666
2 0.7864583333333334 0.6370833333333333 0.24583333333333332 0.20083333333333334
2 0.6596354166666667 0.5733333333333334 0.10885416666666667 0.11666666666666667
2 0.30494791666666665 0.5616666666666666 0.09114583333333333 0.07666666666666666
2 0.253125 0.5791666666666667 0.08020833333333334 0.12
0 0.9580729166666667 0.6891666666666667 0.08385416666666666 0.40166666666666667
0 0.39338541666666665 0.5615 0.027187499999999965 0.08800000000000002
3 0.90859375 0.6916666666666667 0.1828125 0.24666666666666667
7 0.5361979166666667 0.4841666666666667 0.0109375 0.018333333333333333
2 0.44947916666666665 0.52 0.016666666666666666 0.018333333333333333
2 0.35 0.5516666666666666 0.040625 0.06
2 0.37265625 0.5408333333333334 0.0296875 0.041666666666666664
2 0.3853645833333334 0.5391666666666667 0.002812500000000047 0.04
2 0.4809461805555556 0.5130555555555555 0.015104166666666667 0.014027777777777715
2 0.5463541666666667 0.535 0.01875 0.03666666666666667
2 0.5705729166666667 0.5375 0.044270833333333336 0.051666666666666666
2 0.575 0.5483333333333333 0.029166666666666667 0.06166666666666667
2 0.5958333333333333 0.5591666666666667 0.04375 0.07666666666666666
2 0.46354166666666674 0.5170833333333335 0.015104166666666667 0.018333333333333333
0 0.40078125 0.5583333333333333 0.016145833333333335 0.09333333333333334
