3 0.2203125 0.5845833333333333 0.09479166666666666 0.10083333333333333
0 0.3888020833333333 0.5575 0.030729166666666665 0.08333333333333333
0 0.40625 0.5545833333333333 0.025 0.0875
0 0.6322916666666667 0.5725 0.035416666666666666 0.145
2 0.7791666666666667 0.6154166666666666 0.24375 0.23416666666666666
2 0.2799479166666667 0.5775 0.1078125 0.09333333333333334
2 0.33880208333333334 0.5479166666666667 0.07239583333333334 0.08916666666666667
5 0.4783854166666667 0.5170833333333333 0.024479166666666666 0.024166666666666666
2 0.5645833333333333 0.54125 0.01875 0.04416666666666667
2 0.6557291666666667 0.5858333333333333 0.06979166666666667 0.11166666666666666
2 0.37890625 0.5441666666666667 0.0171875 0.06333333333333334
2 0.4635416666666667 0.5191666666666667 0.009375 0.015
2 0.5424479166666667 0.5291666666666667 0.0109375 0.028333333333333332
2 0.5557291666666667 0.5308333333333334 0.025 0.03833333333333333
2 0.5885416666666666 0.53875 0.046875 0.0725
2 0.6138020833333333 0.5591666666666667 0.06510416666666667 0.07166666666666667
2 0.4036458333333333 0.5379166666666667 0.019791666666666666 0.03916666666666667
2 0.43072916666666666 0.5304166666666666 0.009375 0.029166666666666667
2 0.4158854166666667 0.53375 0.009895833333333333 0.04416666666666667
2 0.4239583333333333 0.5316666666666666 0.007291666666666667 0.035
3 0.6122395833333333 0.58375 0.018229166666666668 0.035833333333333335
2 0.5572916666666666 0.5358333333333334 0.016666666666666666 0.04
0 0.2669270833333333 0.5183333333333333 0.013020833333333334 0.03333333333333333
2 0.4949652777777778 0.5127777777777778 0.007986111111111072 0.007777777777777714
2 0.5090625000000001 0.5115833333333332 0.011458333333333333 0.010499999999999924
4 0.5257291666666667 0.5123333333333333 0.016041666666666763 0.023666666666666742
7 0.5377604166666666 0.4891666666666667 0.008333333333333333 0.014166666666666666
0 0.9122395833333333 0.55375 0.0296875 0.0725
