5 0.8455729166666667 0.6283333333333333 0.30885416666666665 0.41
2 0.6799479166666667 0.5945833333333334 0.10677083333333333 0.1375
2 0.6192708333333333 0.5520833333333334 0.071875 0.09916666666666667
2 0.5828125 0.5383333333333333 0.029166666666666667 0.06833333333333333
2 0.0328125 0.6754166666666667 0.065625 0.16416666666666666
2 0.14921875 0.6108333333333333 0.1921875 0.15
2 0.26119791666666664 0.5754166666666667 0.08385416666666666 0.0975
2 0.31953125 0.5591666666666667 0.0640625 0.07833333333333334
2 0.36875 0.5391666666666667 0.05416666666666667 0.06666666666666667
2 0.44166666666666665 0.5291666666666667 0.03854166666666667 0.04833333333333333
2 0.40260416666666665 0.5345833333333333 0.021875 0.04416666666666667
2 0.417578125 0.529375 0.017100694444444463 0.032638888888888856
0 0.5303943452380953 0.5128571428571429 0.005729166666666666 0.02571428571428574
0 0.48166666666666663 0.5109166666666668 0.003958333333333286 0.016166666666666742
2 0.4717708333333333 0.5135833333333333 0.007083333333333286 0.01716666666666659
2 0.46114583333333337 0.5131666666666667 0.016249999999999966 0.024333333333333276
2 0.4595833333333334 0.5161666666666666 0.011041666666666632 0.01966666666666659
2 0.5005729166666666 0.5067499999999999 0.0078125 0.010833333333333334
2 0.5405877976190475 0.5141071428571428 0.015997023809523784 0.024880952380952313
2 0.5461979166666666 0.5208333333333335 0.0055208333333334044 0.023666666666666742
2 0.5624479166666666 0.5160833333333334 0.0359375 0.054833333333333394
2 0.5679450757575757 0.5247348484848485 0.02736742424242422 0.042803030303030405
2 0.5674479166666667 0.53625 0.021354166666666667 0.049166666666666664
2 0.5115104166666666 0.5079166666666667 0.007291666666666667 0.009166666666666667
