0 0.6705729166666666 0.6216666666666667 0.059895833333333336 0.21166666666666667
0 0.6669270833333333 0.60875 0.0453125 0.20916666666666667
2 0.07109375 0.6625 0.1421875 0.19666666666666666
2 0.19166666666666668 0.58625 0.1875 0.1675
5 0.3533854166666667 0.5154166666666666 0.04114583333333333 0.0175
2 0.5875 0.5533333333333333 0.0375 0.06666666666666667
2 0.9002604166666667 0.7420833333333333 0.19947916666666668 0.33416666666666667
2 0.30234375 0.56875 0.0546875 0.10083333333333333
2 0.45546875 0.52125 0.0140625 0.015833333333333335
2 0.546875 0.5341666666666667 0.014583333333333334 0.03666666666666667
2 0.5661458333333333 0.5375 0.035416666666666666 0.05
2 0.6296875 0.55375 0.07708333333333334 0.11583333333333333
2 0.7088541666666667 0.6 0.15520833333333334 0.135
2 0.3458333333333333 0.5570833333333334 0.05416666666666667 0.06583333333333333
2 0.4010416666666667 0.5370833333333334 0.025 0.03916666666666667
2 0.3723958333333333 0.5483333333333333 0.029166666666666667 0.051666666666666666
2 0.38828125 0.5416666666666666 0.0265625 0.043333333333333335
3 0.7747395833333334 0.6216666666666667 0.12864583333333332 0.17
2 0.5705729166666667 0.5454166666666667 0.025520833333333333 0.05416666666666667
0 0.007291666666666667 0.53625 0.014583333333333334 0.06416666666666666
2 0.4854166666666666 0.514 0.01604166666666664 0.012000000000000077
2 0.50546875 0.5154166666666666 0.0078125 0.0075
4 0.5231770833333333 0.5145833333333333 0.016145833333333335 0.0275
0 0.8690104166666667 0.5395833333333333 0.0203125 0.1075
0 0.45546875 0.5504166666666667 0.025520833333333333 0.07916666666666666
0 0.4546875 0.5525 0.016666666666666666 0.07833333333333334
2 0.4735677083333333 0.5178472222222222 0.009288194444444405 0.010972222222222286
0 0.6895833333333333 0.5191666666666667 0.021875 0.03333333333333333
2 0.4666666666666667 0.5204166666666666 0.00625 0.014166666666666666
0 0.8986979166666667 0.545 0.021354166666666667 0.1
7 0.53828125 0.48522727272727273 0.008854166666666666 0.015
