2 0.47291666666666665 0.56125 0.051041666666666666 0.0425
2 0.9940104166666667 0.60125 0.011979166666666667 0.06583333333333333
2 0.5684895833333333 0.5495833333333333 0.024479166666666666 0.029166666666666667
2 0.5026041666666666 0.555 0.03125 0.03333333333333333
2 0.6401041666666667 0.56375 0.04479166666666667 0.050833333333333335
2 0.6377604166666667 0.5379166666666667 0.025520833333333333 0.0175
2 0.525 0.5533333333333333 0.01875 0.028333333333333332
2 0.5356770833333333 0.5466666666666666 0.016145833333333335 0.03
2 0.5473958333333333 0.5504166666666667 0.007291666666666667 0.020833333333333332
2 0.5536458333333333 0.5508333333333333 0.004166666666666667 0.016666666666666666
2 0.55546875 0.53875 0.008854166666666666 0.0075
