0 0.5588541666666667 0.5920833333333333 0.041666666666666664 0.1675
0 0.5752604166666667 0.58125 0.027604166666666666 0.16916666666666666
2 0.09973958333333334 0.6391666666666667 0.19947916666666668 0.18833333333333332
2 0.23359375 0.5679166666666666 0.14947916666666666 0.1475
5 0.3997395833333333 0.5091666666666667 0.049479166666666664 0.02
2 0.58828125 0.5425 0.021354166666666667 0.06166666666666667
2 0.8705729166666667 0.6983333333333334 0.25885416666666666 0.30333333333333334
2 0.3229166666666667 0.5554166666666667 0.04479166666666667 0.09083333333333334
2 0.4578125 0.5133333333333333 0.014583333333333334 0.016666666666666666
2 0.5466145833333333 0.5254166666666666 0.0140625 0.035833333333333335
2 0.6221354166666667 0.5420833333333334 0.07239583333333334 0.10583333333333333
2 0.68359375 0.58 0.1296875 0.11666666666666667
2 0.35911458333333335 0.545 0.04739583333333333 0.06166666666666667
2 0.4080729166666667 0.5279166666666667 0.021354166666666667 0.0375
2 0.38255208333333335 0.5375 0.025520833333333333 0.04833333333333333
2 0.39609375 0.5316666666666666 0.021354166666666667 0.041666666666666664
3 0.7330729166666666 0.5966666666666667 0.10677083333333333 0.14333333333333334
2 0.4858506944444444 0.5052777777777777 0.011631944444444464 0.011111111111111143
2 0.50703125 0.5054166666666666 0.0078125 0.010833333333333334
4 0.5247395833333334 0.50625 0.0171875 0.029166666666666667
0 0.8424479166666666 0.52 0.021354166666666667 0.06833333333333333
0 0.48984375 0.53875 0.021354166666666667 0.07083333333333333
0 0.4921875 0.5416666666666666 0.020833333333333332 0.07333333333333333
2 0.4755729166666667 0.5099999999999999 0.008645833333333405 0.012666666666666705
0 0.7052083333333333 0.5083333333333333 0.017708333333333333 0.035
2 0.46901041666666665 0.5120833333333333 0.0067708333333333336 0.014166666666666666
0 0.8546875 0.5208333333333334 0.017708333333333333 0.06166666666666667
7 0.5393229166666667 0.47833333333333333 0.008854166666666666 0.015
