5 0.9734375 0.8241666666666667 0.053125 0.3516666666666667
2 0.8453125 0.6708333333333333 0.309375 0.25833333333333336
2 0.66015625 0.57 0.11614583333333334 0.12833333333333333
2 0.6013020833333333 0.5495833333333333 0.04739583333333333 0.08583333333333333
2 0.04140625 0.6570833333333334 0.0828125 0.18916666666666668
2 0.13697916666666668 0.6120833333333333 0.16875 0.14916666666666667
2 0.25364583333333335 0.57875 0.1 0.1025
2 0.33151041666666664 0.5491666666666667 0.07552083333333333 0.08333333333333333
2 0.4270833333333333 0.535 0.04375 0.056666666666666664
2 0.37838541666666664 0.54125 0.03177083333333333 0.050833333333333335
2 0.39875000000000005 0.5335833333333335 0.022083333333333382 0.038166666666666724
0 0.5277604166666666 0.5161666666666669 0.005729166666666666 0.028000000000000115
2 0.4719933712121212 0.5114772727272727 0.00819128787878789 0.013560606060606044
2 0.465234375 0.5162083333333334 0.00838541666666662 0.017416666666666743
2 0.453515625 0.5159166666666666 0.01619791666666662 0.02666666666666667
2 0.4503125 0.520375 0.013125000000000024 0.02091666666666659
2 0.49505208333333334 0.50875 0.008333333333333333 0.0125
2 0.5251302083333332 0.5144583333333334 0.006927083333333309 0.017749999999999964
2 0.53953125 0.5165833333333334 0.018437500000000048 0.030500000000000114
2 0.5462831439393939 0.524090909090909 0.007433712121212229 0.03530303030303022
2 0.5654687500000001 0.5200416666666667 0.04239583333333338 0.0635833333333333
2 0.5752343750000001 0.5305 0.03703124999999995 0.05100000000000004
2 0.574855324074074 0.5431018518518519 0.03049768518518524 0.056388888888888954
2 0.5073958333333333 0.5099166666666666 0.007291666666666667 0.009166666666666667
0 0.9869791666666666 0.55875 0.026041666666666668 0.14583333333333334
