0 0.5526041666666667 0.5325 0.011458333333333333 0.05
2 0.030208333333333334 0.6783333333333333 0.06041666666666667 0.16833333333333333
3 0.3841145833333333 0.545 0.0390625 0.03666666666666667
5 0.8513020833333333 0.6020833333333333 0.29739583333333336 0.5025
2 0.68125 0.5870833333333333 0.10625 0.1525
2 0.4010416666666667 0.5383333333333333 0.03958333333333333 0.04
2 0.5869791666666667 0.5375 0.05520833333333333 0.065
5 0.4942708333333333 0.5145833333333333 0.014583333333333334 0.019166666666666665
2 0.47578125 0.5175 0.011979166666666667 0.013333333333333334
0 0.21744791666666666 0.5391666666666667 0.018229166666666668 0.07166666666666667
0 0.20260416666666667 0.5404166666666667 0.011458333333333333 0.06916666666666667
1 0.15338541666666666 0.5875 0.06510416666666667 0.06666666666666667
1 0.11119791666666666 0.5933333333333334 0.08177083333333333 0.08
0 0.71171875 0.5054166666666666 0.013020833333333334 0.014166666666666666
0 0.7330729166666666 0.5008333333333334 0.0109375 0.023333333333333334
0 0.37647569444444445 0.5218055555555555 0.006076388888888928 0.02638888888888895
0 0.37057291666666664 0.5245833333333333 0.0067708333333333336 0.025833333333333333
2 0.5609375 0.5283333333333333 0.0125 0.034166666666666665
2 0.5584821428571428 0.5236309523809524 0.02470238095238102 0.037261904761904815
2 0.5437934027777778 0.5289583333333332 0.004774305555555477 0.023194444444444382
2 0.5399305555555555 0.5294444444444444 0.003125 0.015
2 0.5425967261904762 0.5207142857142858 0.011830357142857057 0.023095238095238054
2 0.5355034722222223 0.522361111111111 0.006076388888888869 0.01972222222222219
2 0.5102306547619048 0.5135119047619047 0.0067708333333333336 0.009166666666666667
2 0.48333333333333334 0.5183333333333333 0.004166666666666667 0.008333333333333333
2 0.44036458333333334 0.5286111111111111 0.0125 0.028333333333333332
2 0.43602430555555555 0.5356944444444445 0.0032986111111110716 0.019722222222222287
2 0.4192274305555556 0.5293055555555555 0.03203125 0.04555555555555562
