3 0.11223958333333334 0.60625 0.13489583333333333 0.14083333333333334
0 0.43125 0.55875 0.028125 0.10916666666666666
0 0.4466145833333333 0.5533333333333333 0.03177083333333333 0.11333333333333333
0 0.7447916666666666 0.5966666666666667 0.03333333333333333 0.23
2 0.8755208333333333 0.7166666666666667 0.24895833333333334 0.48833333333333334
2 0.22083333333333333 0.5858333333333333 0.13958333333333334 0.12
2 0.30416666666666664 0.5483333333333333 0.09583333333333334 0.11
5 0.4661458333333333 0.5066666666666667 0.034375 0.025
2 0.5776041666666667 0.5308333333333334 0.015625 0.04833333333333333
2 0.7408854166666666 0.6054166666666667 0.15989583333333332 0.1625
2 0.3606770833333333 0.5408333333333334 0.028645833333333332 0.07166666666666667
2 0.546875 0.5191666666666667 0.0125 0.03166666666666667
2 0.5622395833333333 0.52125 0.028645833333333332 0.0425
2 0.6044270833333333 0.53125 0.0578125 0.08416666666666667
2 0.6434895833333333 0.5570833333333334 0.09010416666666667 0.0875
2 0.38567708333333334 0.5341666666666667 0.0359375 0.051666666666666666
2 0.42421875 0.5220833333333333 0.008854166666666666 0.0325
2 0.40234375 0.52875 0.019270833333333334 0.0425
2 0.4125 0.5241666666666667 0.017708333333333333 0.03833333333333333
3 0.671875 0.5658333333333333 0.07916666666666666 0.09833333333333333
0 0.21145833333333333 0.5116666666666667 0.01875 0.03833333333333333
2 0.49265624999999996 0.5023333333333333 0.014687500000000023 0.011999999999999981
2 0.5106770833333333 0.5025 0.0109375 0.008333333333333333
4 0.52796875 0.5022500000000001 0.016562499999999977 0.025833333333333333
0 0.7885416666666667 0.5079166666666667 0.019791666666666666 0.04416666666666667
0 0.5611979166666666 0.5304166666666666 0.0109375 0.06416666666666666
0 0.5697916666666667 0.5325 0.017708333333333333 0.06166666666666667
2 0.4828125 0.505 0.00625 0.011666666666666667
7 0.5408854166666667 0.4766666666666667 0.008854166666666666 0.013333333333333334
