5 0.8794270833333333 0.6841666666666667 0.24114583333333334 0.49666666666666665
5 0.7065104166666667 0.5775 0.16614583333333333 0.21833333333333332
2 0.6197916666666666 0.5725 0.05625 0.09833333333333333
2 0.59375 0.5458333333333333 0.05416666666666667 0.07666666666666666
2 0.5671875 0.53625 0.022916666666666665 0.0575
2 0.10885416666666667 0.6266666666666667 0.21770833333333334 0.15666666666666668
2 0.25026041666666665 0.5779166666666666 0.10885416666666667 0.10083333333333333
2 0.309375 0.5604166666666667 0.058333333333333334 0.07583333333333334
2 0.34791666666666665 0.55 0.046875 0.06333333333333334
2 0.3846354166666667 0.5358333333333334 0.0421875 0.056666666666666664
2 0.44453125 0.5279166666666667 0.033854166666666664 0.0425
2 0.4119791666666667 0.5320833333333334 0.015625 0.0375
2 0.42291666666666666 0.5279166666666667 0.015625 0.029166666666666667
0 0.5247395833333334 0.5155833333333333 0.005729166666666666 0.025
0 0.48463541666666665 0.5125 0.0036458333333333334 0.016666666666666666
2 0.4689583333333333 0.5142499999999999 0.00625 0.015500000000000019
2 0.4594835069444444 0.5135416666666667 0.013237847222222144 0.021666666666666667
2 0.4590625 0.5171666666666667 0.008333333333333333 0.016666666666666666
2 0.4973437499999999 0.5080833333333333 0.0078125 0.010500000000000113
2 0.5330729166666667 0.51625 0.013020833333333334 0.0225
2 0.5375520833333333 0.5231666666666666 0.0046875 0.02066666666666663
2 0.5526041666666667 0.516875 0.03333333333333345 0.048749999999999905
2 0.5559375 0.5255000000000001 0.022291666666666526 0.03833333333333333
2 0.555279356060606 0.5337121212121212 0.01633522727272722 0.041818181818181775
2 0.5069602272727273 0.510340909090909 0.007291666666666667 0.009166666666666667
