0 0.73359375 0.55125 0.04010416666666667 0.1775
2 0.3734375 0.5233333333333333 0.040625 0.043333333333333335
2 0.27317708333333335 0.5320833333333334 0.06510416666666667 0.07416666666666667
2 0.31736111111111115 0.52 0.041666666666666664 0.05222222222222219
2 0.5098958333333333 0.54375 0.06875 0.0775
6 0.21328125 0.15208333333333332 0.0203125 0.0725
6 0.39817708333333335 0.16333333333333333 0.0171875 0.07
2 0.4278645833333333 0.51375 0.033854166666666664 0.04583333333333333
2 0.38619791666666664 0.5134166666666666 0.012395833333333309 0.020833333333333332
2 0.40260416666666665 0.5129166666666667 0.0125 0.014166666666666666
2 0.22526041666666666 0.5566666666666666 0.09635416666666667 0.085
0 0.5578125 0.5141666666666667 0.010416666666666666 0.056666666666666664
2 0.41041666666666665 0.5120833333333333 0.00625 0.010833333333333334
2 0.3421875 0.52375 0.019791666666666666 0.03916666666666667
2 0.34479166666666666 0.51 0.028125 0.03333333333333333
0 0.5661458333333333 0.51 0.007291666666666667 0.04833333333333333
2 0.668266369047619 0.36809523809523814 0.02075892857142847 0.07476190476190477
0 0.5443684895833333 0.5143229166666666 0.012044270833333334 0.058854166666666666
0 0.5515625 0.525 0.007291666666666667 0.03333333333333333
0 0.5303819444444444 0.5008333333333334 0.010416666666666607 0.03166666666666676
0 0.5378348214285714 0.5073809523809523 0.01019345238095249 0.05333333333333334
2 0.47942708333333334 0.5183333333333333 0.0203125 0.04833333333333333
2 0.4705729166666667 0.5079166666666667 0.027604166666666666 0.0475
2 0.453515625 0.5097916666666666 0.016536458333333334 0.030208333333333334
