0 0.69921875 0.5470833333333334 0.043229166666666666 0.18416666666666667
2 0.34453125 0.5183333333333333 0.03802083333333333 0.04
2 0.23125 0.5304166666666666 0.07083333333333333 0.0775
2 0.28072916666666664 0.52125 0.04791666666666667 0.05583333333333333
2 0.47994791666666664 0.5420833333333334 0.07239583333333334 0.0825
6 0.15 0.12 0.022916666666666665 0.08
6 0.35494791666666664 0.13541666666666666 0.0171875 0.07583333333333334
2 0.3966145833333333 0.5091666666666667 0.0328125 0.043333333333333335
2 0.3729166666666667 0.50875 0.013541666666666667 0.014166666666666666
2 0.17838541666666666 0.55875 0.10677083333333333 0.09083333333333334
0 0.52421875 0.5104166666666666 0.013020833333333334 0.059166666666666666
2 0.37916666666666665 0.5079166666666667 0.00625 0.010833333333333334
2 0.3072916666666667 0.52125 0.020833333333333332 0.03916666666666667
2 0.31276041666666665 0.51125 0.0328125 0.04583333333333333
0 0.5369791666666667 0.5025 0.007291666666666667 0.04833333333333333
2 0.32734375 0.5054166666666666 0.013020833333333334 0.015833333333333335
2 0.6428571428571429 0.35410714285714284 0.02202380952380949 0.08059523809523805
0 0.5160342261904761 0.5094047619047618 0.012127976190476156 0.06047619047619037
0 0.4998883928571428 0.4949404761904762 0.010193452380952314 0.028452380952380927
0 0.5071056547619048 0.5021428571428571 0.0109375 0.05333333333333334
2 0.4485119047619047 0.5129166666666667 0.021130952380952372 0.046547619047619074
2 0.44051339285714286 0.5046428571428572 0.02715773809523808 0.046428571428571486
2 0.42418154761904764 0.5049404761904761 0.019047619047619098 0.030833333333333334
