2 0.27421875 0.575 0.1109375 0.10166666666666667
2 0.3489583333333333 0.5491666666666667 0.0625 0.065
2 0.37734375 0.5354166666666667 0.049479166666666664 0.059166666666666666
2 0.4049479166666667 0.5291666666666667 0.025520833333333333 0.045
2 0.41953125 0.5283333333333333 0.021354166666666667 0.03333333333333333
2 0.46041666666666664 0.5229166666666667 0.029166666666666667 0.034166666666666665
2 0.5075520833333333 0.5154166666666666 0.030729166666666665 0.04083333333333333
6 0.4739583333333333 0.43625 0.0020833333333333333 0.010833333333333334
6 0.5077452956989247 0.4355152329749104 0.0020833333333333333 0.012482078853046611
2 0.534375 0.5120833333333333 0.015625 0.020833333333333332
2 0.63984375 0.5608333333333333 0.1078125 0.13166666666666665
2 0.57890625 0.5245833333333333 0.05260416666666667 0.08083333333333333
2 0.5455729166666666 0.5204166666666666 0.009895833333333333 0.035833333333333335
0 0.5216145833333333 0.50875 0.005729166666666666 0.030833333333333334
2 0.025260416666666667 0.57625 0.050520833333333334 0.09416666666666666
2 0.9401041666666666 0.49041666666666667 0.11354166666666667 0.0625
2 0.4553125 0.5081666666666667 0.012291666666666678 0.006333333333333352
2 0.4770312500000001 0.5095000000000001 0.009895833333333333 0.016666666666666666
6 0.5775000000000001 0.46575 0.003958333333333405 0.015833333333333335
6 0.5666666666666667 0.4345 0.005208333333333333 0.015
2 0.48932291666666666 0.5120833333333333 0.0067708333333333336 0.009166666666666667
2 0.52734375 0.50625 0.0109375 0.0175
2 0.4837239583333333 0.5113541666666667 0.0046875 0.011666666666666667
2 0.5859375 0.54875 0.027083333333333334 0.07916666666666666
6 0.42682291666666666 0.47333333333333333 0.0036458333333333334 0.015
2 0.46901041666666665 0.5071428571428572 0.0078125 0.014523809523809538
6 0.56046875 0.474 0.0036458333333333334 0.013333333333333334
2 0.5510416666666667 0.5241666666666667 0.00625 0.03333333333333333
2 0.4612847222222223 0.507361111111111 0.015972222222222204 0.01472222222222219
