2 0.47458333333333336 0.528 0.009375 0.018333333333333333
2 0.43203125 0.551 0.05427083333333336 0.05800000000000002
2 0.4640625 0.5269166666666666 0.013541666666666667 0.025833333333333333
2 0.46796875 0.52725 0.0067708333333333336 0.0225
2 0.45932291666666664 0.5314166666666668 0.008437500000000023 0.02183333333333337
2 0.4471875 0.5239166666666666 0.021458333333333357 0.031499999999999966
2 0.42833333333333334 0.5165833333333332 0.027708333333333356 0.012166666666666591
2 0.4003125 0.5250833333333333 0.03229166666666667 0.0325
2 0.37973958333333335 0.5498333333333333 0.05531250000000002 0.056666666666666664
2 0.5147916666666666 0.5329999999999999 0.04208333333333331 0.05633333333333335
0 0.11635416666666669 0.5832499999999999 0.04041666666666668 0.14383333333333326
0 0.7326041666666666 0.5435 0.025 0.10666666666666667
2 0.9442708333333333 0.5625 0.11145833333333334 0.11333333333333333
6 0.5063020833333334 0.317625 0.008437500000000023 0.0410833333333333
6 0.4024479166666667 0.3147083333333333 0.008854166666666666 0.038583333333333296
6 0.25625 0.425 0.010416666666666666 0.04
6 0.026015625 0.4190833333333333 0.014531249999999999 0.0451666666666667
6 0.8790104166666667 0.3315000000000001 0.030520833333333285 0.0926666666666667
6 0.7320833333333334 0.25366666666666665 0.02010416666666662 0.057666666666666706
0 0.6751041666666667 0.5339583333333333 0.019583333333333286 0.07875
0 0.6083333333333333 0.5275 0.0109375 0.04583333333333333
2 0.548984375 0.5217499999999999 0.02296874999999995 0.03916666666666667
2 0.5484895833333333 0.5279166666666667 0.00947916666666669 0.031499999999999966
2 0.571875 0.53275 0.03604166666666669 0.04616666666666665
2 0.5770833333333333 0.5439999999999999 0.04125000000000002 0.052333333333333294
0 0.6091145833333333 0.5367500000000001 0.007291666666666667 0.026000000000000037
2 0.5556250000000001 0.5285000000000001 0.013125000000000024 0.0376666666666667
0 0.5940104166666667 0.52125 0.008854166666666666 0.030833333333333334
2 0.48703125 0.5268333333333333 0.010520833333333358 0.012333333333333295
2 0.5372395833333333 0.5236666666666667 0.010104166666666714 0.029666666666666685
6 0.665625 0.43645833333333334 0.0125 0.04375
