2 0.6497395833333334 0.5733333333333334 0.12552083333333333 0.16
2 0.11328125 0.63875 0.22552083333333334 0.17416666666666666
2 0.24947916666666667 0.5891666666666666 0.121875 0.10666666666666667
2 0.3177083333333333 0.5645833333333333 0.07083333333333333 0.0725
2 0.3885416666666667 0.5404166666666667 0.04479166666666667 0.049166666666666664
2 0.415625 0.53125 0.028125 0.035833333333333335
2 0.4234375 0.525 0.028125 0.03833333333333333
2 0.43697916666666664 0.5229166666666667 0.014583333333333334 0.030833333333333334
2 0.44505208333333335 0.5220833333333333 0.0140625 0.024166666666666666
2 0.471875 0.5183333333333333 0.020833333333333332 0.025
2 0.5067708333333333 0.5129166666666667 0.020833333333333332 0.029166666666666667
6 0.48020833333333335 0.45 0.0020833333333333333 0.01
6 0.5067708333333333 0.4508333333333333 0.0020833333333333333 0.01
2 0.5260416666666666 0.5108333333333334 0.010416666666666666 0.015
2 0.5661458333333333 0.5258333333333334 0.04375 0.06
2 0.5494791666666666 0.5154166666666666 0.03229166666666667 0.049166666666666664
2 0.53359375 0.5158333333333334 0.0046875 0.025
2 0.24322916666666666 0.53375 0.035416666666666666 0.0225
2 0.7833333333333333 0.48791666666666667 0.06875 0.04083333333333333
2 0.4630208333333333 0.5158333333333334 0.011458333333333333 0.016666666666666666
2 0.4734375 0.5091666666666667 0.019791666666666666 0.016666666666666666
6 0.559375 0.47458333333333336 0.003125 0.0125
6 0.5515625 0.44875 0.004166666666666667 0.0125
2 0.4908854166666667 0.5125 0.0067708333333333336 0.008333333333333333
2 0.5190104166666667 0.50875 0.0036458333333333334 0.009166666666666667
2 0.4859375 0.5105208333333333 0.0046875 0.010208333333333333
