2 0.06380208333333333 0.6266666666666667 0.12760416666666666 0.205
2 0.18020833333333333 0.58875 0.17291666666666666 0.15583333333333332
2 0.29244791666666664 0.5608333333333333 0.09427083333333333 0.08333333333333333
2 0.4083333333333333 0.5466666666666666 0.0625 0.06833333333333333
2 0.50625 0.5270833333333333 0.04791666666666667 0.0675
6 0.45416666666666666 0.39791666666666664 0.004166666666666667 0.019166666666666665
6 0.50703125 0.39958333333333335 0.0046875 0.020833333333333332
2 0.5497395833333333 0.5183333333333333 0.025520833333333333 0.03333333333333333
2 0.8520833333333333 0.6870833333333334 0.29583333333333334 0.6208333333333333
2 0.5934895833333333 0.5470833333333334 0.04739583333333333 0.0775
0 0.5830729166666667 0.5045833333333334 0.005729166666666666 0.019166666666666665
2 0.43359375 0.52125 0.024479166666666666 0.029166666666666667
6 0.6300520833333334 0.44116666666666665 0.008020833333333382 0.028999999999999963
6 0.6036458333333333 0.39 0.008333333333333333 0.023333333333333334
2 0.4784375 0.514 0.007291666666666667 0.015
6 0.37838541666666664 0.4558333333333333 0.005729166666666666 0.021666666666666667
2 0.4536458333333334 0.5130555555555556 0.013888888888888928 0.028333333333333332
6 0.5895833333333333 0.46041666666666664 0.005208333333333333 0.020833333333333332
2 0.6286458333333333 0.5629166666666666 0.07604166666666666 0.1025
2 0.440625 0.515 0.022916666666666665 0.03166666666666667
2 0.4620659722222223 0.5105555555555557 0.01267361111111113 0.025555555555555522
2 0.6783854166666666 0.6033333333333334 0.10677083333333333 0.16
2 0.53625 0.5079166666666667 0.0160416666666667 0.027166666666666686
2 0.470796130952381 0.5122619047619046 0.008854166666666666 0.01976190476190472
2 0.54046875 0.5106666666666667 0.013229166666666714 0.023999999999999962
6 0.271875 0.4475 0.005208333333333333 0.021666666666666667
6 0.33489583333333334 0.43916666666666665 0.005208333333333333 0.028333333333333332
2 0.4618489583333333 0.5145833333333334 0.007204861111111072 0.021388888888888954
0 0.6390625 0.50125 0.007291666666666667 0.020833333333333332
0 0.26328125 0.505 0.0046875 0.03666666666666667
0 0.5674479166666665 0.5110833333333333 0.007604166666666619 0.03283333333333341
0 0.6997395833333333 0.5045833333333334 0.019270833333333334 0.0375
2 0.7018229166666666 0.5095833333333334 0.030729166666666665 0.024166666666666666
