2 0.46218750000000003 0.51125 0.009166666666666679 0.017166666666666684
2 0.34927083333333336 0.56075 0.10354166666666664 0.10016666666666671
2 0.4518229166666667 0.5097499999999999 0.011770833333333345 0.024166666666666666
2 0.45734375 0.5105833333333333 0.0067708333333333336 0.0225
2 0.44916666666666666 0.5141666666666665 0.006666666666666643 0.02066666666666663
2 0.43869791666666663 0.5089166666666666 0.021145833333333346 0.034166666666666665
2 0.4372916666666667 0.5147499999999999 0.010416666666666666 0.0275
2 0.4236458333333333 0.5130833333333333 0.025208333333333322 0.038499999999999944
2 0.40291666666666676 0.5171666666666668 0.03416666666666668 0.04800000000000002
2 0.38796875 0.5249166666666667 0.04010416666666667 0.04016666666666661
2 0.49932291666666667 0.5243333333333333 0.055104166666666704 0.07833333333333334
0 0.145625 0.5533333333333333 0.02666666666666666 0.12533333333333332
0 0.7002083333333332 0.5229166666666667 0.01395833333333319 0.08466666666666668
2 0.83984375 0.7004166666666667 0.3203125 0.3908333333333333
0 0.9182942708333334 0.51125 0.04986979166666667 0.09458333333333334
2 0.8559895833333333 0.52125 0.11822916666666666 0.0575
6 0.49489583333333337 0.3375 0.007291666666666667 0.03300000000000002
6 0.41000000000000003 0.33445833333333336 0.007291666666666667 0.0335833333333333
6 0.2894531249999999 0.4238333333333333 0.007447916666666643 0.03216666666666659
6 0.13401041666666663 0.3687916666666667 0.016041666666666673 0.05925000000000002
6 0.03203125 0.38825 0.01864583333333333 0.048500000000000036
6 0.10413411458333334 0.4180729166666667 0.009309895833333333 0.034479166666666665
6 0.7443229166666667 0.3785833333333334 0.019375000000000142 0.061500000000000006
6 0.6658072916666666 0.30216666666666664 0.016093749999999928 0.04349999999999994
0 0.6438541666666668 0.5186666666666668 0.01885416666666669 0.07300000000000012
0 0.5764204545454544 0.5076136363636363 0.009469696969697001 0.04704545454545458
2 0.5335416666666667 0.5041666666666667 0.01875000000000006 0.034666666666666686
2 0.5308854166666668 0.5106666666666666 0.007812500000000059 0.02766666666666661
2 0.5516666666666665 0.5144166666666666 0.03416666666666674 0.04016666666666661
2 0.5546354166666667 0.5246666666666667 0.035520833333333356 0.04633333333333335
2 0.5366666666666667 0.5120833333333333 0.010208333333333345 0.03550000000000002
2 0.03142361111111111 0.5505555555555556 0.06284722222222222 0.05777777777777771
6 0.6231770833333333 0.4354166666666667 0.0109375 0.035833333333333335
