2 0.09401041666666667 0.61625 0.18802083333333333 0.22583333333333333
2 0.221875 0.5666666666666667 0.13854166666666667 0.12833333333333333
2 0.30963541666666666 0.5495833333333333 0.08177083333333333 0.07416666666666667
2 0.41302083333333334 0.5375 0.05625 0.06166666666666667
2 0.5026041666666666 0.5191666666666667 0.046875 0.06333333333333334
6 0.453125 0.39666666666666667 0.004166666666666667 0.02
6 0.50390625 0.3983333333333333 0.0046875 0.018333333333333333
2 0.54453125 0.51125 0.025520833333333333 0.030833333333333334
2 0.8247395833333333 0.65875 0.35052083333333334 0.4975
2 0.58203125 0.5366666666666666 0.04010416666666667 0.07
0 0.5703125 0.5033333333333333 0.00625 0.03333333333333333
2 0.43255208333333334 0.51375 0.0234375 0.029166666666666667
6 0.619140625 0.439375 0.00703125 0.02625
6 0.5955729166666667 0.38916666666666666 0.0078125 0.023333333333333334
2 0.4756944444444444 0.5070138888888889 0.007291666666666667 0.014861111111111047
6 0.3815104166666667 0.45125 0.005729166666666666 0.0225
2 0.4519717261904762 0.5069047619047619 0.013616071428571411 0.02809523809523815
6 0.5821875000000001 0.4559166666666666 0.005208333333333333 0.020833333333333332
2 0.61171875 0.5491666666666667 0.0640625 0.09
2 0.4401041666666667 0.5091666666666667 0.020833333333333332 0.03333333333333333
2 0.46015625 0.5050595238095238 0.01078869047619045 0.025833333333333333
2 0.6385416666666667 0.5783333333333334 0.065625 0.13166666666666665
2 0.5310416666666666 0.5025833333333335 0.012916666666666703 0.02550000000000002
2 0.46875 0.5061111111111112 0.008854166666666666 0.019166666666666665
2 0.5352213541666667 0.504375 0.012109375 0.02375
6 0.28229166666666666 0.44416666666666665 0.004166666666666667 0.018333333333333333
6 0.3419270833333333 0.4375 0.0036458333333333334 0.023333333333333334
2 0.4601128472222223 0.5090277777777779 0.007204861111111131 0.02
0 0.628125 0.49375 0.007291666666666667 0.020833333333333332
0 0.27578125 0.49916666666666665 0.0046875 0.03333333333333333
0 0.5644270833333335 0.50425 0.006145833333333428 0.027166666666666592
