5 0.040625 0.5329166666666667 0.08125 0.12416666666666666
2 0.5984375 0.53125 0.07604166666666666 0.0975
2 0.26640625 0.56 0.1078125 0.10166666666666667
2 0.32786458333333335 0.5383333333333333 0.06822916666666666 0.07166666666666667
2 0.36276041666666664 0.5258333333333334 0.044270833333333336 0.055
2 0.40572916666666664 0.5108333333333334 0.036458333333333336 0.041666666666666664
2 0.42682291666666666 0.5041666666666667 0.021354166666666667 0.03166666666666667
2 0.4317708333333333 0.49916666666666665 0.021875 0.03166666666666667
2 0.4421875 0.4995833333333333 0.010416666666666666 0.029166666666666667
2 0.44895833333333335 0.49625 0.010416666666666666 0.020833333333333332
2 0.47317708333333336 0.49416666666666664 0.019270833333333334 0.023333333333333334
2 0.5052083333333334 0.49 0.020833333333333332 0.02666666666666667
6 0.48020833333333335 0.4320833333333333 0.0020833333333333333 0.010833333333333334
6 0.5052083333333334 0.4325 0.0020833333333333333 0.01
2 0.5213541666666667 0.4895833333333333 0.009375 0.010833333333333334
2 0.5541666666666667 0.5004166666666666 0.035416666666666666 0.049166666666666664
2 0.5432291666666667 0.49166666666666664 0.026041666666666668 0.041666666666666664
2 0.5286458333333334 0.49333333333333335 0.003125 0.02
0 0.49296875 0.48625 0.0046875 0.020833333333333332
2 0.2838541666666667 0.5 0.03229166666666667 0.016666666666666666
2 0.74765625 0.47291666666666665 0.06197916666666667 0.035833333333333335
2 0.4635416666666667 0.49083333333333334 0.010416666666666666 0.015
2 0.4744791666666667 0.48625 0.016666666666666666 0.014166666666666666
6 0.553125 0.4554166666666667 0.003125 0.0125
6 0.5463541666666667 0.43166666666666664 0.004166666666666667 0.01
2 0.48880208333333336 0.4891666666666667 0.005729166666666666 0.008333333333333333
2 0.5158854166666667 0.4875 0.0036458333333333334 0.006666666666666667
2 0.48489583333333336 0.4891666666666667 0.004166666666666667 0.01
