0 0.6947395833333334 0.5546666666666668 0.03843749999999998 0.18133333333333335
2 0.34453125 0.52125 0.0359375 0.0375
2 0.22604166666666667 0.535 0.071875 0.07833333333333334
2 0.2760416666666667 0.5266666666666666 0.04791666666666667 0.06
2 0.4744791666666667 0.5475 0.07291666666666667 0.08333333333333333
6 0.14348958333333334 0.12041666666666667 0.0234375 0.08083333333333333
6 0.35 0.13625 0.01875 0.0775
2 0.39375 0.5133333333333333 0.03125 0.041666666666666664
2 0.3690104166666667 0.5129166666666667 0.013020833333333334 0.014166666666666666
2 0.17239583333333333 0.5633333333333334 0.10729166666666666 0.09166666666666666
0 0.51953125 0.515 0.013020833333333334 0.058333333333333334
2 0.3765625 0.5120833333333333 0.00625 0.010833333333333334
2 0.3028645833333333 0.5254166666666666 0.021354166666666667 0.03916666666666667
2 0.30833333333333335 0.51625 0.035416666666666666 0.04583333333333333
0 0.5333333333333333 0.5083333333333333 0.007291666666666667 0.04833333333333333
2 0.32473958333333336 0.5129166666666667 0.013020833333333334 0.0225
2 0.6402901785714286 0.36017857142857146 0.022247023809523845 0.07916666666666666
0 0.5102864583333333 0.5139583333333333 0.013020833333333334 0.060833333333333336
0 0.49464285714285716 0.49958333333333343 0.00952380952380949 0.02630952380952389
0 0.5000372023809524 0.5041666666666667 0.011532738095238079 0.04571428571428574
2 0.44440104166666666 0.518125 0.019010416666666665 0.04541666666666667
2 0.43642578125 0.51125 0.027408854166666666 0.044375
2 0.41893601190476193 0.510297619047619 0.01971726190476192 0.030833333333333334
