2 0.46369791666666665 0.5280833333333333 0.01114583333333338 0.019166666666666665
2 0.43781249999999994 0.5425833333333333 0.04437499999999996 0.048499999999999946
2 0.45020833333333327 0.522 0.013333333333333286 0.017333333333333294
2 0.45755208333333336 0.5268333333333334 0.008645833333333287 0.023666666666666742
2 0.4295833333333333 0.51425 0.019583333333333286 0.015166666666666705
2 0.40848958333333335 0.5314166666666668 0.02822916666666669 0.04383333333333326
2 0.38041666666666674 0.5388333333333333 0.047499999999999966 0.06099999999999994
2 0.3500520833333333 0.5559166666666667 0.06781250000000003 0.0651666666666667
2 0.5047916666666666 0.5307499999999999 0.039375000000000014 0.0475
0 0.0140625 0.5947499999999999 0.028125 0.17483333333333329
0 0.756171875 0.554125 0.033177083333333475 0.13041666666666665
2 0.99140625 0.5804166666666667 0.0171875 0.08083333333333333
6 0.49546875 0.2741666666666666 0.011354166666666643 0.04866666666666665
6 0.36776041666666676 0.26958333333333334 0.010104166666666714 0.049166666666666664
6 0.18515625 0.4033333333333333 0.01260416666666669 0.04833333333333333
6 0.8019791666666666 0.16641666666666666 0.02979166666666657 0.08083333333333333
0 0.6921354166666667 0.5218333333333334 0.0171875 0.035
0 0.6091145833333333 0.53075 0.0109375 0.05050000000000002
2 0.5418229166666667 0.52225 0.02489583333333343 0.04149999999999996
2 0.5423958333333334 0.5294166666666666 0.009583333333333261 0.033833333333333354
2 0.5715625000000001 0.5285833333333333 0.0414583333333334 0.03650000000000006
2 0.5752604166666667 0.5507500000000001 0.051979166666666646 0.061833333333333275
0 0.6132291666666666 0.5395833333333333 0.007291666666666667 0.028499999999999942
2 0.5508854166666666 0.5316666666666666 0.016979166666666736 0.04266666666666661
2 0.47729166666666667 0.5275 0.011458333333333333 0.013333333333333334
2 0.52921875 0.525 0.01093749999999994 0.02766666666666661
0 0.6247395833333333 0.5275833333333334 0.009062499999999928 0.05216666666666669
0 0.5997106481481481 0.5227777777777777 0.008796296296296191 0.03814814814814819
6 0.690625 0.42041666666666666 0.015625 0.05416666666666667
