2 0.09869791666666666 0.60875 0.19739583333333333 0.21583333333333332
2 0.22760416666666666 0.56375 0.13541666666666666 0.12416666666666666
2 0.31588541666666664 0.5470833333333334 0.07552083333333333 0.0725
2 0.41432291666666665 0.5354166666666667 0.0546875 0.060833333333333336
2 0.5020833333333333 0.5191666666666667 0.04583333333333333 0.065
6 0.453125 0.39666666666666667 0.004166666666666667 0.02
6 0.5033854166666667 0.3983333333333333 0.0046875 0.018333333333333333
2 0.5434895833333333 0.5091666666666667 0.025520833333333333 0.03166666666666667
2 0.8190104166666666 0.6533333333333333 0.35572916666666665 0.47
2 0.5807291666666666 0.5354166666666667 0.040625 0.06916666666666667
0 0.56796875 0.4979166666666667 0.0067708333333333336 0.025833333333333333
2 0.43255208333333334 0.5120833333333333 0.0234375 0.025833333333333333
6 0.6169704861111112 0.43895833333333334 0.006857638888888929 0.025972222222222237
6 0.5940104166666667 0.3888333333333333 0.007604166666666737 0.023333333333333334
2 0.475 0.5060416666666666 0.007291666666666667 0.014583333333333334
6 0.38255208333333335 0.4508333333333333 0.005729166666666666 0.021666666666666667
2 0.4517485119047619 0.5057142857142857 0.01376488095238102 0.02761904761904759
6 0.5807291666666666 0.45458333333333334 0.005208333333333333 0.020833333333333332
2 0.6091145833333333 0.5475 0.06510416666666667 0.09
2 0.4395833333333333 0.5079166666666667 0.021875 0.0325
2 0.4596354166666667 0.5038690476190476 0.010639880952380902 0.025833333333333333
2 0.6322916666666667 0.5754166666666667 0.059375 0.1275
2 0.5303125000000001 0.5014166666666667 0.012291666666666678 0.025166666666666705
2 0.4682663690476191 0.5049404761904761 0.008854166666666666 0.019166666666666665
2 0.5340625 0.5032500000000001 0.011875000000000096 0.024500000000000077
6 0.28406250000000005 0.44350000000000006 0.003958333333333345 0.01766666666666661
6 0.34307291666666667 0.43700000000000006 0.0034375000000000117 0.02233333333333339
2 0.4595920138888889 0.507638888888889 0.007204861111111072 0.02
0 0.6260416666666667 0.49375 0.007291666666666667 0.020833333333333332
0 0.27796875000000004 0.49866666666666676 0.004479166666666678 0.03300000000000002
0 0.5638020833333334 0.5029166666666667 0.005729166666666666 0.025833333333333333
