2 0.4759375 0.5150833333333333 0.007291666666666667 0.015833333333333335
2 0.3827604166666667 0.5552499999999999 0.08052083333333335 0.07849999999999994
2 0.4666666666666667 0.5138333333333334 0.009166666666666679 0.021666666666666667
2 0.47234375 0.5131666666666667 0.005729166666666666 0.018666666666666647
2 0.4660416666666667 0.5161666666666668 0.005208333333333333 0.01800000000000002
2 0.4580208333333334 0.51175 0.015000000000000036 0.0275
2 0.45687500000000003 0.5163333333333333 0.007916666666666631 0.023333333333333334
2 0.4484895833333333 0.5145000000000001 0.017812499999999964 0.029666666666666685
2 0.4328125 0.5171666666666667 0.025624999999999964 0.03666666666666667
2 0.42130208333333324 0.5238333333333334 0.03406249999999999 0.03333333333333333
2 0.5064583333333333 0.5280833333333332 0.052083333333333336 0.07416666666666667
2 0.07552083333333333 0.6395833333333333 0.15104166666666666 0.24916666666666668
2 0.21158854166666666 0.5885416666666666 0.15234375 0.12375
0 0.22864583333333333 0.5198958333333333 0.015885416666666666 0.013541666666666667
0 0.2662109375 0.5342708333333334 0.019140625 0.041041666666666664
0 0.6588304924242424 0.5039393939393939 0.012452651515151559 0.031060606060606042
2 0.85 0.7170833333333333 0.3 0.33916666666666667
2 0.6897916666666667 0.5818333333333334 0.1420833333333333 0.17900000000000005
2 0.6207291666666668 0.5611666666666667 0.0704166666666667 0.11
0 0.7344270833333334 0.5142499999999999 0.0296875 0.05949999999999998
2 0.7414930555555554 0.5249999999999999 0.05625 0.05694444444444438
6 0.5059027777777778 0.387175925925926 0.005208333333333333 0.0225
6 0.4453385416666667 0.38529166666666664 0.005885416666666643 0.024083333333333314
6 0.36046874999999995 0.4489166666666667 0.005729166666666666 0.023333333333333334
6 0.29994791666666676 0.4269583333333333 0.0055208333333334044 0.03124999999999995
6 0.22647569444444443 0.43694444444444436 0.006076388888888869 0.028333333333333332
6 0.6536718749999999 0.43079166666666663 0.009010416666666642 0.032916666666666664
6 0.617890625 0.3742083333333333 0.01005208333333319 0.027416666666666697
0 0.6063541666666669 0.5040416666666665 0.012083333333333357 0.02658333333333322
0 0.5687500000000002 0.5125 0.008645833333333405 0.034166666666666665
2 0.5383072916666666 0.5097083333333334 0.013697916666666643 0.032249999999999945
2 0.5351041666666667 0.5125833333333334 0.005208333333333393 0.0225
2 0.5530208333333333 0.5035000000000001 0.01875 0.009333333333333277
2 0.5521874999999999 0.5211666666666668 0.02791666666666674 0.034666666666666686
0 0.5763020833333333 0.51046875 0.005729166666666666 0.03927083333333333
6 0.5981770833333333 0.45666666666666667 0.0067708333333333336 0.023333333333333334
