2 0.4676041666666667 0.5119166666666667 0.009791666666666643 0.01816666666666663
2 0.4017708333333333 0.5439166666666667 0.07229166666666664 0.07216666666666659
2 0.45677083333333335 0.5108333333333334 0.013541666666666667 0.025
2 0.46234375 0.5110833333333334 0.007604166666666619 0.02183333333333337
2 0.4525 0.5155833333333334 0.00791666666666669 0.0225
2 0.4402777777777777 0.51 0.024652777777777798 0.03611111111111114
2 0.43942708333333336 0.5165833333333334 0.011979166666666667 0.029166666666666667
2 0.42484375 0.51425 0.02843750000000001 0.03916666666666667
2 0.39625000000000005 0.5000000000000001 0.02958333333333331 0.012666666666666705
2 0.37135416666666665 0.5329166666666667 0.03958333333333333 0.05416666666666667
2 0.50609375 0.5206666666666666 0.04864583333333338 0.06633333333333326
0 0.1275173611111111 0.5651388888888889 0.04531249999999997 0.13972222222222228
0 0.7222916666666666 0.5256666666666666 0.025624999999999905 0.09799999999999992
2 0.9091145833333333 0.81625 0.18177083333333333 0.3675
0 0.9963541666666667 0.5466666666666666 0.007291666666666667 0.06333333333333334
2 0.92421875 0.5426666666666667 0.14906250000000001 0.10366666666666674
6 0.49901041666666657 0.3141666666666666 0.008020833333333262 0.03800000000000002
6 0.40177083333333347 0.3124166666666667 0.010208333333333404 0.04050000000000002
6 0.26375 0.4141666666666667 0.008541666666666715 0.03666666666666667
6 0.030989583333333334 0.33447916666666666 0.026302083333333334 0.07645833333333334
6 0.050364583333333345 0.4083333333333333 0.0140625 0.04066666666666663
6 0.82015625 0.3435000000000001 0.023020833333333476 0.07900000000000006
6 0.70328125 0.2619166666666667 0.01864583333333319 0.05316666666666672
0 0.66328125 0.5197499999999999 0.0203125 0.07816666666666663
0 0.5970052083333334 0.51 0.010677083333333334 0.04583333333333333
2 0.5403125 0.5059166666666667 0.021875 0.03883333333333345
2 0.5394270833333332 0.5115000000000001 0.0078125 0.028999999999999963
2 0.5617708333333333 0.5164166666666667 0.035833333333333425 0.04416666666666667
2 0.5661979166666666 0.52625 0.03864583333333324 0.048833333333333256
2 0.5450520833333333 0.5130833333333333 0.012395833333333429 0.0375
0 0.5842013888888888 0.5083333333333335 0.0076388888888890465 0.0377777777777779
2 0.48001302083333336 0.51125 0.010546875 0.012916666666666667
2 0.5307291666666667 0.5016666666666667 0.008333333333333333 0.015
6 0.64765625 0.4270833333333333 0.013020833333333334 0.0425
