0 0.7209635416666667 0.5483333333333333 0.03619791666666667 0.18
2 0.3625 0.5216666666666666 0.03958333333333333 0.041666666666666664
2 0.25729166666666664 0.5316666666666666 0.06770833333333333 0.07666666666666666
2 0.30416666666666664 0.5204166666666666 0.04375 0.05583333333333333
2 0.49895833333333334 0.5433333333333333 0.06979166666666667 0.07833333333333334
6 0.19036458333333334 0.14 0.0203125 0.075
6 0.3859375 0.155 0.016666666666666666 0.07166666666666667
2 0.4161458333333333 0.5116666666666667 0.03333333333333333 0.045
2 0.37473958333333335 0.5120833333333334 0.011979166666666607 0.020833333333333332
2 0.3919270833333333 0.5108333333333334 0.013020833333333334 0.013333333333333334
2 0.20807291666666666 0.5575 0.10052083333333334 0.08833333333333333
0 0.54609375 0.5133333333333333 0.013020833333333334 0.058333333333333334
2 0.3984375 0.5104166666666666 0.00625 0.010833333333333334
2 0.32916666666666666 0.5220833333333333 0.019791666666666666 0.03916666666666667
2 0.33255208333333336 0.5116666666666667 0.03177083333333333 0.043333333333333335
0 0.5557291666666667 0.5066666666666667 0.007291666666666667 0.04833333333333333
2 0.6600818452380952 0.36214285714285716 0.02046130952380949 0.07714285714285712
0 0.5342633928571429 0.5123809523809524 0.011383928571428588 0.05928571428571426
0 0.5407986111111112 0.5233333333333332 0.007291666666666667 0.03444444444444438
0 0.5193033854166667 0.49822916666666667 0.010872395833333333 0.030625
0 0.5268229166666667 0.5057142857142858 0.010193452380952372 0.05333333333333334
2 0.4685639880952381 0.5161904761904763 0.021205357142857175 0.047857142857142966
2 0.4598090277777777 0.5059722222222222 0.027604166666666666 0.04805555555555562
2 0.4424107142857144 0.5086309523809524 0.016517857142857178 0.02869047619047611
