2 0.08723958333333333 0.6595833333333333 0.17447916666666666 0.1975
2 0.32421875 0.56125 0.0828125 0.08083333333333333
2 0.37734375 0.5425 0.049479166666666664 0.055
2 0.3997395833333333 0.5329166666666667 0.0390625 0.0525
2 0.4203125 0.52875 0.021875 0.0425
2 0.43203125 0.5270833333333333 0.019270833333333334 0.0325
2 0.46875 0.5229166666666667 0.027083333333333334 0.029166666666666667
2 0.5125 0.5175 0.026041666666666668 0.03666666666666667
6 0.48072916666666665 0.44208333333333333 0.0020833333333333333 0.010833333333333334
6 0.5127604166666667 0.44125 0.0026041666666666665 0.0125
2 0.5372395833333333 0.5129166666666667 0.015104166666666667 0.019166666666666665
2 0.6153645833333333 0.5491666666666667 0.08177083333333333 0.10166666666666667
2 0.57421875 0.5245833333333333 0.04635416666666667 0.07083333333333333
2 0.5481770833333334 0.5208333333333334 0.011979166666666667 0.03166666666666667
0 0.5205729166666667 0.4975 0.0026041666666666665 0.0033333333333333335
2 0.09427083333333333 0.5579166666666666 0.0875 0.06916666666666667
2 0.8942708333333333 0.49625 0.09791666666666667 0.05583333333333333
2 0.4625 0.51375 0.011458333333333333 0.014166666666666666
2 0.4830729166666667 0.5104166666666666 0.008854166666666666 0.0175
6 0.57734375 0.47125 0.0036458333333333334 0.014166666666666666
6 0.5666666666666667 0.44166666666666665 0.005208333333333333 0.015
2 0.49453125 0.51375 0.0067708333333333336 0.009166666666666667
2 0.5299479166666666 0.50875 0.0109375 0.0175
2 0.48885995370370366 0.5129629629629628 0.0046875 0.011666666666666667
2 0.5765625 0.5433333333333333 0.01875 0.065
6 0.43677083333333333 0.4765833333333333 0.003541666666666643 0.013166666666666629
2 0.4755642361111111 0.508611111111111 0.007378472222222202 0.013888888888888857
6 0.5616666666666666 0.4776666666666667 0.003125 0.013000000000000018
2 0.5502604166666667 0.5245833333333333 0.005729166666666666 0.034166666666666665
2 0.46822916666666664 0.5083333333333333 0.014583333333333334 0.013333333333333334
