2 0.4661458333333333 0.5095833333333334 0.009375 0.0175
2 0.3953125 0.5429166666666667 0.07604166666666666 0.07416666666666667
2 0.4557291666666667 0.50875 0.013541666666666667 0.024166666666666666
2 0.46067708333333335 0.50875 0.0067708333333333336 0.0225
2 0.4510416666666667 0.5129166666666667 0.008333333333333333 0.0225
2 0.4395833333333333 0.5075 0.021875 0.03666666666666667
2 0.43776041666666665 0.5145833333333333 0.011979166666666667 0.029166666666666667
2 0.4231770833333333 0.5129166666666667 0.027604166666666666 0.03916666666666667
2 0.39479166666666665 0.49833333333333335 0.029166666666666667 0.013333333333333334
2 0.3703125 0.5289166666666666 0.03916666666666669 0.05149999999999996
2 0.5044270833333333 0.5183333333333333 0.049479166666666664 0.06833333333333333
0 0.12213541666666666 0.5629166666666666 0.03802083333333333 0.1375
0 0.7203125 0.5233333333333333 0.027083333333333334 0.09666666666666666
2 0.9026041666666667 0.8016666666666666 0.19479166666666667 0.39666666666666667
0 0.9973958333333334 0.5554166666666667 0.005208333333333333 0.09416666666666666
2 0.9223958333333333 0.5389999999999999 0.15375000000000003 0.10366666666666664
6 0.49765625 0.31333333333333335 0.0078125 0.03833333333333333
6 0.4010416666666667 0.31125 0.010416666666666666 0.04083333333333333
6 0.2640625 0.4125 0.008333333333333333 0.03666666666666667
6 0.03546006944444445 0.3343055555555556 0.02578125 0.0752777777777778
6 0.05182291666666667 0.4066666666666667 0.0140625 0.04
6 0.8138020833333334 0.3425 0.022395833333333334 0.07833333333333334
6 0.6997395833333333 0.26208333333333333 0.018229166666666668 0.05416666666666667
0 0.6611979166666667 0.5170833333333333 0.0203125 0.0775
0 0.5950260416666667 0.5076666666666667 0.010885416666666713 0.04583333333333333
2 0.5390625 0.50375 0.021875 0.03916666666666667
2 0.5377604166666666 0.5091666666666667 0.0078125 0.028333333333333332
2 0.5598958333333334 0.51375 0.035416666666666666 0.04416666666666667
2 0.5643229166666667 0.5229166666666667 0.0390625 0.0475
2 0.5440104166666667 0.5104166666666666 0.011979166666666667 0.0375
0 0.5825520833333333 0.50625 0.0078125 0.0375
2 0.4788628472222223 0.5089583333333334 0.010677083333333334 0.01180555555555562
2 0.5290625 0.49933333333333335 0.008333333333333333 0.014333333333333372
6 0.6447916666666667 0.4245833333333333 0.0125 0.0425
