2 0.4393229166666667 0.52875 0.034895833333333334 0.03916666666666667
2 0.042708333333333334 0.5620833333333334 0.08541666666666667 0.04083333333333333
2 0.12421875 0.55625 0.09010416666666667 0.0375
2 0.16848958333333333 0.5504166666666667 0.04010416666666667 0.04583333333333333
2 0.5427083333333333 0.5233333333333333 0.030208333333333334 0.04
2 0.48151041666666666 0.5083333333333333 0.011979166666666667 0.016666666666666666
2 0.6440104166666667 0.50875 0.04114583333333333 0.04416666666666667
2 0.6203125 0.5095833333333334 0.021875 0.035833333333333335
2 0.6088541666666667 0.5116666666666667 0.015625 0.02666666666666667
2 0.5953125 0.5120833333333333 0.013541666666666667 0.024166666666666666
6 0.45989583333333334 0.35291666666666666 0.010416666666666666 0.04583333333333333
6 0.5419270833333333 0.3433333333333333 0.0078125 0.043333333333333335
6 0.7783854166666667 0.24375 0.025520833333333333 0.0825
2 0.93046875 0.50875 0.1390625 0.09916666666666667
2 0.4981770833333333 0.515 0.016145833333333335 0.025
6 0.83359375 0.17166666666666666 0.028645833333333332 0.09333333333333334
6 0.7125 0.38875 0.013541666666666667 0.0675
6 0.17265625 0.345 0.019270833333333334 0.06
6 0.13567708333333334 0.32708333333333334 0.022395833333333334 0.07416666666666667
0 0.14348958333333334 0.5579166666666666 0.011979166666666667 0.049166666666666664
2 0.5205729166666667 0.51625 0.025520833333333333 0.030833333333333334
2 0.9966145833333333 0.45 0.0067708333333333336 0.028333333333333332
2 0.7486979166666666 0.505 0.022395833333333334 0.02666666666666667
2 0.6684895833333333 0.5070833333333333 0.0140625 0.025833333333333333
2 0.46796875 0.51125 0.008854166666666666 0.010833333333333334
2 0.475 0.50875 0.007291666666666667 0.010833333333333334
2 0.25078125 0.5383333333333333 0.0484375 0.028333333333333332
6 0.18463541666666666 0.455 0.011979166666666667 0.025
6 0.20963541666666666 0.45416666666666666 0.0109375 0.021666666666666667
6 0.88671875 0.3229166666666667 0.022395833333333334 0.04583333333333333
6 0.9635416666666666 0.23666666666666666 0.042708333333333334 0.058333333333333334
6 0.6846354166666667 0.4141666666666667 0.009895833333333333 0.02666666666666667
6 0.6755208333333333 0.41625 0.010416666666666666 0.0225
2 0.8463541666666666 0.5016666666666667 0.017708333333333333 0.023333333333333334
