2 0.8895833333333333 0.79375 0.22083333333333333 0.4125
2 0.4942708333333333 0.5383333333333333 0.022916666666666665 0.03333333333333333
5 0.17526041666666667 0.6554166666666666 0.34010416666666665 0.32083333333333336
6 0.5190104166666667 0.4345833333333333 0.005729166666666666 0.0225
6 0.475 0.4395833333333333 0.00625 0.024166666666666666
2 0.8364583333333333 0.5004166666666666 0.08645833333333333 0.060833333333333336
2 0.5221354166666666 0.5320833333333334 0.022395833333333334 0.025833333333333333
6 0.3328125 0.4425 0.008333333333333333 0.028333333333333332
6 0.4436979166666666 0.3789166666666667 0.009687499999999953 0.04083333333333333
6 0.3664583333333333 0.3775833333333333 0.008333333333333333 0.03916666666666667
6 0.6327083333333334 0.3853333333333333 0.011666666666666714 0.03733333333333334
6 0.6224999999999999 0.4063333333333333 0.009999999999999905 0.030333333333333313
2 0.67890625 0.52 0.021354166666666667 0.018333333333333333
2 0.7484375 0.515 0.08125 0.045
2 0.4703125 0.5283333333333333 0.0125 0.015
2 0.42526041666666664 0.5541666666666667 0.0453125 0.055
2 0.4484375 0.5420833333333334 0.021875 0.034166666666666665
2 0.5869791666666668 0.5234166666666668 0.02000000000000005 0.029500000000000075
2 0.5750868055555556 0.5240277777777779 0.00954861111111119 0.02361111111111124
2 0.5684151785714284 0.5255357142857142 0.010193452380952314 0.019166666666666665
2 0.563136574074074 0.5257407407407407 0.006481481481481547 0.018333333333333333
5 0.7915364583333333 0.4990625 0.0265625 0.035
2 0.6553385416666667 0.5225 0.012239583333333333 0.016666666666666666
2 0.7283854166666667 0.5058333333333334 0.0171875 0.013333333333333334
2 0.027994791666666668 0.5772916666666666 0.055989583333333336 0.02375
2 0.07682291666666667 0.5675 0.04114583333333333 0.025
2 0.47942708333333334 0.52375 0.0078125 0.010833333333333334
7 0.6401692708333333 0.4532291666666667 0.0069010416666666664 0.016875
6 0.6038628472222223 0.46173611111111107 0.00390625 0.013194444444444476
7 0.5940104166666667 0.47208333333333335 0.0026041666666666665 0.0125
7 0.6092075892857144 0.4613095238095237 0.005543154761904627 0.015
7 0.30052083333333335 0.46625 0.010416666666666666 0.0225
7 0.34239583333333334 0.4945833333333333 0.00458333333333331 0.0125
