2 0.44895833333333335 0.5220833333333333 0.028125 0.0325
2 0.10651041666666666 0.7375 0.21302083333333333 0.38
2 0.07864583333333333 0.5425 0.06458333333333334 0.015
2 0.15494791666666666 0.54875 0.07447916666666667 0.034166666666666665
2 0.190625 0.5429166666666667 0.053125 0.0425
2 0.5388020833333333 0.5195833333333333 0.028645833333333332 0.0375
2 0.48203125 0.50625 0.0109375 0.014166666666666666
2 0.6341145833333334 0.50625 0.03697916666666667 0.04083333333333333
2 0.6130208333333333 0.5070833333333333 0.020833333333333332 0.034166666666666665
2 0.59921875 0.5083333333333333 0.016145833333333335 0.02666666666666667
2 0.58984375 0.5091666666666667 0.011979166666666667 0.023333333333333334
6 0.10442708333333334 0.08375 0.03802083333333333 0.12916666666666668
6 0.32890625 0.0825 0.027604166666666666 0.135
6 0.46380208333333334 0.36666666666666664 0.009895833333333333 0.04
6 0.5369791666666667 0.35791666666666666 0.007291666666666667 0.03916666666666667
6 0.7385416666666667 0.2808333333333333 0.020833333333333332 0.065
2 0.8994791666666667 0.5033333333333333 0.14375 0.08333333333333333
2 0.49661458333333336 0.51375 0.0171875 0.025833333333333333
6 0.775 0.22583333333333333 0.019791666666666666 0.07833333333333334
6 0.6875 0.39916666666666667 0.0125 0.058333333333333334
6 0.2125 0.3616666666666667 0.016666666666666666 0.05
6 0.18671875 0.3475 0.019270833333333334 0.06833333333333333
0 0.17161458333333332 0.5375 0.011979166666666667 0.025
2 0.5182291666666666 0.5133333333333333 0.022916666666666665 0.03166666666666667
2 0.96953125 0.47375 0.0609375 0.06916666666666667
2 0.7296875 0.5033333333333333 0.020833333333333332 0.025
2 0.7130208333333333 0.5079166666666667 0.008333333333333333 0.0175
2 0.6588541666666666 0.505 0.015625 0.025
2 0.46640625 0.5083333333333333 0.008854166666666666 0.011666666666666667
2 0.4744791666666667 0.5070833333333333 0.007291666666666667 0.010833333333333334
2 0.2671875 0.5329166666666667 0.035416666666666666 0.024166666666666666
6 0.21848958333333332 0.45666666666666667 0.009895833333333333 0.021666666666666667
6 0.24036458333333333 0.45666666666666667 0.009895833333333333 0.02
6 0.8174479166666667 0.32083333333333336 0.027604166666666666 0.03833333333333333
6 0.6643229166666667 0.4225 0.008854166666666666 0.023333333333333334
6 0.6565104166666667 0.42291666666666666 0.008854166666666666 0.019166666666666665
