2 0.84140625 0.6729166666666667 0.3171875 0.2941666666666667
2 0.5221354166666666 0.54 0.0515625 0.06833333333333333
5 0.4669270833333333 0.5195833333333333 0.0359375 0.0525
2 0.40677083333333336 0.5304166666666666 0.05 0.035833333333333335
6 0.5393229166666667 0.4195833333333333 0.005729166666666666 0.0225
6 0.4984375 0.425 0.005208333333333333 0.023333333333333334
2 0.8263020833333333 0.47875 0.07864583333333333 0.0525
2 0.5440104166666667 0.5120833333333333 0.0171875 0.025833333333333333
6 0.37161458333333336 0.42833333333333334 0.009895833333333333 0.02666666666666667
6 0.471875 0.3745833333333333 0.007291666666666667 0.035833333333333335
6 0.4036458333333333 0.375 0.008333333333333333 0.03666666666666667
6 0.6427083333333333 0.37683333333333335 0.010416666666666666 0.035
6 0.6341666666666668 0.39408333333333334 0.010000000000000142 0.0275
2 0.6979166666666666 0.49833333333333335 0.0125 0.015
2 0.4986979166666667 0.5053333333333334 0.009895833333333333 0.012000000000000077
2 0.4869791666666667 0.5184166666666666 0.005416666666666655 0.0225
2 0.4912326388888889 0.5152777777777778 0.004340277777777798 0.02
2 0.6075520833333333 0.5020833333333333 0.0234375 0.029166666666666667
2 0.59453125 0.5034722222222223 0.0109375 0.02361111111111114
2 0.5870225694444445 0.505 0.009461805555555595 0.019166666666666665
2 0.5813802083333334 0.505625 0.006510416666666667 0.01625
0 0.329265873015873 0.5242063492063491 0.007291666666666667 0.018968253968254013
2 0.0259375 0.5575833333333333 0.032708333333333325 0.020833333333333332
2 0.10729166666666669 0.5508333333333334 0.05229166666666669 0.019333333333333372
2 0.1390625 0.5420833333333334 0.041145833333333305 0.023333333333333334
2 0.18550347222222224 0.5344444444444444 0.035243055555555534 0.021666666666666667
2 0.3107291666666666 0.5251666666666667 0.029999999999999954 0.018333333333333333
2 0.3032118055555555 0.52875 0.022916666666666665 0.0125
7 0.64921875 0.43833333333333335 0.005729166666666666 0.015
7 0.3474640376984127 0.45208333333333334 0.00906498015873017 0.02
