2 0.8966145833333333 0.8 0.20677083333333332 0.4
2 0.4934895833333333 0.5383333333333333 0.022395833333333334 0.03333333333333333
5 0.16432291666666668 0.6720833333333334 0.32864583333333336 0.3575
2 0.28619791666666666 0.5491666666666667 0.0109375 0.01
6 0.51796875 0.4345833333333333 0.005729166666666666 0.0225
6 0.4739583333333333 0.4395833333333333 0.00625 0.024166666666666666
2 0.8388020833333333 0.5 0.0890625 0.065
2 0.52109375 0.5320833333333334 0.022395833333333334 0.025833333333333333
6 0.33046875 0.4425 0.008854166666666666 0.028333333333333332
6 0.44192708333333336 0.3779166666666667 0.009895833333333333 0.04083333333333333
6 0.3640625 0.37625 0.008333333333333333 0.03916666666666667
6 0.6329861111111111 0.38444444444444437 0.011805555555555595 0.037777777777777764
6 0.6221354166666667 0.4058333333333333 0.009895833333333333 0.03
2 0.6778645833333333 0.52125 0.022395833333333334 0.0175
2 0.7486979166666666 0.5158333333333334 0.08177083333333333 0.04666666666666667
2 0.46875 0.5295833333333333 0.011458333333333333 0.0175
2 0.42265625 0.5566666666666666 0.04635416666666667 0.056666666666666664
2 0.44635416666666666 0.5429166666666667 0.023958333333333335 0.034166666666666665
2 0.5864583333333333 0.5239166666666666 0.02020833333333343 0.029833333333333295
2 0.5744502314814817 0.5244907407407408 0.009664351851851905 0.02379629629629638
2 0.5675967261904761 0.5260119047619048 0.010342261904761804 0.019166666666666665
2 0.5621527777777778 0.5261111111111112 0.006597222222222262 0.018333333333333333
5 0.7923177083333334 0.4996875 0.027604166666666666 0.035
2 0.6552083333333333 0.5229166666666667 0.013541666666666667 0.0175
2 0.008333333333333333 0.58 0.016666666666666666 0.02
2 0.47855902777777776 0.5239351851851851 0.007928240740740715 0.010462962962963047
7 0.6404947916666667 0.453125 0.00703125 0.017083333333333332
6 0.6035590277777777 0.4615277777777778 0.003993055555555476 0.013611111111111048
7 0.59390625 0.47225000000000006 0.002812500000000047 0.0125
7 0.6092447916666667 0.4608333333333333 0.00546875 0.015
7 0.297337962962963 0.46569444444444436 0.010300925925925953 0.022870370370370287
7 0.32985026041666665 0.4946875 0.0056640625 0.0125
7 0.3405066287878788 0.49454545454545457 0.0046875 0.012575757575757601
