2 0.8625 0.7820833333333334 0.275 0.43583333333333335
2 0.50234375 0.5379166666666667 0.024479166666666666 0.035833333333333335
5 0.32447916666666665 0.59125 0.15625 0.1725
6 0.52578125 0.43583333333333335 0.005729166666666666 0.023333333333333334
6 0.4822916666666667 0.44166666666666665 0.005208333333333333 0.023333333333333334
2 0.8283854166666667 0.49833333333333335 0.07864583333333333 0.06166666666666667
2 0.52890625 0.5316666666666666 0.021354166666666667 0.02666666666666667
6 0.34609375 0.44625 0.008854166666666666 0.0275
6 0.45390625 0.3847499999999999 0.008437499999999964 0.0398333333333333
6 0.3796875 0.38375 0.008333333333333333 0.03916666666666667
6 0.6343229166666667 0.38999999999999996 0.0109375 0.03633333333333335
6 0.6253125000000002 0.4091666666666667 0.010208333333333404 0.03
2 0.6833333333333333 0.5175 0.019791666666666666 0.018333333333333333
2 0.7479166666666667 0.5145833333333333 0.078125 0.04416666666666667
2 0.4786458333333333 0.5270833333333333 0.011458333333333333 0.015833333333333335
2 0.44140625 0.54875 0.0390625 0.0475
2 0.46041666666666664 0.5379166666666667 0.017708333333333333 0.030833333333333334
2 0.5953776041666666 0.5225 0.024609375 0.02875
2 0.5807291666666666 0.5229166666666667 0.009375 0.0225
2 0.5739149305555556 0.5245138888888888 0.010503472222222143 0.019305555555555617
2 0.5688802083333333 0.5249305555555556 0.005642361111111072 0.018194444444444475
5 0.7881655092592592 0.4984722222222222 0.022743055555555478 0.03824074074074076
2 0.6576822916666667 0.5220833333333333 0.005989583333333334 0.015833333333333335
2 0.721484375 0.5109375 0.02890625 0.023125
2 0.052306547619047614 0.5751190476190475 0.06577380952380953 0.024523809523809444
2 0.10182291666666667 0.5643518518518519 0.04114583333333333 0.025
2 0.1507378472222222 0.5554166666666667 0.03949652777777777 0.021666666666666667
7 0.6416666666666668 0.4555092592592592 0.0061342592592592855 0.01564814814814819
7 0.6103298611111111 0.46322916666666675 0.006336805555555477 0.014513888888888953
7 0.31875 0.4683333333333333 0.009027777777777798 0.021296296296296285
7 0.35494791666666664 0.4945833333333333 0.0046875 0.0125
