2 0.48802083333333335 0.53375 0.019791666666666666 0.0275
2 0.16067708333333333 0.5708333333333333 0.06927083333333334 0.05
6 0.5201822916666666 0.4139583333333333 0.005989583333333334 0.027916666666666666
6 0.4666666666666667 0.42 0.007291666666666667 0.03
2 0.9453125 0.49916666666666665 0.109375 0.08666666666666667
2 0.52265625 0.5325 0.0234375 0.03
6 0.2877604166666667 0.4170833333333333 0.0109375 0.0375
6 0.41640625 0.317375 0.012812499999999952 0.05691666666666663
6 0.30731770833333333 0.31379166666666664 0.012552083333333287 0.05524999999999996
6 0.6663541666666667 0.3485000000000001 0.014895833333333405 0.048166666666666726
6 0.6509895833333333 0.3755416666666667 0.013124999999999906 0.03824999999999998
2 0.6947916666666667 0.5216666666666666 0.020833333333333332 0.02
2 0.796875 0.5175 0.10208333333333333 0.055
2 0.45859375 0.5279166666666667 0.018229166666666668 0.020833333333333332
2 0.2903645833333333 0.6129166666666667 0.15572916666666667 0.14916666666666667
2 0.4041666666666667 0.5558333333333333 0.051041666666666666 0.058333333333333334
6 0.29583333333333334 0.41875 0.010416666666666666 0.034166666666666665
2 0.600390625 0.523125 0.029947916666666668 0.03375
2 0.5828703703703704 0.5227314814814814 0.013425925925925952 0.02675925925925924
2 0.5742838541666667 0.52453125 0.011588541666666667 0.0209375
2 0.5673735119047619 0.525 0.009747023809523843 0.02
0 0.7122395833333334 0.5204166666666666 0.005729166666666666 0.0175
5 0.8599609375 0.5017708333333334 0.05768229166666667 0.050208333333333334
2 0.6711805555555556 0.5213888888888889 0.013541666666666667 0.018333333333333333
0 0.240625 0.5436666666666666 0.010416666666666666 0.021666666666666667
2 0.05484375 0.5544166666666667 0.04864583333333334 0.02283333333333341
2 0.24557291666666667 0.54125 0.03802083333333333 0.019166666666666665
2 0.21302083333333333 0.55 0.046875 0.016666666666666666
2 0.47296875 0.5201666666666667 0.013020833333333334 0.01233333333333339
7 0.6796875 0.43416666666666665 0.010416666666666666 0.021666666666666667
6 0.6252604166666668 0.4475 0.0063244047619048635 0.03833333333333333
7 0.6111979166666667 0.46166666666666667 0.0046875 0.015
7 0.6060132575757574 0.46003787878787883 0.005587121212121104 0.013560606060606044
7 0.645796130952381 0.4375595238095237 0.010193452380952431 0.01726190476190472
7 0.2121527777777778 0.4361111111111111 0.015277777777777739 0.02944444444444443
7 0.290625 0.48260416666666667 0.00625 0.014791666666666667
7 0.30538194444444444 0.4825 0.00625 0.01472222222222219
