2 0.48880208333333336 0.5275 0.019270833333333334 0.02666666666666667
2 0.13828125 0.5679166666666666 0.07447916666666667 0.0525
6 0.5216145833333333 0.40458333333333335 0.005729166666666666 0.029166666666666667
6 0.4666666666666667 0.41041666666666665 0.007291666666666667 0.030833333333333334
2 0.9567708333333333 0.495 0.08645833333333333 0.09
2 0.5239583333333333 0.5279166666666667 0.023958333333333335 0.030833333333333334
6 0.27838541666666666 0.40541666666666665 0.0109375 0.0375
6 0.41171875 0.29962500000000003 0.013437499999999976 0.06241666666666665
6 0.2959114583333333 0.29554166666666665 0.01473958333333331 0.060750000000000026
6 0.6751041666666668 0.33549999999999996 0.015520833333333428 0.051166666666666645
6 0.6581770833333334 0.3657916666666667 0.014374999999999952 0.039749999999999994
2 0.6974999999999999 0.5165416666666666 0.024374999999999977 0.021583333333333315
2 0.8078125 0.5133333333333333 0.10520833333333333 0.06
2 0.45859375 0.5233333333333333 0.018229166666666668 0.021666666666666667
2 0.21432291666666667 0.6425 0.23385416666666667 0.21333333333333335
2 0.39348958333333334 0.5520833333333334 0.0609375 0.0675
6 0.28828125 0.40791666666666665 0.011979166666666667 0.035833333333333335
2 0.603125 0.5175 0.03125 0.035
2 0.5854166666666665 0.5191666666666667 0.014062499999999882 0.02833333333333343
2 0.5762369791666667 0.51921875 0.012369791666666666 0.0215625
2 0.5700520833333333 0.52 0.008854166666666666 0.02
0 0.7167317708333333 0.5160416666666666 0.005338541666666667 0.01875
5 0.87421875 0.4970833333333333 0.06197916666666667 0.050833333333333335
2 0.6760416666666667 0.5158333333333334 0.016666666666666666 0.018333333333333333
0 0.234375 0.5320833333333334 0.010416666666666666 0.0125
2 0.03984375 0.54875 0.049479166666666664 0.024166666666666666
2 0.23515625 0.5316666666666666 0.044270833333333336 0.013333333333333334
2 0.47310606060606053 0.5167045454545456 0.014678030303030217 0.012803030303030406
7 0.6900390625 0.42510416666666667 0.010807291666666666 0.022291666666666668
6 0.6309895833333333 0.4404166666666667 0.0067708333333333336 0.0425
7 0.6166666666666667 0.45416666666666666 0.005208333333333333 0.016666666666666666
7 0.6105902777777779 0.4555555555555556 0.005902777777777739 0.013888888888888857
7 0.6565104166666667 0.42791666666666667 0.011979166666666667 0.020833333333333332
7 0.19327256944444446 0.4246527777777778 0.017100694444444436 0.029861111111111095
7 0.284375 0.47541666666666665 0.00625 0.014166666666666666
7 0.29947916666666674 0.4772222222222222 0.006712962962962976 0.015740740740740763
