2 0.8416666666666667 0.6783333333333333 0.31666666666666665 0.295
2 0.5213541666666667 0.53375 0.034375 0.0525
5 0.453125 0.53 0.04895833333333333 0.065
2 0.3690104166666667 0.5383333333333333 0.06302083333333333 0.03833333333333333
6 0.5393229166666667 0.4245833333333333 0.005729166666666666 0.0225
6 0.4984375 0.43 0.005208333333333333 0.023333333333333334
2 0.8263020833333333 0.4841666666666667 0.0796875 0.055
2 0.54375 0.5170833333333333 0.01875 0.0275
6 0.37057291666666664 0.43375 0.005729166666666666 0.025833333333333333
6 0.4720572916666666 0.3793333333333333 0.008697916666666632 0.035833333333333335
6 0.4041666666666667 0.37916666666666665 0.008333333333333333 0.03833333333333333
6 0.6427083333333333 0.3816666666666667 0.010416666666666666 0.033833333333333354
6 0.6340104166666666 0.3992916666666667 0.009375 0.026916666666666724
2 0.765625 0.495 0.05625 0.04
2 0.49713541666666666 0.51 0.0109375 0.013333333333333334
2 0.48098958333333336 0.52375 0.013020833333333334 0.0275
2 0.4859002976190476 0.5191666666666667 0.011681547619047569 0.023333333333333334
2 0.6071614583333333 0.5066666666666667 0.023697916666666666 0.028333333333333332
2 0.59296875 0.5079166666666667 0.008854166666666666 0.0225
2 0.5872395833333334 0.5088194444444445 0.009895833333333333 0.019027777777777713
2 0.58125 0.5095833333333334 0.005208333333333333 0.0175
2 0.7038194444444444 0.5015277777777778 0.01423611111111119 0.018611111111111047
0 0.3257291666666667 0.5289166666666667 0.007291666666666667 0.015500000000000019
2 0.02734375 0.5641666666666667 0.03038194444444445 0.023888888888889046
2 0.10515350877192982 0.5557456140350878 0.0474232456140351 0.01780701754385973
2 0.13836805555555556 0.5481944444444444 0.03854166666666668 0.023055555555555617
2 0.18506250000000002 0.5394000000000002 0.035750000000000025 0.021666666666666667
2 0.30980902777777786 0.5291666666666667 0.02641369047619051 0.018333333333333333
2 0.3033854166666667 0.5333333333333333 0.0234375 0.015
7 0.64921875 0.4425 0.005729166666666666 0.015
7 0.34739583333333335 0.4576388888888889 0.009722222222222203 0.021388888888888954
