2 0.5223958333333333 0.5591666666666667 0.0625 0.08166666666666667
2 0.9966145833333333 0.9216666666666666 0.0067708333333333336 0.15666666666666668
2 0.840625 0.6795833333333333 0.31875 0.2825
2 0.03307291666666667 0.5704166666666667 0.034895833333333334 0.0275
2 0.11171875 0.5633333333333334 0.050520833333333334 0.021666666666666667
2 0.14791666666666667 0.5529166666666666 0.05416666666666667 0.024166666666666666
2 0.19609375 0.5466666666666666 0.0546875 0.023333333333333334
2 0.30416666666666664 0.5429166666666667 0.023958333333333335 0.015833333333333335
2 0.31354166666666666 0.5354166666666667 0.029166666666666667 0.019166666666666665
2 0.8216145833333334 0.49 0.06927083333333334 0.05333333333333334
2 0.7908854166666667 0.49125 0.022395833333333334 0.04583333333333333
2 0.6072916666666667 0.5133333333333333 0.023958333333333335 0.028333333333333332
2 0.59609375 0.51375 0.011979166666666667 0.024166666666666666
2 0.5890625 0.51625 0.010416666666666666 0.020833333333333332
2 0.5833333333333334 0.51625 0.007291666666666667 0.0175
2 0.54453125 0.5233333333333333 0.019270833333333334 0.02666666666666667
2 0.42604166666666665 0.5370833333333334 0.03854166666666667 0.035833333333333335
2 0.47239583333333335 0.5279166666666667 0.035416666666666666 0.04583333333333333
2 0.5221354166666666 0.51 0.0078125 0.015
2 0.7 0.5091666666666667 0.009375 0.018333333333333333
6 0.34817708333333336 0.46291666666666664 0.010416666666666666 0.020833333333333332
6 0.3729166666666667 0.44 0.010416666666666666 0.025
6 0.378125 0.4870833333333333 0.004166666666666667 0.0125
6 0.3684895833333333 0.48791666666666667 0.0046875 0.0125
6 0.40460069444444446 0.3854166666666667 0.007291666666666667 0.03666666666666667
6 0.4734375 0.38625 0.008333333333333333 0.035833333333333335
6 0.49921875 0.43666666666666665 0.005729166666666666 0.023333333333333334
6 0.53984375 0.43 0.0046875 0.023333333333333334
2 0.52890625 0.5145833333333333 0.0078125 0.0075
2 0.5291666666666667 0.5129166666666667 0.010416666666666666 0.010833333333333334
5 0.5127604166666667 0.5141666666666667 0.008854166666666666 0.008333333333333333
2 0.5002604166666667 0.5145833333333333 0.009895833333333333 0.0125
6 0.6427083333333333 0.38958333333333334 0.010416666666666666 0.035833333333333335
6 0.6346354166666667 0.4033333333333333 0.009895833333333333 0.035
0 0.3302083333333333 0.5341666666666667 0.008333333333333333 0.016666666666666666
2 0.34270833333333334 0.53875 0.021875 0.025833333333333333
6 0.6497395833333334 0.44916666666666666 0.005729166666666666 0.015
6 0.6166666666666667 0.4575 0.009375 0.01
6 0.6059895833333333 0.4666666666666667 0.0036458333333333334 0.015
2 0.4895833333333333 0.52375 0.008333333333333333 0.0225
2 0.49244791666666665 0.5141666666666667 0.0078125 0.011666666666666667
