2 0.84375 0.6958333333333333 0.3125 0.30666666666666664
2 0.5184895833333333 0.53875 0.027604166666666666 0.04083333333333333
5 0.4276041666666667 0.55125 0.06979166666666667 0.08916666666666667
2 0.33932291666666664 0.55375 0.06822916666666666 0.03916666666666667
6 0.53828125 0.4354166666666667 0.005729166666666666 0.0225
6 0.49765625 0.44208333333333333 0.005729166666666666 0.0225
2 0.8268229166666666 0.49666666666666665 0.08072916666666667 0.051666666666666666
2 0.5416666666666666 0.5283333333333333 0.019791666666666666 0.025
6 0.3684895833333333 0.44666666666666666 0.0067708333333333336 0.028333333333333332
6 0.4705729166666666 0.38958333333333334 0.0078125 0.036666666666666715
6 0.40208333333333335 0.3904166666666667 0.008333333333333333 0.035833333333333335
6 0.641796875 0.3918749999999999 0.010156250000000118 0.03541666666666662
6 0.633203125 0.41041666666666665 0.010156249999999882 0.0275
2 0.69140625 0.5141666666666667 0.0140625 0.015
2 0.7549479166666667 0.51 0.06927083333333334 0.041666666666666664
2 0.4947916666666667 0.5241666666666667 0.010416666666666666 0.013333333333333334
2 0.46901041666666665 0.5391666666666667 0.0265625 0.03833333333333333
2 0.4836805555555556 0.532638888888889 0.01076388888888887 0.026388888888888858
2 0.6065104166666667 0.5189583333333333 0.0234375 0.028333333333333332
2 0.592578125 0.5195833333333333 0.011197916666666667 0.023333333333333334
2 0.5859375 0.5220833333333333 0.009375 0.019166666666666665
2 0.5807725694444444 0.5222222222222223 0.0058159722222221434 0.0175
2 0.7109375 0.5120833333333333 0.029166666666666667 0.021388888888888857
0 0.323046875 0.5401041666666667 0.006510416666666667 0.014791666666666667
2 0.0234375 0.5779166666666666 0.029166666666666667 0.025833333333333333
2 0.10065104166666666 0.569513888888889 0.04869791666666667 0.021805555555555522
2 0.13378314393939394 0.559659090909091 0.03735795454545453 0.024166666666666666
2 0.18294270833333334 0.55 0.03723958333333333 0.021666666666666667
2 0.3079166666666666 0.5406666666666666 0.025625000000000023 0.018333333333333333
2 0.29348958333333336 0.5454166666666667 0.04010416666666667 0.014166666666666666
7 0.648251488095238 0.4551190476190476 0.005729166666666666 0.015
7 0.3454282407407407 0.46824074074074085 0.008796296296296309 0.01870370370370381
