2 0.8432291666666667 0.6954166666666667 0.31354166666666666 0.30416666666666664
2 0.5190104166666667 0.53875 0.028645833333333332 0.0425
5 0.4315104166666667 0.5483333333333333 0.06614583333333333 0.085
2 0.3416666666666667 0.5529166666666666 0.06770833333333333 0.03916666666666667
6 0.5388020833333333 0.43583333333333335 0.005729166666666666 0.023333333333333334
6 0.4973958333333333 0.44125 0.00625 0.0225
2 0.8263020833333333 0.49583333333333335 0.0796875 0.05333333333333334
2 0.5421875 0.5279166666666667 0.01875 0.025833333333333333
6 0.3692708333333333 0.44583333333333336 0.007291666666666667 0.02666666666666667
6 0.4711979166666666 0.38908333333333334 0.0078125 0.036166666666666694
6 0.403125 0.3908333333333333 0.008333333333333333 0.035
6 0.6421875000000001 0.39149999999999996 0.010625000000000048 0.03566666666666663
6 0.63359375 0.40941666666666665 0.010312499999999976 0.0275
2 0.6901041666666666 0.5141666666666667 0.010416666666666666 0.016666666666666666
2 0.7549479166666667 0.5104166666666666 0.06927083333333334 0.0425
2 0.4953125 0.52375 0.010416666666666666 0.014166666666666666
2 0.4708333333333333 0.5375 0.027083333333333334 0.035
2 0.48459201388888895 0.5315972222222223 0.010503472222222202 0.02597222222222219
2 0.6065104166666667 0.5183333333333333 0.0234375 0.028333333333333332
2 0.59287109375 0.5192708333333333 0.011002604166666667 0.023333333333333334
2 0.58671875 0.5216666666666666 0.008854166666666666 0.02
2 0.5811631944444445 0.5204166666666666 0.005729166666666666 0.0175
2 0.710546875 0.5114583333333333 0.028385416666666666 0.02097222222222219
0 0.32395833333333335 0.5391666666666667 0.006458333333333321 0.015999999999999945
2 0.024609375 0.5760416666666667 0.029166666666666667 0.025833333333333333
2 0.10260416666666666 0.5668055555555557 0.04791666666666667 0.01972222222222219
2 0.13520359848484848 0.5589772727272727 0.037073863636363606 0.024166666666666666
2 0.18421223958333333 0.549375 0.03704427083333333 0.021666666666666667
2 0.3090104166666666 0.5401666666666667 0.025937499999999978 0.018333333333333333
2 0.3023065476190476 0.547202380952381 0.0252976190476191 0.016547619047619075
7 0.6484747023809523 0.45297619047619037 0.005729166666666666 0.015
7 0.3462962962962963 0.4675462962962964 0.009143518518518572 0.018981481481481523
