2 0.5205729166666667 0.5858333333333333 0.1046875 0.15
2 0.9809895833333333 0.8754166666666666 0.03697916666666667 0.24916666666666668
2 0.83359375 0.6675 0.3109375 0.275
2 0.036458333333333336 0.5629166666666666 0.0375 0.0275
2 0.11614583333333334 0.5570833333333334 0.04895833333333333 0.0225
2 0.15052083333333333 0.5454166666666667 0.05416666666666667 0.024166666666666666
2 0.19817708333333334 0.54 0.0546875 0.023333333333333334
2 0.3059895833333333 0.5354166666666667 0.024479166666666666 0.014166666666666666
2 0.3140625 0.52875 0.029166666666666667 0.019166666666666665
2 0.81953125 0.4841666666666667 0.06927083333333334 0.05333333333333334
2 0.78828125 0.48541666666666666 0.022395833333333334 0.04583333333333333
2 0.6078125 0.5066666666666667 0.023958333333333335 0.028333333333333332
2 0.5958333333333333 0.5079166666666667 0.0125 0.024166666666666666
2 0.5885416666666666 0.5095833333333334 0.010416666666666666 0.020833333333333332
2 0.5828125 0.50875 0.007291666666666667 0.0175
2 0.5440104166666667 0.5141666666666667 0.0203125 0.021666666666666667
2 0.44730902777777776 0.5265277777777777 0.025868055555555478 0.031388888888888765
2 0.47942708333333334 0.5183333333333333 0.028645833333333332 0.03833333333333333
2 0.5229166666666667 0.5045833333333334 0.008333333333333333 0.015833333333333335
6 0.3497395833333333 0.4566203703703703 0.009895833333333333 0.020833333333333332
6 0.37395833333333334 0.43416666666666665 0.010416666666666666 0.025
6 0.37916666666666665 0.48041666666666666 0.004166666666666667 0.0125
6 0.3690104166666667 0.48125 0.0046875 0.0125
6 0.40625 0.38 0.007291666666666667 0.03666666666666667
6 0.4739583333333333 0.3804166666666667 0.008333333333333333 0.035833333333333335
6 0.49973958333333335 0.43 0.005729166666666666 0.023333333333333334
6 0.5401041666666667 0.4241666666666667 0.005208333333333333 0.023333333333333334
2 0.7096354166666666 0.5025 0.028645833333333332 0.018333333333333333
2 0.5348958333333333 0.51125 0.007291666666666667 0.0125
2 0.52890625 0.5104166666666666 0.0078125 0.0125
2 0.5291666666666667 0.50875 0.010416666666666666 0.014166666666666666
5 0.5127604166666667 0.5083333333333333 0.008854166666666666 0.008333333333333333
2 0.5026041666666666 0.5083333333333333 0.008333333333333333 0.01
0 0.46380208333333334 0.5133333333333333 0.0036458333333333334 0.015
6 0.6427083333333333 0.3829166666666667 0.010416666666666666 0.035833333333333335
6 0.6346354166666667 0.3975 0.009895833333333333 0.035
0 0.33645833333333336 0.52625 0.007291666666666667 0.0125
2 0.34270833333333334 0.5316666666666666 0.022916666666666665 0.02666666666666667
6 0.6497395833333334 0.44333333333333336 0.005729166666666666 0.015
6 0.6166666666666667 0.4508333333333333 0.009375 0.01
6 0.6059895833333333 0.46041666666666664 0.0036458333333333334 0.014166666666666666
2 0.49322916666666666 0.51125 0.004166666666666667 0.0125
