2 0.8421875 0.6775 0.315625 0.29333333333333333
2 0.52109375 0.53125 0.0328125 0.049166666666666664
5 0.44869791666666664 0.5316666666666666 0.05260416666666667 0.07
2 0.3609375 0.53875 0.06458333333333334 0.03916666666666667
6 0.5393229166666667 0.4245833333333333 0.005729166666666666 0.0225
6 0.4984375 0.43 0.005208333333333333 0.023333333333333334
2 0.8260416666666667 0.48541666666666666 0.07916666666666666 0.05583333333333333
2 0.5427083333333333 0.51625 0.020833333333333332 0.025833333333333333
6 0.37057291666666664 0.43416666666666665 0.005729166666666666 0.02666666666666667
6 0.47213541666666664 0.37958333333333333 0.008854166666666666 0.035833333333333335
6 0.4041666666666667 0.37916666666666665 0.008333333333333333 0.03833333333333333
6 0.6427083333333333 0.38166666666666665 0.010416666666666666 0.03333333333333333
6 0.6337499999999999 0.39916666666666667 0.009583333333333381 0.02666666666666667
2 0.7651041666666667 0.49583333333333335 0.06458333333333334 0.04
2 0.49713541666666666 0.5108333333333334 0.009895833333333333 0.013333333333333334
2 0.4791666666666667 0.5254166666666666 0.016666666666666666 0.030833333333333334
2 0.48545386904761906 0.5188095238095238 0.011532738095238079 0.024047619047619075
2 0.60703125 0.5069791666666666 0.023697916666666666 0.027708333333333335
2 0.5934244791666666 0.5075520833333333 0.008854166666666666 0.023229166666666665
2 0.5872395833333334 0.5091071428571429 0.009895833333333333 0.01988095238095241
2 0.5815104166666667 0.5095833333333334 0.0046875 0.0175
2 0.7058333333333332 0.501 0.01750000000000007 0.019666666666666686
0 0.3255208333333333 0.5291666666666667 0.007291666666666667 0.015
2 0.02734375 0.5641666666666667 0.029976851851851855 0.024537037037037142
2 0.10505756578947369 0.5555921052631582 0.048382675438596534 0.01688596491228092
2 0.1378472222222222 0.5484722222222221 0.037847222222222233 0.023611111111111048
2 0.18520833333333334 0.5403333333333336 0.03604166666666669 0.021666666666666667
2 0.30915178571428575 0.5291666666666667 0.025892857142857176 0.018333333333333333
2 0.303125 0.535 0.023958333333333335 0.013333333333333334
7 0.64921875 0.44321428571428584 0.005729166666666666 0.015
7 0.34693287037037035 0.45805555555555555 0.011226851851851846 0.02074074074074076
