5 0.4348958333333333 0.5402083333333333 0.06979166666666667 0.12291666666666666
2 0.5325520833333334 0.5541666666666667 0.0671875 0.08666666666666667
2 0.38177083333333334 0.53375 0.017708333333333333 0.030833333333333334
2 0.3671875 0.5358333333333334 0.019791666666666666 0.035
2 0.3450520833333333 0.5395833333333333 0.04114583333333333 0.049166666666666664
2 0.3255208333333333 0.5475 0.040625 0.04833333333333333
2 0.30572916666666666 0.5558333333333333 0.04375 0.051666666666666666
2 0.26953125 0.5683333333333334 0.07239583333333334 0.065
0 0.24166666666666667 0.535 0.009375 0.035
0 0.23125 0.5495833333333333 0.010416666666666666 0.06416666666666666
2 0.3927083333333333 0.53375 0.014583333333333334 0.025833333333333333
2 0.50078125 0.5483333333333333 0.019270833333333334 0.06333333333333334
2 0.49166666666666664 0.5445833333333333 0.021875 0.0475
0 0.5661458333333333 0.5458333333333333 0.014583333333333334 0.08
0 0.5835503472222221 0.549861111111111 0.009982638888888928 0.07472222222222219
0 0.6888020833333334 0.5758333333333333 0.033854166666666664 0.165
0 0.7994791666666666 0.6020833333333333 0.04791666666666667 0.16916666666666666
0 0.7744791666666667 0.5766666666666667 0.027083333333333334 0.17666666666666667
0 0.81953125 0.5895833333333333 0.025520833333333333 0.16416666666666666
0 0.8411458333333334 0.5916666666666667 0.030208333333333334 0.175
6 0.24401041666666667 0.19 0.0171875 0.06666666666666667
6 0.4192708333333333 0.20125 0.015625 0.0675
6 0.8888020833333333 0.02375 0.04010416666666667 0.0475
6 0.675954861111111 0.39583333333333326 0.01857638888888881 0.06388888888888886
0 0.8826822916666667 0.5841666666666666 0.03880208333333345 0.17
0 0.85859375 0.5908333333333333 0.0109375 0.11333333333333333
0 0.5848958333333333 0.5516666666666666 0.010416666666666666 0.07333333333333333
0 0.21796875 0.5441666666666667 0.008854166666666666 0.05333333333333334
2 0.47942708333333334 0.5345833333333333 0.0140625 0.035833333333333335
2 0.36276041666666664 0.54125 0.0109375 0.034166666666666665
0 0.22421875 0.5470833333333334 0.013020833333333334 0.05583333333333333
