5 0.38958333333333334 0.5275 0.06354166666666666 0.10833333333333334
2 0.49322916666666666 0.5475 0.07291666666666667 0.09333333333333334
2 0.33880208333333334 0.5258333333333334 0.021354166666666667 0.03166666666666667
2 0.3223958333333333 0.5291666666666667 0.025 0.03833333333333333
2 0.29739583333333336 0.5325 0.04375 0.051666666666666666
2 0.27447916666666666 0.5408333333333334 0.04479166666666667 0.05
2 0.2515625 0.5504166666666667 0.05 0.05416666666666667
2 0.209375 0.5658333333333333 0.08333333333333333 0.07333333333333333
0 0.196875 0.5179166666666667 0.016666666666666666 0.030833333333333334
0 0.18177083333333333 0.53 0.009375 0.03666666666666667
2 0.35182291666666665 0.5254166666666666 0.013020833333333334 0.025833333333333333
2 0.459375 0.54 0.01875 0.065
2 0.45026041666666666 0.5345833333333333 0.021354166666666667 0.049166666666666664
0 0.5333333333333333 0.53875 0.015625 0.0875
0 0.6669270833333333 0.57 0.04114583333333333 0.18333333333333332
0 0.78984375 0.6004166666666667 0.05572916666666667 0.18416666666666667
0 0.7606770833333333 0.57125 0.03697916666666667 0.19583333333333333
0 0.8005208333333333 0.5829166666666666 0.03958333333333333 0.18083333333333335
0 0.8299479166666667 0.5854166666666667 0.03802083333333333 0.19583333333333333
6 0.16067708333333333 0.13875 0.021354166666666667 0.07916666666666666
6 0.3625 0.155 0.017708333333333333 0.075
6 0.6473524305555555 0.375 0.02126736111111107 0.07027777777777776
0 0.8721354166666667 0.5830833333333334 0.04010416666666667 0.18449999999999997
0 0.8466145833333333 0.55875 0.018229166666666668 0.12083333333333333
0 0.55078125 0.5445833333333333 0.0078125 0.06916666666666667
2 0.43854166666666666 0.5258333333333334 0.017708333333333333 0.035
2 0.31692708333333336 0.53375 0.011979166666666667 0.034166666666666665
0 0.15703125 0.5441666666666667 0.0140625 0.06166666666666667
2 0.42604166666666665 0.5220833333333333 0.009375 0.014166666666666666
