2 0.36744791666666665 0.5483333333333333 0.0515625 0.05
2 0.5768229166666666 0.5391666666666667 0.0546875 0.06833333333333333
6 0.98203125 0.28583333333333333 0.0296875 0.11083333333333334
6 0.20690104166666667 0.40770833333333334 0.01171875 0.04625
6 0.3761160714285714 0.28392857142857136 0.010565476190476215 0.047142857142857174
6 0.49427083333333327 0.28950000000000004 0.009791666666666643 0.04633333333333335
5 0.504296875 0.5341666666666667 0.08984375 0.145
2 0.5493229166666667 0.5191666666666667 0.005520833333333286 0.014666666666666685
2 0.5535937499999999 0.5321666666666667 0.013854166666666619 0.04600000000000004
2 0.3885416666666667 0.539375 0.03697916666666667 0.042083333333333334
2 0.4041666666666666 0.53375 0.03166666666666664 0.0425
2 0.4186979166666667 0.5266666666666666 0.03343749999999997 0.043333333333333335
2 0.43450520833333334 0.5258333333333334 0.016927083333333332 0.03333333333333333
2 0.4466145833333333 0.5245833333333333 0.0171875 0.029166666666666667
2 0.45598958333333334 0.52375 0.011979166666666667 0.024166666666666666
2 0.9447916666666667 0.5747222222222222 0.11041666666666666 0.1277777777777777
1 0.0171875 0.58625 0.034375 0.060833333333333336
0 0.3263392857142858 0.534047619047619 0.013541666666666667 0.06404761904761908
0 0.3145833333333333 0.5358333333333334 0.0109375 0.058333333333333334
0 0.8104166666666667 0.5584722222222223 0.022916666666666786 0.11361111111111115
0 0.7911458333333333 0.5607291666666666 0.028255208333333334 0.11916666666666667
0 0.7703125 0.5575 0.026041666666666668 0.11
0 0.7452256944444445 0.5442361111111111 0.027083333333333334 0.12069444444444438
0 0.7516493055555554 0.5641666666666666 0.0296875 0.11527777777777772
0 0.6726128472222223 0.5490277777777777 0.026996527777777855 0.12
0 0.6151041666666667 0.5323333333333333 0.013541666666666667 0.06666666666666667
0 0.6026041666666667 0.52625 0.011979166666666667 0.05333333333333334
6 0.7652994791666666 0.20598958333333334 0.025651041666666666 0.07322916666666666
6 0.6755208333333333 0.4245833333333333 0.011458333333333333 0.04583333333333333
