2 0.9903645833333333 0.585 0.019270833333333334 0.12666666666666668
2 0.28567708333333336 0.6258333333333334 0.1703125 0.16333333333333333
2 0.9247395833333333 0.53 0.12864583333333332 0.11
2 0.359375 0.5766666666666667 0.10833333333333334 0.12833333333333333
2 0.43984375 0.5433333333333333 0.0390625 0.055
2 0.45651041666666664 0.5345833333333333 0.011979166666666667 0.03916666666666667
2 0.4630208333333333 0.5345833333333333 0.011458333333333333 0.030833333333333334
2 0.46927083333333336 0.5333333333333333 0.014583333333333334 0.028333333333333332
2 0.5520833333333334 0.5191666666666667 0.013541666666666667 0.02
2 0.8174479166666667 0.48333333333333334 0.07760416666666667 0.056666666666666664
2 0.8908854166666667 0.47875 0.07135416666666666 0.05416666666666667
2 0.96015625 0.46541666666666665 0.0796875 0.05583333333333333
2 0.7653645833333333 0.49 0.0296875 0.028333333333333332
2 0.7390625 0.49166666666666664 0.028125 0.02666666666666667
2 0.71015625 0.49541666666666667 0.0296875 0.0275
2 0.5252604166666667 0.5208333333333334 0.015104166666666667 0.018333333333333333
0 0.4783854166666667 0.5233333333333333 0.005729166666666666 0.023333333333333334
2 0.47161458333333334 0.5208333333333334 0.013020833333333334 0.015
7 0.5380208333333333 0.4995833333333333 0.00625 0.014166666666666666
2 0.4119791666666667 0.525 0.013541666666666667 0.021666666666666667
5 0.2765625 0.5225 0.05416666666666667 0.04
0 0.30546875 0.5325 0.009895833333333333 0.025
5 0.9605034722222221 0.43138888888888893 0.0789930555555556 0.05666666666666671
5 0.6731770833333333 0.44180555555555545 0.11232638888888881 0.1524999999999999
2 0.4839583333333334 0.5175833333333334 0.007500000000000047 0.013166666666666629
2 0.48975694444444445 0.5216666666666666 0.0125 0.01722222222222219
2 0.5033482142857142 0.5223809523809523 0.014880952380952312 0.017619047619047593
2 0.5126116071428571 0.5213690476190476 0.0109375 0.0175
2 0.5013541666666667 0.51025 0.020833333333333332 0.0075
2 0.39296875 0.5213888888888889 0.022743055555555537 0.02277777777777781
2 0.31015625 0.5020833333333333 0.028645833333333332 0.0175
2 0.2981770833333333 0.5070833333333333 0.05677083333333333 0.029166666666666667
