5 0.24973958333333332 0.5391666666666667 0.05677083333333333 0.09333333333333334
2 0.35703125 0.5658333333333333 0.07864583333333333 0.105
2 0.19635416666666666 0.5408333333333334 0.025 0.03666666666666667
2 0.17473958333333334 0.5429166666666667 0.0328125 0.0425
2 0.14192708333333334 0.5470833333333334 0.05364583333333333 0.0575
2 0.11380208333333333 0.5579166666666666 0.05260416666666667 0.0575
2 0.08125 0.56875 0.06041666666666667 0.0625
2 0.03802083333333333 0.5825 0.07604166666666666 0.07666666666666666
0 0.031510416666666666 0.5308333333333334 0.018229166666666668 0.03
0 0.0140625 0.535 0.013541666666666667 0.023333333333333334
2 0.21197916666666666 0.5379166666666667 0.015625 0.0275
2 0.32265625 0.55375 0.0203125 0.06583333333333333
2 0.3145833333333333 0.5516666666666666 0.020833333333333332 0.05333333333333334
0 0.41510416666666666 0.5570833333333334 0.020833333333333332 0.09583333333333334
0 0.5432291666666667 0.59125 0.041666666666666664 0.2025
0 0.67734375 0.6225 0.0546875 0.21666666666666667
0 0.6424479166666667 0.58875 0.0390625 0.21416666666666667
0 0.6807291666666667 0.6058333333333333 0.04583333333333333 0.195
0 0.7151041666666667 0.60625 0.0375 0.21583333333333332
6 0.1859375 0.09875 0.021875 0.09083333333333334
6 0.519345238095238 0.3752380952380952 0.022916666666666665 0.07809523809523805
2 0.9471354166666667 0.6108333333333333 0.10572916666666667 0.21333333333333335
0 0.7563541666666667 0.6046666666666667 0.044375000000000143 0.19600000000000004
0 0.7296875 0.5825 0.01875 0.145
2 0.30755208333333334 0.5404166666666667 0.0171875 0.035833333333333335
2 0.16770833333333332 0.5491666666666667 0.015625 0.03833333333333333
2 0.2955729166666667 0.535 0.008854166666666666 0.015
2 0.28125 0.54625 0.011458333333333333 0.0325
