2 0.15494791666666666 0.70125 0.3098958333333333 0.2758333333333333
2 0.9838541666666667 0.5254166666666666 0.03229166666666667 0.12916666666666668
2 0.30364583333333334 0.59875 0.1625 0.17583333333333334
2 0.43072916666666666 0.54375 0.04375 0.060833333333333336
2 0.4388020833333333 0.53375 0.0359375 0.04416666666666667
2 0.45651041666666664 0.5320833333333334 0.0140625 0.034166666666666665
2 0.46458333333333335 0.5304166666666666 0.015625 0.0325
2 0.5528645833333333 0.5133333333333333 0.013020833333333334 0.02
2 0.8614583333333333 0.46625 0.096875 0.0675
2 0.9505208333333334 0.4608333333333333 0.09479166666666666 0.06833333333333333
2 0.99140625 0.44083333333333335 0.0171875 0.04
2 0.7828125 0.47708333333333336 0.03229166666666667 0.029166666666666667
2 0.7515625 0.48 0.030208333333333334 0.02666666666666667
2 0.7234375 0.4841666666666667 0.027083333333333334 0.028333333333333332
2 0.525 0.5154166666666666 0.014583333333333334 0.019166666666666665
0 0.46953125 0.5166666666666667 0.005729166666666666 0.02
2 0.46901041666666665 0.5175 0.013020833333333334 0.016666666666666666
7 0.53828125 0.4920833333333333 0.0067708333333333336 0.0125
2 0.40598958333333335 0.5179166666666667 0.015104166666666667 0.014166666666666666
5 0.2265625 0.52125 0.0875 0.08583333333333333
2 0.8109375 0.4725 0.026041666666666668 0.03
2 0.9455729166666667 0.52375 0.0765625 0.0975
5 0.97265625 0.4109722222222222 0.0546875 0.05055555555555557
5 0.6926711309523809 0.41916666666666663 0.13638392857142848 0.1788095238095238
2 0.4817708333333333 0.51375 0.009375 0.014166666666666666
2 0.4875 0.5166666666666667 0.0125 0.018333333333333333
2 0.5018229166666667 0.5166666666666667 0.015104166666666667 0.02
2 0.5109002976190475 0.5156547619047619 0.0109375 0.0175
2 0.5005208333333333 0.5044166666666667 0.020833333333333332 0.0075
2 0.37786458333333334 0.5214880952380951 0.04025297619047616 0.032738095238095184
2 0.35770833333333335 0.51875 0.03895833333333331 0.028833333333333256
2 0.28302083333333333 0.4995833333333332 0.029791666666666692 0.014833333333333296
2 0.26414930555555555 0.5043055555555556 0.06336805555555554 0.027777777777777714
