5 0.294921875 0.5391666666666667 0.05546875 0.09166666666666666
2 0.4002604166666667 0.56375 0.07760416666666667 0.0975
2 0.24244791666666668 0.53875 0.024479166666666666 0.034166666666666665
2 0.22291666666666668 0.5416666666666666 0.03125 0.04
2 0.19375 0.5458333333333333 0.05 0.055
2 0.16640625 0.55625 0.050520833333333334 0.05416666666666667
2 0.13802083333333334 0.5683333333333334 0.05520833333333333 0.06
2 0.0828125 0.5845833333333333 0.10104166666666667 0.08416666666666667
0 0.08958333333333333 0.5304166666666666 0.016666666666666666 0.029166666666666667
0 0.07317708333333334 0.535 0.0109375 0.021666666666666667
2 0.25833333333333336 0.5379166666666667 0.016666666666666666 0.0275
2 0.36692708333333335 0.555 0.019270833333333334 0.07
2 0.35911458333333335 0.55 0.0203125 0.05333333333333334
0 0.4552083333333333 0.55875 0.017708333333333333 0.0925
0 0.5859375 0.59 0.042708333333333334 0.2
0 0.7171875 0.62125 0.057291666666666664 0.20916666666666667
0 0.6830729166666667 0.5895833333333333 0.0359375 0.2125
0 0.7205729166666667 0.6041666666666666 0.04114583333333333 0.19333333333333333
0 0.7546875 0.6079166666666667 0.036458333333333336 0.21083333333333334
6 0.00625 0.08458333333333333 0.0125 0.0925
6 0.24609375 0.12125 0.021354166666666667 0.08416666666666667
6 0.5613839285714286 0.38059523809523804 0.022916666666666665 0.07690476190476189
2 0.96796875 0.6266666666666667 0.0640625 0.19333333333333333
0 0.7963281249999999 0.6047916666666666 0.04494791666666664 0.19275000000000006
0 0.76875 0.5795833333333333 0.016666666666666666 0.1375
0 0.021875 0.5595833333333333 0.016666666666666666 0.0625
2 0.35208333333333336 0.5395833333333333 0.021875 0.035833333333333335
2 0.21640625 0.5470833333333334 0.015104166666666667 0.035833333333333335
0 0.017708333333333333 0.5595833333333333 0.01875 0.0675
2 0.33697916666666666 0.5354166666666667 0.009375 0.015833333333333335
2 0.32578125 0.5470833333333334 0.0078125 0.030833333333333334
