2 0.871875 0.7595833333333334 0.25625 0.48083333333333333
2 0.38723958333333336 0.5416666666666666 0.0421875 0.043333333333333335
2 0.56875 0.5341666666666667 0.041666666666666664 0.06
6 0.8013888888888888 0.36458333333333326 0.023958333333333335 0.07138888888888886
6 0.2677951388888889 0.4270833333333333 0.008854166666666666 0.036944444444444474
6 0.40208333333333335 0.3277380952380952 0.008333333333333333 0.03642857142857139
6 0.49661458333333336 0.33166666666666667 0.008333333333333333 0.03625
5 0.50625 0.533125 0.0890625 0.15041666666666667
2 0.5513541666666666 0.5126666666666667 0.004791666666666691 0.013666666666666648
2 0.40460069444444446 0.5341666666666667 0.028993055555555595 0.03833333333333333
2 0.41515625 0.5292500000000001 0.02802083333333331 0.03616666666666674
2 0.42747395833333335 0.524375 0.02890625 0.03875
2 0.44166666666666665 0.5228472222222222 0.0125 0.029027777777777715
2 0.45110677083333334 0.5214583333333334 0.012630208333333334 0.025833333333333333
2 0.45891927083333334 0.5227083333333333 0.008723958333333334 0.0225
2 0.8755208333333333 0.5533333333333333 0.14750000000000002 0.09099999999999994
1 0.10950520833333334 0.566875 0.05559895833333333 0.051875
0 0.34524739583333336 0.5314583333333334 0.013541666666666667 0.05625
0 0.33450520833333336 0.5327083333333333 0.0109375 0.05125
0 0.7412946428571429 0.5442261904761905 0.014732142857142824 0.08583333333333333
0 0.72802734375 0.54625 0.024544270833333333 0.09416666666666666
0 0.7104600694444444 0.544861111111111 0.017274305555555477 0.085
0 0.6903645833333333 0.535 0.02421875 0.095625
0 0.700390625 0.5472916666666666 0.022135416666666668 0.08541666666666667
0 0.6390625 0.5396527777777778 0.028125 0.09319444444444448
0 0.5965624999999999 0.5255 0.01229166666666662 0.0573333333333333
0 0.5886979166666667 0.523 0.010312500000000094 0.05100000000000004
6 0.6935416666666667 0.28529166666666667 0.01656249999999986 0.04974999999999994
6 0.641435185185185 0.43754629629629627 0.00960648148148143 0.036944444444444384
6 0.05746527777777778 0.42055555555555557 0.012847222222222225 0.04111111111111114
6 0.05416666666666667 0.35208333333333336 0.025 0.07416666666666667
