2 0.14609375 0.7195833333333334 0.2921875 0.3025
2 0.9971354166666667 0.5520833333333334 0.005729166666666666 0.07583333333333334
2 0.28958333333333336 0.5995833333333334 0.17708333333333334 0.1975
2 0.42942708333333335 0.5429166666666667 0.0453125 0.0625
2 0.43984375 0.5316666666666666 0.033854166666666664 0.04833333333333333
2 0.45625 0.5316666666666666 0.013541666666666667 0.035
2 0.4635416666666667 0.5291666666666667 0.017708333333333333 0.03166666666666667
2 0.55390625 0.5116666666666667 0.013020833333333334 0.02
2 0.8723958333333334 0.4625 0.10104166666666667 0.07
2 0.95625 0.4558333333333333 0.0875 0.065
2 0.9973958333333334 0.43916666666666665 0.005208333333333333 0.015
2 0.7859375 0.47375 0.03229166666666667 0.029166666666666667
2 0.75546875 0.4775 0.030729166666666665 0.028333333333333332
2 0.72890625 0.48291666666666666 0.0234375 0.029166666666666667
2 0.5252604166666667 0.5141666666666667 0.015104166666666667 0.018333333333333333
0 0.4674479166666667 0.515 0.005729166666666666 0.021666666666666667
2 0.46901041666666665 0.51625 0.013020833333333334 0.0175
7 0.53828125 0.49125 0.0067708333333333336 0.0125
2 0.4036458333333333 0.5170833333333333 0.015625 0.014166666666666666
5 0.21432291666666667 0.5208333333333334 0.09635416666666667 0.08666666666666667
2 0.8166666666666667 0.46958333333333335 0.030208333333333334 0.029166666666666667
2 0.95859375 0.525 0.0828125 0.11
5 0.9764322916666667 0.4075 0.047135416666666666 0.04833333333333333
5 0.6977306547619048 0.4141666666666666 0.1423363095238095 0.184047619047619
2 0.4817708333333333 0.5117499999999999 0.009375 0.014166666666666666
2 0.4871527777777778 0.515 0.0125 0.018333333333333333
2 0.5018229166666667 0.5152380952380952 0.015104166666666667 0.02
2 0.5111979166666667 0.51375 0.0109375 0.0175
2 0.5005208333333333 0.5030833333333333 0.020833333333333332 0.0075
2 0.37578125000000007 0.520297619047619 0.042633928571428586 0.033214285714285745
2 0.3553385416666667 0.5185416666666667 0.03984375 0.030416666666666668
2 0.32664930555555555 0.5094444444444444 0.03454861111111107 0.03
2 0.2770182291666667 0.49885416666666665 0.03216145833333333 0.015625
2 0.26171875 0.5025 0.058854166666666666 0.025833333333333333
