2 0.8541666666666666 0.7408333333333333 0.2916666666666667 0.4066666666666667
2 0.6986979166666667 0.6083333333333333 0.16510416666666666 0.19166666666666668
2 0.61640625 0.5754166666666667 0.07760416666666667 0.1275
2 0.5815104166666667 0.5583333333333333 0.0484375 0.09166666666666666
2 0.08984375 0.645 0.1796875 0.22166666666666668
2 0.22005208333333334 0.5954166666666667 0.13072916666666667 0.1075
2 0.3078125 0.5608333333333333 0.09166666666666666 0.095
2 0.42916666666666664 0.5358333333333334 0.027083333333333334 0.028333333333333332
2 0.5479166666666667 0.53 0.021875 0.04
0 0.8513454861111112 0.5147916666666666 0.04314236111111107 0.0634722222222222
0 0.8111979166666666 0.5295833333333333 0.034895833333333334 0.05583333333333333
6 0.6262276785714286 0.4554761904761905 0.0078125 0.02761904761904759
6 0.37296875 0.4689166666666667 0.005312500000000024 0.022833333333333313
6 0.44906994047619053 0.41148809523809526 0.0046875 0.020833333333333332
6 0.5023065476190476 0.41386904761904764 0.004315476190476157 0.021071428571428612
6 0.26484375 0.45916666666666667 0.0046875 0.021666666666666667
5 0.5042708333333333 0.5365833333333332 0.06645833333333329 0.12549999999999992
2 0.44036458333333334 0.5316666666666666 0.009895833333333333 0.025
2 0.4478298611111111 0.5294444444444444 0.009895833333333333 0.024444444444444477
2 0.4498139880952381 0.5261904761904761 0.02016369047619045 0.028095238095238055
2 0.45854166666666674 0.526 0.007500000000000047 0.023333333333333334
2 0.46432291666666664 0.5254166666666666 0.009895833333333333 0.020833333333333332
2 0.46796875 0.5258333333333334 0.0046875 0.015833333333333335
0 0.16432291666666668 0.5454166666666667 0.028645833333333332 0.07416666666666667
0 0.3914930555555555 0.5309722222222223 0.010416666666666666 0.038611111111111145
6 0.5996875 0.4034583333333333 0.010208333333333404 0.022416666666666696
6 0.5849247685185186 0.47421296296296295 0.005729166666666666 0.01805555555555562
6 0.32903645833333334 0.4528125 0.0046875 0.025625
