2 0.10807291666666667 0.8033333333333333 0.21614583333333334 0.3933333333333333
2 0.2674479166666667 0.6795833333333333 0.3078125 0.2708333333333333
2 0.43463541666666666 0.5070833333333333 0.0234375 0.025833333333333333
2 0.4778645833333333 0.5733333333333334 0.08489583333333334 0.09166666666666666
2 0.446875 0.5091666666666667 0.04583333333333333 0.03333333333333333
2 0.4578125 0.5091666666666667 0.042708333333333334 0.03166666666666667
2 0.4671874999999999 0.5025000000000001 0.030624999999999975 0.012666666666666705
2 0.50859375 0.5491666666666667 0.06614583333333333 0.09
2 0.46760416666666665 0.5109166666666668 0.02791666666666662 0.021166666666666743
2 0.5541666666666667 0.535 0.03333333333333333 0.045
2 0.56953125 0.5308333333333334 0.009895833333333333 0.02666666666666667
2 0.5784374999999999 0.5219166666666666 0.013541666666666667 0.0175
2 0.5747395833333333 0.5304166666666666 0.0109375 0.025833333333333333
0 0.5955729166666667 0.52125 0.0046875 0.019166666666666665
2 0.6087673611111112 0.5145833333333333 0.023784722222222263 0.015833333333333335
2 0.6263020833333334 0.52 0.015104166666666667 0.016666666666666666
2 0.5888020833333333 0.5154166666666666 0.009895833333333333 0.0125
2 0.6518229166666667 0.5191666666666667 0.015104166666666667 0.018333333333333333
2 0.6154947916666667 0.52125 0.0109375 0.016666666666666666
2 0.5931770833333334 0.5204166666666666 0.008854166666666666 0.016166666666666742
2 0.6059895833333334 0.521 0.01114583333333338 0.017000000000000074
5 0.7527777777777778 0.455 0.0875 0.12277777777777776
2 0.8041666666666667 0.4975 0.023958333333333335 0.023333333333333334
2 0.8315104166666667 0.49625 0.0265625 0.024166666666666666
2 0.8744791666666667 0.48875 0.06458333333333334 0.04583333333333333
2 0.9369791666666667 0.545 0.12604166666666666 0.135
2 0.9393229166666667 0.47541666666666665 0.05364583333333333 0.024166666666666666
2 0.9171875 0.5258333333333334 0.09583333333333334 0.06666666666666667
2 0.9682291666666667 0.4741666666666667 0.021875 0.013333333333333334
2 0.98828125 0.4683333333333333 0.0234375 0.025
7 0.6385416666666667 0.4997916666666667 0.0046875 0.010416666666666666
