2 0.27421875 0.69625 0.4984375 0.4675
2 0.54765625 0.6195833333333334 0.1734375 0.1825
2 0.6325520833333333 0.49625 0.022395833333333334 0.024166666666666666
2 0.6752604166666667 0.5575 0.07760416666666667 0.07833333333333334
2 0.6438541666666666 0.50025 0.03687499999999998 0.03283333333333331
2 0.6518229166666667 0.50125 0.04114583333333333 0.0325
2 0.6638541666666666 0.49366666666666664 0.026875000000000072 0.015
2 0.7041666666666667 0.53875 0.06145833333333333 0.0825
2 0.6630208333333333 0.4999166666666666 0.025416666666666643 0.020833333333333332
2 0.7473958333333334 0.5266666666666666 0.03125 0.041666666666666664
2 0.76640625 0.5233333333333333 0.009895833333333333 0.02666666666666667
2 0.7771874999999999 0.5133333333333333 0.014999999999999977 0.02
2 0.77265625 0.5220833333333333 0.0109375 0.024166666666666666
0 0.8018229166666667 0.51375 0.0046875 0.019166666666666665
2 0.8104166666666667 0.5041666666666667 0.023958333333333335 0.014166666666666666
2 0.8309895833333333 0.51375 0.016145833333333335 0.0175
2 0.7877604166666666 0.5079166666666667 0.009895833333333333 0.0125
2 0.8567708333333334 0.5129166666666667 0.014583333333333334 0.020833333333333332
2 0.8169270833333333 0.5141666666666667 0.0109375 0.016666666666666666
2 0.7948958333333334 0.51325 0.014583333333333334 0.0175
2 0.80890625 0.51225 0.0109375 0.017833333333333316
5 0.96171875 0.44708333333333333 0.0765625 0.1275
