2 0.14140625 0.7275 0.2828125 0.31166666666666665
2 0.2796875 0.6041666666666666 0.18958333333333333 0.20333333333333334
2 0.428125 0.5425 0.04583333333333333 0.06333333333333334
2 0.4390625 0.5316666666666666 0.034375 0.05
2 0.4549479166666667 0.5308333333333334 0.0140625 0.03666666666666667
2 0.4635416666666667 0.5283333333333333 0.016666666666666666 0.03333333333333333
2 0.55390625 0.5108333333333334 0.013020833333333334 0.02
2 0.8776041666666666 0.46041666666666664 0.103125 0.07083333333333333
2 0.9596354166666666 0.4529166666666667 0.08072916666666667 0.06583333333333333
2 0.7880208333333333 0.47208333333333335 0.03229166666666667 0.029166666666666667
2 0.75703125 0.47583333333333333 0.0296875 0.028333333333333332
2 0.7299479166666667 0.48083333333333333 0.022395833333333334 0.028333333333333332
2 0.5252604166666667 0.5129166666666667 0.015104166666666667 0.019166666666666665
0 0.4669270833333333 0.5141666666666667 0.005729166666666666 0.02
2 0.46875 0.515 0.0125 0.016666666666666666
7 0.53828125 0.4895833333333333 0.0067708333333333336 0.0125
2 0.40338541666666666 0.51625 0.015104166666666667 0.014166666666666666
5 0.20859375 0.5141666666666667 0.1015625 0.07333333333333333
2 0.8205729166666667 0.4675 0.033854166666666664 0.03
2 0.9619791666666667 0.5220833333333333 0.07604166666666666 0.11083333333333334
5 0.9784288194444445 0.4058333333333333 0.04314236111111107 0.047222222222222235
5 0.7002604166666667 0.4116666666666667 0.1453125 0.18666666666666668
2 0.48166666666666663 0.51125 0.009375 0.014166666666666666
2 0.4869791666666667 0.5141666666666667 0.0125 0.018333333333333333
2 0.5018229166666667 0.5145238095238095 0.015104166666666667 0.02
2 0.5110243055555556 0.51375 0.0109375 0.0175
2 0.5005208333333333 0.5024166666666667 0.020833333333333332 0.0075
2 0.37478298611111105 0.5202083333333334 0.04383680555555554 0.03347222222222219
2 0.3543836805555555 0.5184027777777778 0.04001736111111107 0.03125
2 0.32595486111111105 0.5122222222222222 0.03420138888888887 0.035
2 0.2741319444444444 0.49944444444444436 0.0347222222222222 0.01777777777777781
2 0.2599826388888889 0.5016666666666668 0.05399305555555554 0.024722222222222284
